=============
GeForce GTX 1660 Ti with Max-Q Design (Deferred worst case) (Deferred)
1920, 1080
Viewport maximized: true
Window fullscreen: true
Position: -38.8, 5, 0
Rotation: -0.0452803, -0.705655, -0.0452803, 0.705656
Seed: 143797312
Room count: 5
Light count: 9
Sun Jan 16 16:11:03 2022
0.0285946 99
0.0286354 99
0.0285475 99
0.0285471 99
0.0285281 99
0.0286924 99
0.0285237 99
0.0286477 99
0.027863 99
0.0285354 99
0.0287506 99
0.0286721 99
0.0286566 99
0.028769 99
0.0285702 99
0.0283546 99
0.028574 99
0.0287025 99
0.0286025 99
0.0284899 99
0.0280429 99
0.0286137 99
0.0286268 99
0.0285459 99
0.0286094 99
0.0286865 99
0.0282035 99
0.0287622 99
0.0285253 99
0.0286181 99
0.0285963 99
0.0286657 99
0.0286411 99
0.0285608 99
0.028689 99
0.0285783 99
0.0285256 99
0.0286354 99
0.0287047 99
0.028538 99
0.0285592 99
0.0287203 99
0.0286437 99
0.0286032 99
0.0287169 99
0.0286197 99
0.0285906 99
0.0288231 99
0.0286239 99
0.0286777 99
0.0285843 99
0.0286267 99
0.0285671 99
0.0285973 99
0.0283043 99
0.0287431 99
0.0284893 99
0.0287625 99
0.0283493 99
0.0287203 99
0.0285559 99
0.0282388 99
0.0286867 99
0.0284444 99
0.0286861 99
0.0285685 99
0.0286663 99
0.0282248 99
0.028601 99
0.0288232 99
0.0285428 99
0.0286841 99
0.028553 99
0.0286288 99
0.0286115 99
0.0285609 99
0.0287371 99
0.0285093 99
0.0285609 99
0.0286178 99
0.028605 99
0.0286885 99
0.0286158 99
0.0287128 99
0.028515 99
0.0287637 99
0.0290815 99
0.0283856 99
0.0287047 99
0.028611 99
0.0285375 99
0.028735 99
0.0285599 99
0.0287718 99
0.028611 99
0.0285776 99
0.0286418 99
0.0285406 99
0.0288108 99
0.0286219 99
0.0292924 99
0.028679 99
0.0277772 99
0.0288761 99
0.0285786 99
0.0286966 99
0.0286187 99
0.0285785 99
0.0279633 99
0.0286838 99
0.0286892 99
0.028665 99
0.0286355 99
0.0287103 99
0.0285897 99
0.0286806 99
0.0288228 99
0.028553 99
0.0286763 99
0.0286036 99
0.0287611 99
0.0286002 99
0.0283352 99
0.0286279 99
0.0287832 99
0.0285817 99
0.0287557 99
0.0277378 99
0.0287484 99
0.0283752 99
0.0288343 99
0.0286033 99
0.0286804 99
0.0285323 99
0.0284076 99
0.0287553 99
0.0285789 99
0.0277465 99
0.0286611 99
0.0285443 99
0.0287682 99
0.0286134 99
0.0286028 99
0.0278764 99
0.0286572 99
0.0287452 99
0.0286422 99
0.0286638 99
0.0285646 99
0.0284956 99
0.028601 99
0.02853 99
0.0287796 99
0.028631 99
0.0286195 99
0.0286091 99
0.0281095 99
0.0287914 99
0.0286132 99
0.0286086 99
0.0287158 99
0.0285079 99
0.028855 99
0.0284394 99
0.0286999 99
0.0286307 99
0.0285898 99
0.0286629 99
0.0279319 99
0.0287067 99
0.0285537 99
0.0286209 99
0.0287538 99
0.0285868 99
0.0283715 99
0.0285975 99
0.0285521 99
0.0286004 99
0.0285578 99
0.0287714 99
0.0282716 99
0.0286357 99
0.0286932 99
0.0285556 99
0.0287137 99
0.0286109 99
0.0287606 99
0.0285251 99
0.0286507 99
0.0288454 99
0.0287039 99
0.0286442 99
0.0287076 99
0.0285186 99
0.0287367 99
0.0284642 99
0.0287403 99
0.027718 99
0.0285345 99
0.0287386 99
0.0286428 99
0.0286989 99
0.0285552 99
0.0287387 99
0.0281583 99
0.028567 99
0.0287322 99
0.0286908 99
0.0286544 99
0.0288115 99
0.0277554 99
0.0288234 99
0.0286785 99
0.0287965 99
0.0286442 99
0.0288029 99
0.0280366 99
0.0286642 99
0.0287966 99
0.0286207 99
0.0285785 99
0.0292325 99
0.0286651 99
0.0285145 99
0.0286589 99
0.0285894 99
0.0286127 99
0.0289082 99
0.0287212 99
0.0286698 99
0.0286533 99
0.0287374 99
0.0289669 99
0.0284054 99
0.0285865 99
0.0286579 99
0.0286556 99
0.0285723 99
0.0286258 99
0.0285818 99
0.0286433 99
0.0285542 99
0.0286512 99
0.0287276 99
0.0284845 99
0.0280858 99
0.0286825 99
0.02866 99
0.0286067 99
0.0285948 99
0.0288048 99
0.0286196 99
0.0286403 99
0.0286353 99
0.028614 99
0.0287346 99
0.0277509 99
0.0286626 99
0.0285323 99
0.0285691 99
0.0287537 99
0.0286396 99
0.0277915 99
0.028725 99
0.0285951 99
0.0287389 99
0.0288189 99
0.0284623 99
0.028431 99
0.0285373 99
0.0285921 99
0.0285477 99
0.0287191 99
0.0285709 99
0.0284089 99
0.028882 99
0.0285941 99
0.028903 99
0.0287076 99
0.0286656 99
0.0286389 99
0.0286238 99
0.0292593 99
0.0286037 99
0.0289219 99
0.0288905 99
0.0285887 99
0.0279827 99
0.0286808 99
0.0287365 99
0.0286758 99
0.0286838 99
0.0284812 99
0.0286104 99
0.0285946 99
0.028591 99
0.0286702 99
0.0285965 99
0.0283368 99
0.0287564 99
0.0286395 99
0.0285927 99
0.0286819 99
0.0285313 99
0.0286343 99
0.0278897 99
0.0284741 99
0.0285783 99
0.0285748 99
0.028726 99
0.0285482 99
0.0286944 99
0.0285586 99
0.0285538 99
0.0289148 99
0.0283338 99
0.0288201 99
0.028337 99
0.0286393 99
0.0286836 99
0.0285887 99
0.0286839 99
0.0285813 99
0.0279187 99
0.028515 99
0.0286164 99
0.028696 99
0.0285104 99
0.0286571 99
0.0286122 99
0.0285211 99
0.0289038 99
0.0286092 99
0.0286806 99
0.0286078 99
0.0285623 99
0.0279734 99
0.0286 99
0.0287079 99
0.0286258 99
0.0285921 99
0.0278363 99
0.0286272 99
0.0286994 99
0.0285699 99
0.0285083 99
0.0287074 99
0.028293 99
0.0285804 99
0.0286549 99
0.028602 99
0.0286769 99
0.028503 99
0.0287102 99
0.0289408 99
0.0285352 99
0.028581 99
0.028502 99
0.028728 99
0.0285866 99
0.0287835 99
0.0285568 99
0.0287564 99
0.0286018 99
0.0286546 99
0.0285916 99
0.0283312 99
0.0287009 99
0.0286758 99
0.0285967 99
0.0287223 99
0.0286187 99
0.0286342 99
0.0286172 99
0.0285345 99
0.0286915 99
0.0286158 99
0.0285519 99
0.0286369 99
0.0288565 99
0.0286897 99
0.0285655 99
0.0287171 99
0.0285952 99
0.0286001 99
0.0287384 99
0.028633 99
0.0287606 99
0.0283723 99
0.0286356 99
0.0282178 99
0.0286091 99
0.0287459 99
0.028595 99
0.0286961 99
0.0285884 99
0.0287508 99
0.0286756 99
0.0286609 99
0.0286667 99
0.0286396 99
0.0287011 99
0.0279674 99
0.0286135 99
0.0287451 99
0.0286741 99
0.028584 99
0.028896 99
0.0286428 99
0.0284299 99
0.0288223 99
0.0284792 99
0.0286083 99
0.0285813 99
0.0289402 99
0.0286793 99
0.028655 99
0.0286276 99
0.0285907 99
0.0287213 99
0.0285355 99
0.0287706 99
0.0286234 99
0.0285628 99
0.0287343 99
0.0286157 99
0.028645 99
0.0285812 99
0.0286033 99
0.0288325 99
0.0285733 99
0.0286932 99
0.0278221 99
0.0286495 99
0.0286354 99
0.02869 99
0.0287691 99
0.0285608 99
0.0286143 99
0.0285944 99
0.0285418 99
0.0287391 99
0.0285575 99
0.0286904 99
0.0286285 99
0.0286209 99
0.0288194 99
0.0287246 99
0.028505 99
0.028738 99
0.0287751 99
0.0286901 99
0.0285566 99
0.0286766 99
0.0286102 99
0.0288563 99
0.0284998 99
0.0285738 99
0.0287378 99
0.0285782 99
0.0286365 99
0.028764 99
0.0285635 99
0.0286375 99
0.0286843 99
0.0286474 99
0.0285463 99
0.0287493 99
0.0283937 99
0.0285528 99
0.028657 99
0.0286327 99
0.0285662 99
0.0282985 99
0.0286312 99
0.0285568 99
0.0286931 99
0.0285661 99
0.0287579 99
0.0286358 99
0.0287589 99
0.0282842 99
0.0286581 99
0.0285832 99
0.028575 99
0.0287789 99
0.0285999 99
0.0289813 99
0.0287886 99
0.0283513 99
0.0285731 99
0.028627 99
0.0287521 99
0.0286835 99
0.0287538 99
0.0286843 99
0.0286162 99
0.028717 99
0.0286925 99
0.0283078 99
0.0285804 99
0.0285225 99
0.0287945 99
0.0287486 99
0.0281881 99
0.0286291 99
0.0286013 99
0.0287892 99
0.0285544 99
0.028683 99
0.0286899 99
0.0285496 99
0.0287694 99
0.0286696 99
0.0286704 99
0.0286416 99
0.0286101 99
0.0278832 99
0.0285036 99
0.0286806 99
0.0286829 99
0.0287086 99
0.0286004 99
0.0282252 99
0.0287493 99
0.0286955 99
0.0286644 99
0.028692 99
0.0285603 99
0.0288172 99
0.0284576 99
0.0286919 99
0.0286795 99
0.0286028 99
0.0287026 99
0.0286026 99
0.0287087 99
0.0286409 99
0.0285915 99
0.0286621 99
0.0284829 99
0.0289039 99
0.0287053 99
0.0285973 99
0.0285622 99
0.0285613 99
0.0287564 99
0.0282672 99
0.0288994 99
0.0284654 99
0.0284292 99
0.0288128 99
0.0286153 99
0.028661 99
0.0287687 99
0.0287638 99
0.0284648 99
0.0285976 99
0.0287119 99
0.0286197 99
0.0288545 99
0.0286372 99
0.0285254 99
0.0287953 99
0.0287039 99
0.0279018 99
0.0286795 99
0.0285729 99
0.0288188 99
0.0286344 99
0.0287922 99
0.028846 99
0.0283219 99
0.0288841 99
0.028543 99
0.0287435 99
0.0277999 99
0.0286712 99
0.0286737 99
0.0286402 99
0.0289458 99
0.0285511 99
0.0278623 99
0.0286523 99
0.0286803 99
0.0287212 99
0.0285619 99
0.0286315 99
0.0289451 99
0.0283195 99
0.0288294 99
0.028627 99
0.0286086 99
0.0285954 99
0.0285423 99
0.0288155 99
0.0286284 99
0.0286844 99
0.0278364 99
0.0286067 99
0.0286909 99
0.0286243 99
0.0287193 99
0.0286042 99
0.0286513 99
0.0286037 99
0.0285876 99
0.0287694 99
0.028836 99
0.0285821 99
0.0285966 99
0.0282371 99
0.0287903 99
0.0286669 99
0.0286195 99
0.0286313 99
0.0286734 99
0.0287229 99
0.028558 99
0.0287377 99
0.0287583 99
0.0284999 99
0.0278977 99
0.0285859 99
0.0286909 99
0.0286425 99
0.028634 99
0.0286396 99
0.0282574 99
0.0287472 99
0.0286656 99
0.0284866 99
0.0287835 99
0.0286972 99
0.0286506 99
0.0283432 99
0.0286523 99
0.0286908 99
0.0286292 99
0.0286607 99
0.0286958 99
0.0286427 99
0.0286629 99
0.028626 99
0.0287971 99
0.028586 99
0.0287201 99
0.0286858 99
0.0286217 99
0.0285662 99
0.0285788 99
0.0287731 99
0.0286258 99
0.0281837 99
0.0287394 99
0.0287036 99
0.0286804 99
0.0286251 99
0.0287255 99
0.0282165 99
0.0285783 99
0.0287775 99
0.028645 99
0.0288137 99
0.0284435 99
0.0282572 99
0.0287954 99
0.0285253 99
0.0285665 99
0.028506 99
0.0283134 99
0.0289819 99
0.0286971 99
0.0287193 99
0.0287301 99
0.0286258 99
0.0287827 99
0.0285668 99
0.0283608 99
0.0286436 99
0.0285958 99
0.0287714 99
0.0286143 99
0.0282793 99
0.0287391 99
0.0286456 99
0.0287693 99
0.028557 99
0.0288054 99
0.0286123 99
0.0285926 99
0.0285445 99
0.0286771 99
0.0287293 99
0.0282934 99
0.0287639 99
0.0285736 99
0.0285929 99
0.0287671 99
0.0285982 99
0.0285833 99
0.0287147 99
0.0284604 99
0.0287894 99
0.0285764 99
0.0286941 99
0.0286762 99
0.0281999 99
0.0288369 99
0.0285561 99
0.028778 99
0.0286267 99
0.0286415 99
0.0285542 99
0.0286928 99
0.0287754 99
0.0286015 99
0.0287134 99
0.0285658 99
0.0285484 99
0.0287923 99
0.0290088 99
0.028771 99
0.0287604 99
0.0285501 99
0.0287124 99
0.0285849 99
0.0287746 99
0.0287126 99
0.0284072 99
0.0287168 99
0.028583 99
0.0279822 99
0.0284658 99
0.0286065 99
0.0288699 99
0.0273568 99
0.0276584 99
0.0274724 99
0.027655 99
0.0276149 99
0.0275047 99
0.0277272 99
0.0275108 99
0.0275121 99
0.0274337 99
0.0276302 99
0.0362258 99
0.0199787 99
0.0264527 99
0.0276859 99
0.0277395 99
0.0275093 99
0.0274473 99
0.0281198 99
0.0286049 99
0.0286739 99
0.0287172 99
0.0286485 99
0.0285952 99
0.0289161 99
0.0286415 99
0.0286479 99
0.0284861 99
0.0286617 99
0.0278416 99
0.0286133 99
0.0287084 99
0.0286925 99
0.0286399 99
0.0285113 99
0.0290154 99
0.0284133 99
0.0286791 99
0.028577 99
0.0286951 99
0.0277577 99
0.0287169 99
0.0286464 99
0.0285605 99
0.0284376 99
0.0288049 99
0.0286533 99
0.0287408 99
0.0287693 99
0.0285773 99
0.0287638 99
0.0286693 99
0.0287769 99
0.0287618 99
0.0285157 99
0.0287519 99
0.0282127 99
0.0287455 99
0.0287349 99
0.0286319 99
0.0286221 99
0.0286111 99
0.0289383 99
0.0286603 99
0.0285675 99
0.0287649 99
0.0284792 99
0.0288832 99
0.0283706 99
0.0288421 99
0.0287223 99
0.0285337 99
0.0287151 99
0.0287863 99
0.0285597 99
0.0287227 99
0.0286604 99
0.0287472 99
0.0280672 99
0.028889 99
0.0285496 99
0.0288524 99
0.0286501 99
0.0287958 99
0.0278406 99
0.028759 99
0.0286168 99
0.0287626 99
0.0286146 99
0.0287077 99
0.028812 99
0.0285599 99
0.0286228 99
0.0285613 99
0.0286881 99
0.0285104 99
0.0283436 99
0.0287749 99
0.0285739 99
0.028785 99
0.0284592 99
0.0287244 99
0.027905 99
0.0287573 99
0.0287593 99
0.0284386 99
0.028883 99
0.0285326 99
0.0289361 99
0.028473 99
0.0287144 99
0.0286427 99
0.0284798 99
0.0289369 99
0.028658 99
0.0286021 99
0.0287593 99
0.0285301 99
0.0280631 99
0.0285 99
0.0287692 99
0.0287347 99
0.0286245 99
0.0287068 99
0.0287718 99
0.0287237 99
0.0285733 99
0.0288477 99
0.0285117 99
0.0286545 99
0.0288239 99
0.0285208 99
0.0287936 99
0.0286903 99
0.0286332 99
0.0287813 99
0.0284883 99
0.0289147 99
0.0284085 99
0.0289 99
0.0287601 99
0.0283524 99
0.0287232 99
0.0286965 99
0.028444 99
0.0287574 99
0.0288459 99
0.0287949 99
0.0287491 99
0.028699 99
0.0286891 99
0.028644 99
0.0286392 99
0.0285962 99
0.028728 99
0.0286575 99
0.0285986 99
0.0287189 99
0.0285845 99
0.0289006 99
0.0285416 99
0.0287389 99
0.0285121 99
0.028376 99
0.0286575 99
0.0287214 99
0.0287053 99
0.0287491 99
0.02851 99
0.0280636 99
0.0284855 99
0.028901 99
0.0285385 99
0.0287755 99
0.0279435 99
0.0285522 99
0.0288403 99
0.0285445 99
0.0288909 99
0.0285559 99
0.0285476 99
0.0287646 99
0.0286328 99
0.0285713 99
0.0287351 99
0.0286251 99
0.0287532 99
0.0286578 99
0.0287875 99
0.0285234 99
0.0286526 99
0.0288085 99
0.0286048 99
0.0287395 99
0.0284898 99
0.028775 99
0.0285131 99
0.0286937 99
0.0288465 99
0.0286096 99
0.0287757 99
0.028822 99
0.0275265 99
0.0288252 99
0.0286021 99
0.0288466 99
0.0286407 99
0.0285445 99
0.0289272 99
0.0285196 99
0.028821 99
0.0286145 99
0.0287642 99
0.0286651 99
0.0285957 99
0.0288548 99
0.0284792 99
0.0287324 99
0.0286314 99
0.028659 99
0.0287337 99
0.0287323 99
0.0286599 99
0.0287786 99
0.0284616 99
0.0288427 99
0.0284943 99
0.0288127 99
0.0285352 99
0.028724 99
0.028744 99
0.0287411 99
0.0287962 99
0.0287507 99
0.0286434 99
0.0286322 99
0.0285654 99
0.0289427 99
0.028563 99
0.0287631 99
0.0286873 99
0.0277551 99
0.0289071 99
0.0285099 99
0.028878 99
0.0286732 99
0.0283233 99
0.0285642 99
0.0289199 99
0.0285835 99
0.0287025 99
0.0286951 99
0.0282916 99
0.0285722 99
0.0287902 99
0.0286017 99
0.0288598 99
0.0286254 99
0.0288671 99
0.0288475 99
0.0284678 99
0.0288324 99
0.0285679 99
0.0288048 99
0.0285792 99
0.028652 99
0.0288575 99
0.0286722 99
0.0286092 99
0.0287428 99
0.0285152 99
0.0289484 99
0.0286225 99
0.0288161 99
0.0286001 99
0.0285554 99
0.0283671 99
0.0287042 99
0.0287219 99
0.0285966 99
0.0279728 99
0.0287485 99
0.0286069 99
0.0289337 99
0.0285408 99
0.028917 99
0.028129 99
0.0286217 99
0.0287471 99
0.0287347 99
0.0288044 99
0.0282553 99
0.0286079 99
0.028853 99
0.0286293 99
0.0288965 99
0.0286908 99
0.0286395 99
0.0285375 99
0.0287506 99
0.0287143 99
0.0287952 99
0.0288192 99
0.0287625 99
0.028538 99
0.0287743 99
0.0285237 99
0.0288335 99
0.0285835 99
0.0287167 99
0.028625 99
0.0287526 99
0.0286617 99
0.0288062 99
0.0285587 99
0.028723 99
0.0286629 99
0.028852 99
0.0285793 99
0.028866 99
0.0285688 99
0.0287202 99
0.0286325 99
0.028668 99
0.0286254 99
0.0287481 99
0.0286176 99
0.0287944 99
0.0285131 99
0.0288599 99
0.0288037 99
0.028725 99
0.0288393 99
0.0286134 99
0.0286758 99
0.0285779 99
0.0288652 99
0.028645 99
0.0287112 99
0.0287944 99
0.0281688 99
0.0288448 99
0.0286215 99
0.0287639 99
0.0289193 99
0.0286295 99
0.0286681 99
0.0287317 99
0.028629 99
0.0287959 99
0.0285545 99
0.0287659 99
0.0284763 99
0.0289076 99
0.028574 99
0.028797 99
0.0278794 99
0.0285935 99
0.0290127 99
0.0285399 99
0.0288558 99
0.028575 99
0.027794 99
0.0285769 99
0.0288091 99
0.0286483 99
0.0287383 99
0.0283718 99
0.0286673 99
0.0284979 99
0.0288529 99
0.0286873 99
0.0287546 99
0.0282604 99
0.0287951 99
0.0285842 99
0.0287912 99
0.028738 99
0.0288845 99
0.0284686 99
0.0286856 99
0.0287303 99
0.0286084 99
0.0288188 99
0.0277636 99
0.0288308 99
0.028418 99
0.0288622 99
0.0287575 99
0.0286424 99
0.0281268 99
0.0285301 99
0.0288983 99
0.0285515 99
0.0287433 99
0.0283453 99
0.0286356 99
0.0288905 99
0.0287203 99
0.0286925 99
0.0287816 99
0.0283878 99
0.0286357 99
0.0287858 99
0.028683 99
0.0287934 99
0.0286828 99
0.0287839 99
0.0285184 99
0.0288101 99
0.0287311 99
0.0286954 99
0.0287335 99
0.0283786 99
0.0286475 99
0.0287771 99
0.0286332 99
0.0287655 99
0.028631 99
0.0288877 99
0.028541 99
0.0286843 99
0.0288004 99
0.0285599 99
0.0287449 99
0.0278376 99
0.0287363 99
0.0287876 99
0.0285882 99
0.0287125 99
0.0282643 99
0.0289423 99
0.0284945 99
0.0289636 99
0.0287288 99
0.0285082 99
0.0287407 99
0.0286233 99
0.028651 99
0.0287436 99
0.0277266 99
0.0288196 99
0.0285448 99
0.0289376 99
0.0285665 99
0.0288497 99
0.0278647 99
0.0287074 99
0.0288623 99
0.028669 99
0.0286376 99
0.0285927 99
0.028923 99
0.0285342 99
0.0286712 99
0.0288439 99
0.0286926 99
0.0285099 99
0.0286681 99
0.0287575 99
0.0286752 99
0.0288323 99
0.0284718 99
0.0287081 99
0.0285605 99
0.0291574 99
0.0284993 99
0.0288734 99
0.0286323 99
0.0286064 99
0.0280434 99
0.0285014 99
0.0288116 99
0.0288491 99
0.0286138 99
0.028454 99
0.0284797 99
0.0289774 99
0.0285547 99
0.0287672 99
0.0288023 99
0.0281702 99
0.0290425 99
0.0284206 99
0.0287727 99
0.0288098 99
0.028492 99
0.0289519 99
0.028617 99
0.0288176 99
0.0286014 99
0.0288032 99
0.0278619 99
0.0285105 99
0.028838 99
0.0286198 99
0.0285836 99
0.0283801 99
0.0285321 99
0.0287456 99
0.0288315 99
0.0285956 99
0.0281456 99
0.0286489 99
0.0286598 99
0.0286928 99
0.0288229 99
0.0286048 99
0.0287272 99
0.028898 99
0.0285527 99
0.0287672 99
0.0287808 99
0.028251 99
0.0286787 99
0.0286435 99
0.0287702 99
0.0286758 99
0.0278655 99
0.0289662 99
0.0285449 99
0.0290571 99
0.0285302 99
0.0278857 99
0.0286989 99
0.0285193 99
0.0287832 99
0.0287391 99
0.0288485 99
0.02869 99
0.0286801 99
0.0286046 99
0.0286017 99
0.0284483 99
0.0285012 99
0.0287576 99
0.0287986 99
0.0284578 99
0.029208 99
0.0284927 99
0.0288015 99
0.0286457 99
0.0287016 99
0.0286039 99
0.028665 99
0.0287702 99
0.028729 99
0.0285871 99
0.0286172 99
0.0287 99
0.0286806 99
0.0286565 99
0.0287931 99
0.0286471 99
0.0283718 99
0.0288421 99
0.0286505 99
0.0288741 99
0.0284561 99
0.0286905 99
0.0290105 99
0.0284318 99
0.0287745 99
0.0289579 99
0.0274078 99
0.0274806 99
0.0275424 99
0.0275753 99
0.0275156 99
0.0276844 99
0.0276188 99
0.0277505 99
0.0275999 99
0.0277103 99
0.0274642 99
0.0278618 99
0.0286776 99
0.0286488 99
0.0284914 99
0.028573 99
0.028755 99
0.0287601 99
0.0285234 99
0.0288091 99
0.0286891 99
0.0288479 99
0.0286588 99
0.0286265 99
0.028872 99
0.0285044 99
0.0288409 99
0.0282441 99
0.0286047 99
0.0288198 99
0.0284896 99
0.0288132 99
0.0288236 99
0.0278481 99
0.0287358 99
0.0290013 99
0.0284807 99
0.028722 99
0.028825 99
0.028517 99
0.0287454 99
0.0287674 99
0.028788 99
0.0288359 99
0.0287114 99
0.0285262 99
0.028912 99
0.028548 99
0.0288625 99
0.0286602 99
0.0286773 99
0.0278501 99
0.0285207 99
0.0289256 99
0.0286235 99
0.0287645 99
0.0287548 99
0.0287039 99
0.0286124 99
0.0288007 99
0.0286019 99
0.0286887 99
0.0287183 99
0.0291086 99
0.0284013 99
0.0288257 99
0.0285533 99
0.0287647 99
0.0277799 99
0.0285445 99
0.0288257 99
0.028774 99
0.0287996 99
0.0278194 99
0.0286662 99
0.0287924 99
0.0287301 99
0.0288141 99
0.0287418 99
0.028588 99
0.0287893 99
0.0285352 99
0.0288001 99
0.0288246 99
0.028265 99
0.0286045 99
0.0286487 99
0.0290184 99
0.0285325 99
0.0280834 99
0.0287591 99
0.0286178 99
0.0290177 99
0.0285379 99
0.0294482 99
0.0286493 99
0.0285585 99
0.0285844 99
0.0287554 99
0.0286788 99
0.0285846 99
0.0283523 99
0.0287329 99
0.0285325 99
0.0288914 99
0.0286086 99
0.02872 99
0.0287219 99
0.0285795 99
0.0288603 99
0.0286936 99
0.0286636 99
0.0287111 99
0.0284777 99
0.028467 99
0.0286178 99
0.0288207 99
0.0285852 99
0.0286988 99
0.0283086 99
0.0287676 99
0.0286057 99
0.0287494 99
0.0287225 99
0.0286955 99
0.0283222 99
0.0289331 99
0.028594 99
0.0288619 99
0.0285793 99
0.0286765 99
0.0289577 99
0.0285951 99
0.0287362 99
0.028721 99
0.0286026 99
0.0280263 99
0.0287022 99
0.0287526 99
0.0287262 99
0.0288098 99
0.0287553 99
0.0285274 99
0.0287084 99
0.0287895 99
0.0288552 99
0.0288173 99
0.0284831 99
0.0287689 99
0.0286706 99
0.0288289 99
0.0286648 99
0.0287232 99
0.0287548 99
0.0285474 99
0.0289513 99
0.0285568 99
0.028923 99
0.0287314 99
0.0285643 99
0.0286376 99
0.0285326 99
0.0280933 99
0.0287699 99
0.0288911 99
0.028499 99
0.0287027 99
0.0290065 99
0.0287609 99
0.028835 99
0.0288685 99
0.0284046 99
0.0289333 99
0.0287063 99
0.0288181 99
0.0284731 99
0.02866 99
0.0287976 99
0.0287018 99
0.0295589 99
0.0285899 99
0.0289175 99
0.0286182 99
0.0284654 99
0.0287951 99
0.0278556 99
0.0286613 99
0.0287371 99
0.0286414 99
0.0291126 99
0.0284147 99
0.0284885 99
0.0288089 99
0.0285918 99
0.0287752 99
0.0285656 99
0.0280293 99
0.0288179 99
0.0286697 99
0.0286996 99
0.0289107 99
0.0286884 99
0.0286857 99
0.0287392 99
0.0286011 99
0.0286231 99
0.028997 99
0.0285326 99
0.0288951 99
0.0287646 99
0.0285458 99
0.0286786 99
0.0285811 99
0.0288513 99
0.0277757 99
0.0285899 99
0.0288912 99
0.0285882 99
0.0289491 99
0.0282076 99
0.0288391 99
0.0287536 99
0.0285998 99
0.0287432 99
0.0286173 99
0.0284886 99
0.028682 99
0.0286941 99
0.0286995 99
0.0285822 99
0.0287635 99
0.0287548 99
0.0286867 99
0.0286857 99
0.0287321 99
0.0287943 99
0.028765 99
0.028697 99
0.0286975 99
0.0286993 99
0.0286693 99
0.0279557 99
0.0288236 99
0.0286134 99
0.0287546 99
0.0287495 99
0.0287533 99
0.0290183 99
0.0286672 99
0.0288026 99
0.0285503 99
0.0286127 99
0.0291792 99
0.0287619 99
0.028684 99
0.0288911 99
0.0285618 99
0.0288956 99
0.0285412 99
0.0288546 99
0.0288282 99
0.0285415 99
0.0288748 99
0.0286103 99
0.028889 99
0.028555 99
0.0287708 99
0.0288037 99
0.0287815 99
0.028786 99
0.0284535 99
0.0288279 99
0.0286433 99
0.028841 99
0.0286088 99
0.0285992 99
0.028919 99
0.0286035 99
0.0287172 99
0.0290479 99
0.0286 99
0.0287471 99
0.0287408 99
0.0285928 99
0.0288004 99
0.0285499 99
0.0288748 99
0.0287183 99
0.0289253 99
0.0285487 99
0.0279906 99
0.0288595 99
0.0285852 99
0.0290397 99
0.0285846 99
0.0287458 99
0.028679 99
0.0287245 99
0.0287713 99
0.0286377 99
0.0288576 99
0.028291 99
0.0287094 99
0.0288335 99
0.0285858 99
0.0286922 99
0.027975 99
0.0291422 99
0.0286634 99
0.0288121 99
0.0288277 99
0.0286531 99
0.0286809 99
0.0283513 99
0.0286266 99
0.0289403 99
0.0286715 99
0.028719 99
0.0287825 99
0.0289211 99
0.0287542 99
0.0287027 99
0.0286985 99
0.028747 99
0.0287921 99
0.0286036 99
0.0286401 99
0.0288738 99
0.0286293 99
0.0287542 99
0.0284452 99
0.028573 99
0.0288268 99
0.0288674 99
0.0285667 99
0.0288662 99
0.0287608 99
0.0285269 99
0.0288114 99
0.0286914 99
0.0289592 99
0.0287056 99
0.0288055 99
0.0285515 99
0.0288436 99
0.0287835 99
0.0287003 99
0.0286861 99
0.028513 99
0.0288194 99
0.0288032 99
0.0285709 99
0.0287032 99
0.0287916 99
0.028843 99
0.0277679 99
0.0287714 99
0.0288884 99
0.0286559 99
0.0286787 99
0.0287464 99
0.0288159 99
0.0286732 99
0.0284238 99
0.0285986 99
0.0286501 99
0.0289439 99
0.0286868 99
0.0278145 99
0.0288619 99
0.0286319 99
0.0287192 99
0.0289631 99
0.0287537 99
0.0286926 99
0.0288114 99
0.0285426 99
0.0286534 99
0.0289448 99
0.027897 99
0.0287395 99
0.0288423 99
0.0285568 99
0.0288473 99
0.0280416 99
0.0286006 99
0.0286788 99
0.0287403 99
0.0287115 99
0.0285827 99
0.0288792 99
0.0285197 99
0.0287133 99
0.0288353 99
0.0284946 99
0.0288894 99
0.0287332 99
0.028682 99
0.0286504 99
0.0287954 99
0.0287901 99
0.0285361 99
0.0288358 99
0.0286028 99
0.0286467 99
0.028159 99
0.0285047 99
0.0288081 99
0.0287879 99
0.0286478 99
0.027995 99
0.0288565 99
0.028751 99
0.0287144 99
0.0288111 99
0.0276876 99
0.0286205 99
0.0291488 99
0.0286151 99
0.0287035 99
0.0278726 99
0.0285812 99
0.0288683 99
0.0287668 99
0.0287028 99
0.0286754 99
0.028424 99
0.0286275 99
0.0285412 99
0.0289203 99
0.028669 99
0.028754 99
0.0287791 99
0.0286331 99
0.0288211 99
0.0287539 99
0.0287244 99
0.028695 99
0.0284416 99
0.0286158 99
0.0286583 99
0.0288789 99
0.0286801 99
0.0286729 99
0.0292017 99
0.0284108 99
0.0288669 99
0.0287454 99
0.0286273 99
0.0287604 99
0.0279523 99
0.0288935 99
0.0286577 99
0.0289163 99
0.028543 99
0.0286156 99
0.0287973 99
0.0285879 99
0.0288149 99
0.028874 99
0.028637 99
0.0276997 99
0.0289802 99
0.0285178 99
0.0285905 99
0.0288789 99
0.0277372 99
0.028656 99
0.0289293 99
0.028619 99
0.028803 99
0.0287669 99
0.0286789 99
0.0287489 99
0.0287742 99
0.0287043 99
0.0285377 99
0.0286983 99
0.0289051 99
0.0286053 99
0.0288872 99
0.0285678 99
0.02866 99
0.0287253 99
0.028568 99
0.0287685 99
0.0287368 99
0.0287137 99
0.0287645 99
0.0287684 99
0.028574 99
0.0288627 99
0.028998 99
0.0285225 99
0.0279687 99
0.0289415 99
0.02835 99
0.0289122 99
0.0288125 99
0.027873 99
0.0287303 99
0.0287864 99
0.0288125 99
0.0286427 99
0.028863 99
0.0287636 99
0.0286262 99
0.0287652 99
0.0284918 99
0.0288647 99
0.0288248 99
0.0287105 99
0.0286429 99
0.0287881 99
0.0287843 99
0.0286423 99
0.028038 99
0.0287454 99
0.0287063 99
0.0288985 99
0.0286061 99
0.0289592 99
0.0288267 99
0.0285978 99
0.0286502 99
0.0288877 99
0.027886 99
0.0286288 99
0.0288173 99
0.0287186 99
0.0286191 99
0.0280115 99
0.0287607 99
0.0287553 99
0.028668 99
0.0285535 99
0.0288134 99
0.0284149 99
0.0287837 99
0.0286625 99
0.0286866 99
0.0286992 99
0.0287515 99
0.0288809 99
0.0286073 99
0.0286833 99
0.0287888 99
0.0285442 99
0.0280903 99
0.028755 99
0.0286887 99
0.028737 99
0.0287281 99
0.0279516 99
0.028631 99
0.0288667 99
0.0285721 99
0.0286209 99
0.0286359 99
0.0286259 99
0.0287889 99
0.0288053 99
0.0284764 99
0.0280445 99
0.0288135 99
0.0286948 99
0.02881 99
0.0288132 99
0.0288054 99
0.0287014 99
0.0289208 99
0.0285506 99
0.0286637 99
0.0286872 99
0.0286246 99
0.0288121 99
0.0287581 99
0.0288001 99
0.0287869 99
0.0287663 99
0.0286161 99
0.0286262 99
0.0289792 99
0.0285897 99
0.0289002 99
0.0286696 99
0.0285473 99
0.0288375 99
0.0287651 99
0.0288791 99
0.0287372 99
0.0286463 99
0.0287961 99
0.0287074 99
0.0284475 99
0.0287372 99
0.0286489 99
0.0287779 99
0.0286306 99
0.0280969 99
0.0288414 99
0.0286768 99
0.0286731 99
0.0287392 99
0.0280082 99
0.0287976 99
0.0287109 99
0.0288273 99
0.0286045 99
0.0291475 99
0.0286504 99
0.0288963 99
0.0286343 99
0.0286633 99
0.0277923 99
0.028921 99
0.0286453 99
0.0286936 99
0.0289292 99
0.0285133 99
0.0286155 99
0.0289187 99
0.0285916 99
0.0288316 99
0.0288219 99
0.028873 99
0.0287446 99
0.0287457 99
0.0287894 99
0.0286375 99
0.0279531 99
0.0287363 99
0.0287778 99
0.0288848 99
0.0286018 99
0.028901 99
0.0288818 99
0.0283889 99
0.0288065 99
0.0287629 99
0.0279501 99
0.0287092 99
0.0287477 99
0.0287542 99
0.0287077 99
0.0291756 99
0.028591 99
0.0287778 99
0.0287975 99
0.0286882 99
0.0288682 99
0.0287846 99
0.0287491 99
0.0287373 99
0.02867 99
0.0287716 99
0.0285935 99
0.0289185 99
0.0286467 99
0.0288158 99
0.0287268 99
0.0285923 99
0.0289005 99
0.0287179 99
0.0287243 99
0.0286406 99
0.0290235 99
0.0287857 99
0.0285856 99
0.0287685 99
0.0286809 99
0.0287574 99
0.0285016 99
0.0285555 99
0.0288502 99
0.0287165 99
0.0287245 99
0.0288032 99
0.0287762 99
0.0287379 99
0.0286721 99
0.0290149 99
0.0285588 99
0.0280135 99
0.028872 99
0.029071 99
0.0284714 99
0.0286595 99
0.0287256 99
0.0283681 99
0.0289123 99
0.0287882 99
0.0286169 99
0.0288833 99
0.0286349 99
0.0280089 99
0.0288561 99
0.0285983 99
0.0287873 99
0.0287833 99
0.0279683 99
0.0287307 99
0.0288085 99
0.0287338 99
0.0287202 99
0.0287185 99
0.0280239 99
0.0287674 99
0.0290292 99
0.0286201 99
0.0310888 99
0.027848 99
0.026502 99
0.0290531 99
0.0287745 99
0.0288127 99
0.0285714 99
0.0287435 99
0.0287134 99
0.0287899 99
0.0289225 99
0.028617 99
0.0286013 99
0.0290409 99
0.0278303 99
0.0288407 99
0.0287662 99
0.028131 99
0.0285284 99
0.0287902 99
0.0287478 99
0.0287745 99
0.0280382 99
0.0287404 99
0.0292434 99
0.028206 99
0.0286597 99
0.0280453 99
0.0288122 99
0.0286092 99
0.028771 99
0.0286941 99
0.0279488 99
0.0287128 99
0.0288554 99
0.0286783 99
0.0286448 99
0.0289475 99
0.0286387 99
0.0288864 99
0.0287944 99
0.0285359 99
0.028862 99
0.0284454 99
0.0287728 99
0.0286588 99
0.0299374 99
0.0289981 99
0.0285452 99
0.0279737 99
0.0286324 99
0.0287062 99
0.0287599 99
0.0285994 99
0.028826 99
0.0287872 99
0.0287416 99
0.0286411 99
0.0289213 99
0.0285526 99
0.0286597 99
0.0282894 99
0.0287295 99
0.0288402 99
0.028842 99
0.028473 99
0.0288768 99
0.0287065 99
0.0288489 99
0.0289502 99
0.029148 99
0.0281658 99
0.0285707 99
0.0290355 99
0.0286314 99
0.0288799 99
0.0289885 99
0.0286317 99
0.0277525 99
0.0287918 99
0.0286986 99
0.028726 99
0.0287477 99
0.0298632 99
0.0282805 99
0.0283274 99
0.0288363 99
0.0289194 99
0.0289237 99
0.0287144 99
0.028363 99
0.0287512 99
0.029897 99
0.0284071 99
0.0285141 99
0.028199 99
0.028631 99
0.0289461 99
0.028683 99
0.0299414 99
0.0276078 99
0.0283661 99
0.0289399 99
0.0286508 99
0.0287378 99
0.0288172 99
0.0286596 99
0.0289103 99
0.0287055 99
0.0297874 99
0.0277214 99
0.0289557 99
0.0287029 99
0.0286046 99
0.0288261 99
0.0287611 99
0.0287282 99
0.0287456 99
0.0293085 99
0.0286667 99
0.0284864 99
0.0319616 99
0.0287087 99
0.0273097 99
0.0257997 99
0.0267657 99
0.0272061 99
0.0273037 99
0.0279497 99
0.0274764 99
0.0280854 99
0.0282336 99
0.0269723 99
0.0302511 99
0.0296649 99
0.0277942 99
0.0270756 99
0.027785 99
0.0276674 99
0.027036 99
0.027676 99
0.0274398 99
0.0265906 99
0.0279038 99
0.0277162 99
0.0265319 99
0.0271883 99
0.0268752 99
0.028677 99
0.0276855 99
0.0272552 99
0.0278638 99
0.027747 99
0.027049 99
0.0292969 99
0.0288456 99
0.0296743 99
0.0300316 99
0.0316244 99
0.0268231 99
0.0284898 99
0.0295047 99
0.029684 99
0.0285224 99
0.0281656 99
0.0274045 99
0.0280406 99
0.0280521 99
0.027042 99
0.0283725 99
0.0290602 99
0.0274486 99
0.028283 99
0.0278933 99
0.0270188 99
0.0291139 99
0.0274859 99
0.0269963 99
0.0281001 99
0.0279228 99
0.0271889 98
0.0276615 98
0.0274627 98
0.0273382 98
0.0282255 98
0.0275093 98
0.0274543 98
0.0281168 98
0.0274349 98
0.0273437 98
0.0296842 98
0.0294087 98
0.0282782 98
0.0288328 98
0.0291421 98
0.0273706 98
0.0273859 98
0.0277777 98
0.0278666 98
0.028412 98
0.0280063 98
0.0278664 98
0.0275782 98
0.0283048 98
0.0284401 98
0.0294684 98
0.0288083 98
0.0281747 98
0.0312715 98
0.0296555 98
0.0281908 98
0.0294654 98
0.0295299 98
0.0275838 98
0.0278426 98
0.0279688 98
0.0279913 97
0.0280019 97
0.0283978 97
0.0273758 97
0.0280723 97
0.0292366 97
0.0303484 97
0.0293299 97
0.0290561 97
0.0293434 97
0.0303343 97
0.029134 97
0.0302073 97
0.0274011 97
0.0292275 97
0.0273628 97
0.0279249 97
0.0294681 97
0.0281064 97
0.0281704 97
0.0289736 97
0.0284548 97
0.0291895 97
0.0291804 97
0.0306632 97
0.0291511 97
0.0289086 97
0.0282956 97
0.0306894 97
0.0284212 97
0.0277953 97
0.0292713 97
0.0297264 97
0.0299112 97
0.0280762 97
0.0295942 96
0.0279767 96
0.0316943 96
0.0292987 96
0.0288217 96
0.0302344 96
0.0284373 96
0.028101 96
0.0309227 96
0.0315511 96
0.0296678 96
0.0303893 96
0.0279012 96
0.0289424 96
0.0304389 96
0.0283724 96
0.0284754 96
0.0295128 96
0.0329031 96
0.0301955 96
0.0301897 96
0.0315113 96
0.0305225 96
0.0306628 96
0.0295564 96
0.0287702 96
0.032944 96
0.0309212 96
0.0294236 96
0.0292685 96
0.0285182 96
0.0287007 96
0.0291791 96
0.0296895 96
0.0284921 93
0.0304634 93
0.0288789 93
0.0302772 93
0.0293704 93
0.0293079 93
0.0283273 93
0.0307392 93
0.0311315 93
0.0306857 93
0.0301719 93
0.0310463 93
0.0270927 93
0.0294803 93
0.0290859 93
0.0287068 93
0.0293486 93
0.030346 93
0.0320221 93
0.0303661 93
0.0294292 93
0.0283068 93
0.0306475 93
0.0306187 93
0.0301818 93
0.0297313 93
0.0290974 93
0.0284556 93
0.030194 93
0.0319122 93
0.0320146 93
0.0292969 93
0.0306917 93
0.0289416 93
0.0302681 93
0.0320257 93
0.0315374 93
0.0287136 93
0.0308261 93
0.0287788 93
0.0302102 93
0.0317057 93
0.03409 93
0.0322628 93
0.0311069 93
0.027816 93
0.031586 93
0.028939 93
0.0386879 93
0.0328827 93
0.0296021 93
0.0309169 93
0.0296317 93
0.0311281 93
0.0288306 93
0.0319148 93
0.0293898 93
0.0305911 93
0.0316536 93
0.0323794 93
0.0292299 93
0.0326056 93
0.0297697 93
0.0304711 93
0.030479 93
0.0297674 93
0.0292748 93
0.033394 89
0.0312698 89
0.0302767 89
0.0324243 89
0.0314654 89
0.0295678 89
0.0322591 89
0.0345184 89
0.0308188 89
0.033504 89
0.0282239 89
0.0301121 89
0.0299504 89
0.0301967 89
0.0314769 89
0.0326703 89
0.0298848 89
0.0301292 89
0.0328781 89
0.0323541 89
0.0340265 89
0.0324158 89
0.0319447 89
0.0318319 89
0.0308472 89
0.0305241 89
0.0296781 89
0.0308778 89
0.0303816 89
0.0310272 89
0.0298723 89
0.0311067 89
0.029546 88
0.0333493 88
0.0303136 88
0.0345622 88
0.0337919 88
0.0320962 88
0.0350685 88
0.031794 88
0.0348474 88
0.0326291 88
0.0294598 88
0.0304551 88
0.0292761 88
0.031081 88
0.029717 88
0.0306361 88
0.0302805 88
0.0309303 88
0.0299073 88
0.0308522 88
0.0314719 88
0.0310589 88
0.0309075 88
0.0308995 88
0.0301088 88
0.0320568 88
0.0303628 88
0.0315698 88
0.0305928 88
0.0305037 88
0.0296031 88
0.0320574 88
0.0301199 88
0.0304336 88
0.0306864 88
0.0307261 88
0.0300612 88
0.0312923 88
0.0323943 88
0.0320484 88
0.0335549 88
0.0315252 88
0.0305806 88
0.0307877 88
0.030707 88
0.0296902 88
0.0318224 88
0.0300585 88
0.029818 88
0.0306354 88
0.0304783 88
0.0301458 88
0.0312033 88
0.031537 88
0.0312097 88
0.0313121 88
0.0309403 88
0.0339383 88
0.0329179 88
0.0316042 88
0.0301705 88
0.0314412 88
0.0307893 88
0.0304396 88
0.0310973 88
0.0309653 88
0.0316732 88
0.0305148 88
0.032057 88
0.0304073 88
0.0347031 88
0.0322314 88
0.032231 88
0.0325847 88
0.0295014 88
0.0315529 88
0.0310492 88
0.0312083 88
0.0306204 88
0.0331958 88
0.0304918 88
0.0321681 88
0.030433 88
0.030728 88
0.0328284 88
0.0319672 88
0.033607 88
0.0311208 88
0.0321006 88
0.0311153 88
0.0312193 88
0.031949 88
0.0308028 88
0.0321048 88
0.0318219 88
0.0322005 88
0.0307517 88
0.0316846 88
0.0317963 88
0.0310347 88
0.0328412 88
0.0311551 88
0.0329739 88
0.0328062 88
0.0327499 88
0.0322993 88
0.0305679 88
0.0323175 88
0.0305521 88
0.0317026 88
0.0319373 88
0.0320814 88
0.0315408 88
0.0308657 88
0.0313464 88
0.0315444 88
0.0345513 88
0.0317888 88
0.0344017 88
0.0333989 88
0.0331561 88
0.0325116 88
0.0321201 88
0.0334839 88
0.032804 88
0.0319237 88
0.0311619 88
0.0321574 88
0.032061 88
0.0318579 85
0.0314414 85
0.032264 85
0.0312305 85
0.0345895 85
0.0336765 85
0.0326432 85
0.0325266 85
0.0307574 85
0.0318496 85
0.0317724 85
0.0314294 85
0.0317173 85
0.0320032 85
0.0330174 85
0.0314124 85
0.0313152 85
0.0311572 85
0.032838 85
0.0332278 85
0.0353092 85
0.0319925 85
0.0326604 85
0.0344179 85
0.0346187 85
0.0324103 85
0.0318263 85
0.0346508 85
0.0319341 85
0.0343152 85
0.0349841 85
0.0326084 85
0.0318188 85
0.032435 85
0.0375596 85
0.0341242 85
0.0349606 85
0.0337452 85
0.0309101 85
0.0325801 85
0.0317944 85
0.0323591 85
0.0320209 85
0.0325963 85
0.0331473 85
0.0352213 85
0.0323595 85
0.0326198 85
0.0333765 85
0.0339157 85
0.0332199 85
0.0320401 85
0.0336085 85
0.0330931 85
0.0317104 85
0.0330219 85
0.0330566 85
0.0318758 85
0.0329911 85
0.0324659 85
0.033331 85
0.0322342 85
0.0334449 84
0.0320995 84
0.0339417 84
0.036955 84
0.0353296 84
0.0348554 84
0.0318281 84
0.0322421 84
0.0330406 84
0.0319199 84
0.0320831 84
0.0327951 84
0.0329624 84
0.0320849 84
0.0362642 84
0.0346235 84
0.0333042 84
0.033005 84
0.0334025 84
0.0322315 84
0.034411 84
0.0330972 84
0.0320825 84
0.0347264 84
0.0325455 84
0.0322027 84
0.0341459 84
0.0324812 84
0.0341332 84
0.034315 84
0.0328627 82
0.0335527 82
0.0347409 82
0.0344266 82
0.0346175 82
0.0355621 82
0.0314677 82
0.0326585 82
0.033521 82
0.0326298 82
0.033478 82
0.0331177 82
0.0327018 82
0.0326565 82
0.033105 82
0.0318788 82
0.0341948 82
0.0335118 82
0.0337366 82
0.0323606 82
0.0335959 82
0.036131 82
0.0356132 82
0.0329212 82
0.0334589 82
0.0328503 82
0.0328324 82
0.0342569 82
0.0324548 82
0.0331437 82
0.033953 82
0.0327575 82
0.0343139 82
0.0358 82
0.0342422 82
0.0342431 82
0.0324565 82
0.0329321 82
0.0326659 82
0.0334743 82
0.0328387 82
0.0343906 82
0.0337343 82
0.03289 82
0.0343426 82
0.033255 82
0.0341523 82
0.0352905 82
0.0335596 82
0.0328214 82
0.0346481 82
0.0338108 82
0.0327401 82
0.0345442 82
0.033668 82
0.0326713 82
0.0346437 82
0.0330648 82
0.0328828 82
0.0347001 82
0.0331376 82
0.0331182 82
0.0370917 82
0.0373581 82
0.0341808 82
0.0362229 82
0.0348088 82
0.0329675 82
0.032978 82
0.0330035 82
0.0330248 82
0.0330949 82
0.0344743 82
0.0330337 82
0.0330535 82
0.0353028 82
0.0334223 82
0.0336791 82
0.0347424 82
0.0332738 82
0.0335881 82
0.0349501 82
0.0330329 82
0.0342107 82
0.0351261 82
0.0338561 82
0.0342331 82
0.0344375 82
0.0345018 82
0.0343993 82
0.0331125 81
0.0357577 81
0.0357397 81
0.0345872 81
0.0357521 81
0.0331289 81
0.0333435 81
0.034044 81
0.0337253 81
0.0335537 81
0.0342228 81
0.0342149 81
0.0340948 81
0.0357026 81
0.0361775 81
0.0332986 81
0.0338688 81
0.035648 81
0.0334457 81
0.0335553 81
0.0345617 81
0.0336413 81
0.0333107 81
0.0349422 81
0.0336686 81
0.033482 81
0.0353812 81
0.0341742 81
0.0335145 81
0.0368859 81
0.0371485 82
0.0355134 82
0.0357069 82
0.0345707 82
0.0340275 82
0.0335074 82
0.0334231 82
0.0343256 82
0.0337828 82
0.0336016 82
0.0341987 82
0.0345267 82
0.0342518 82
0.0353886 82
0.0349316 82
0.0343109 82
0.0341381 82
0.0352455 82
0.0338116 82
0.0338723 82
0.0358642 82
0.0336769 82
0.0340167 82
0.0356454 82
0.0348587 82
0.0348256 82
0.0354574 82
0.0363739 82
0.0351847 82
0.0361434 81
0.0361497 81
0.0372918 81
0.0380721 81
0.0335704 81
0.0337799 81
0.039371 81
0.0345165 81
0.0345306 81
0.0339584 81
0.0346113 81
0.0356524 81
0.0346147 81
0.0351636 81
0.035375 81
0.0353329 81
0.0340047 81
0.0342956 81
0.037284 81
0.0342378 81
0.0340367 81
0.0378957 81
0.0347618 81
0.0341083 81
0.0346807 81
0.0356886 81
0.0349661 81
0.0343329 81
0.0351744 81
0.037228 79
0.0393896 79
0.0355349 79
0.0331867 79
0.035112 79
0.0345464 79
0.0342818 79
0.0342069 79
0.034867 79
0.0350708 79
0.0347367 79
0.0356106 79
0.0356815 79
0.0350034 79
0.0343472 79
0.0352864 79
0.0350592 79
0.0345247 79
0.0357268 79
0.0417797 79
0.0353161 79
0.0364624 79
0.0347658 79
0.0345145 79
0.0391454 79
0.0356944 79
0.0367584 79
0.0359944 79
0.0368875 79
0.0406227 79
0.0380848 79
0.0345576 79
0.0339683 79
0.0351229 79
0.0378315 79
0.0345441 79
0.0340673 79
0.0359 79
0.0346406 79
0.0342125 79
0.0357795 79
0.0363515 79
0.0360306 79
0.0355701 79
0.0347684 79
0.0354613 79
0.0353791 79
0.0346982 79
0.0350856 79
0.0367881 79
0.0364205 79
0.0346821 79
0.0353821 79
0.03954 79
0.0379442 79
0.0384791 79
0.0404663 77
0.0405305 77
0.0367835 77
0.0338302 77
0.034881 77
0.0362708 77
0.0345684 77
0.0346705 77
0.0365976 77
0.0364397 77
0.0346079 77
0.0351086 77
0.0363592 77
0.0388842 77
0.0386828 77
0.0353465 77
0.0350221 77
0.0352746 77
0.0375924 77
0.0357137 77
0.0363152 77
0.0350004 77
0.036464 77
0.0358008 77
0.0349697 77
0.0354498 77
0.0356992 77
0.0392536 77
0.0373353 78
0.0363869 78
0.0349624 78
0.0346199 78
0.0401427 78
0.0370664 78
0.0346528 78
0.0347745 78
0.0369418 78
0.0363152 78
0.0357242 78
0.0367108 78
0.0352562 78
0.0365589 78
0.0363993 78
0.0357618 78
0.0360759 78
0.0363109 78
0.0364833 78
0.0358525 78
0.0352246 78
0.0358616 78
0.0380962 78
0.0362732 78
0.0352186 78
0.0355027 78
0.0365852 78
0.0399387 78
0.0384757 78
0.0375334 78
0.0349082 78
0.0354386 78
0.0367111 78
0.0354572 78
0.0356062 78
0.0349584 78
0.0372336 78
0.0366289 78
0.0379645 78
0.037737 78
0.0360121 78
0.0357719 78
0.0384427 78
0.0371098 78
0.0356576 78
0.0356424 78
0.035934 78
0.0389541 78
0.0360353 78
0.0359436 78
0.0358493 78
0.0358141 78
0.0393609 78
0.0370045 78
0.0375892 78
0.0375233 78
0.0380291 77
0.0347897 77
0.036029 77
0.0362031 77
0.0409592 77
0.0362924 77
0.0357511 77
0.0352377 77
0.0374746 77
0.0367776 77
0.0408969 77
0.0371385 77
0.0362298 77
0.0366568 77
0.0402863 77
0.0393374 77
0.0382103 77
0.0382553 77
0.0359765 77
0.0358722 77
0.0361623 77
0.0398775 77
0.0380618 77
0.0367187 77
0.0373862 77
0.0405185 77
0.0430413 77
0.040243 74
0.0364126 74
0.0364446 74
0.0358076 74
0.0397079 74
0.0395367 74
0.0364958 74
0.0360541 74
0.0363752 74
0.0375564 74
0.0376099 74
0.0384196 74
0.0380143 74
0.0360442 74
0.0360646 74
0.0364573 74
0.039423 74
0.0386716 74
0.0365442 74
0.036182 74
0.0388457 74
0.0368878 74
0.0364131 74
0.0376889 74
0.0427667 74
0.0392938 74
0.0392424 74
0.0373288 74
0.0354571 74
0.0360931 74
0.0359916 74
0.0387501 74
0.0368847 74
0.0358366 74
0.0361008 74
0.0363603 74
0.0399473 74
0.0377752 74
0.0371323 74
0.0369604 74
0.0366825 74
0.0374249 74
0.0365858 74
0.0385689 74
0.0387825 74
0.0372733 74
0.0363366 74
0.0371579 74
0.0371345 74
0.0380561 74
0.038361 74
0.0394001 74
0.0394753 74
0.0386718 74
0.0355259 75
0.03649 75
0.0368249 75
0.0370787 75
0.0363335 75
0.036434 75
0.0370477 75
0.0359038 75
0.0381469 75
0.0387995 75
0.0382529 75
0.0370408 75
0.0387841 75
0.0390311 75
0.0377362 75
0.0395037 75
0.0397971 75
0.0402508 75
0.0390251 75
0.039459 75
0.0381019 75
0.0368586 75
0.0371964 75
0.0419024 75
0.0424741 75
0.040726 75
0.0362446 73
0.040983 73
0.0404879 73
0.0362479 73
0.0402485 73
0.0401086 73
0.0377024 73
0.0372971 73
0.0384526 73
0.0371172 73
0.0369156 73
0.03685 73
0.0395734 73
0.042413 73
0.0402342 73
0.0381397 73
0.0376749 73
0.0386403 73
0.0375784 73
0.0367494 73
0.0377469 73
0.038141 73
0.0399602 73
0.0405944 73
0.0410398 73
0.039276 73
0.0382567 73
0.0374518 72
0.0364044 72
0.0392107 72
0.0392842 72
0.0369914 72
0.0362103 72
0.0379336 72
0.0396666 72
0.0374611 72
0.0376549 72
0.0382512 72
0.0369187 72
0.0378204 72
0.0380879 72
0.0398213 72
0.0380266 72
0.0371403 72
0.0384133 72
0.0377389 72
0.0373732 72
0.0371564 72
0.0409281 72
0.0410719 72
0.0406191 72
0.0416653 72
0.0372592 72
0.0397446 73
0.0377939 73
0.0366607 73
0.0368323 73
0.039937 73
0.0388684 73
0.0365048 73
0.0413747 73
0.0383296 73
0.0389553 73
0.039674 73
0.0381814 73
0.0372928 73
0.0387326 73
0.0377433 73
0.0372483 73
0.0383173 73
0.0407962 73
0.0394742 73
0.0411816 73
0.0412105 73
0.0437159 73
0.0408418 73
0.0407172 73
0.0409877 73
0.0403513 73
0.0408259 72
0.0367015 72
0.0402405 72
0.0392174 72
0.0382538 72
0.0393632 72
0.0373144 72
0.0384555 72
0.039025 72
0.0377742 72
0.037507 72
0.0377194 72
0.0407407 72
0.0391063 72
0.038777 72
0.0394883 72
0.0373921 72
0.0381317 72
0.0388351 72
0.0375569 72
0.0386962 72
0.0444923 72
0.0399429 72
0.0444958 72
0.0407938 72
0.03839 72
0.0379251 72
0.0373982 72
0.0402114 72
0.0389417 72
0.0385795 72
0.0390266 72
0.039346 72
0.0389274 72
0.0391307 72
0.038122 72
0.0377342 72
0.0386737 72
0.0384812 72
0.0393234 72
0.0410943 72
0.0401382 72
0.0393942 72
0.0397548 72
0.0408513 72
0.0416849 72
0.0410331 72
0.0429908 72
0.0399169 72
0.0385912 72
0.0388597 72
0.0380436 72
0.0398487 70
0.0378745 70
0.0375363 70
0.0376428 70
0.0388194 70
0.0378169 70
0.0394116 70
0.0409928 70
0.0393923 70
0.0395415 70
0.04255 70
0.0392856 70
0.0409641 70
0.0407995 70
0.0413401 70
0.0393817 70
0.0418404 70
0.0395727 70
0.0403283 70
0.0434623 70
0.0422778 70
0.0405226 70
0.0388507 70
0.039142 70
0.0391238 70
0.0387368 71
0.0397533 71
0.0380072 71
0.0377936 71
0.0386153 71
0.0375873 71
0.039568 71
0.0392024 71
0.0382685 71
0.0410952 71
0.0427485 71
0.0383085 71
0.039673 71
0.0394217 71
0.0397364 71
0.0425746 71
0.0395839 71
0.0413789 71
0.0398308 71
0.0426649 71
0.0417427 71
0.0422577 71
0.0409377 71
0.0390926 71
0.0382352 71
0.0387899 70
0.0415425 70
0.0395743 70
0.0385595 70
0.0401357 70
0.0390834 70
0.040384 70
0.0395201 70
0.0394797 70
0.0394768 70
0.0384926 70
0.0391434 70
0.0395191 70
0.03855 70
0.0391098 70
0.0402719 70
0.0394431 70
0.0439461 70
0.0409115 70
0.0413356 70
0.0437939 70
0.0412262 70
0.0385621 70
0.0380727 70
0.0391951 70
0.0383294 70
0.0386866 71
0.0414027 71
0.039731 71
0.0408867 71
0.0392355 71
0.0408064 71
0.0424763 71
0.0396953 71
0.0415765 71
0.040442 71
0.0416709 71
0.0395806 71
0.0424431 71
0.0403918 71
0.0404911 71
0.0411179 71
0.0409599 71
0.0398247 71
0.0426911 71
0.0418014 71
0.0407054 71
0.0391174 71
0.0384036 71
0.0399238 71
0.0414134 71
0.0395911 69
0.041274 69
0.0398867 69
0.0411833 69
0.0410534 69
0.0438741 69
0.039698 69
0.0403182 69
0.0400455 69
0.0401885 69
0.0412491 69
0.0406896 69
0.0410347 69
0.0398226 69
0.0409658 69
0.0414531 69
0.0395907 69
0.0410906 69
0.047333 69
0.0458761 69
0.0421848 69
0.0389172 69
0.0401501 69
0.0397357 69
0.039775 69
0.0385832 67
0.0393517 67
0.0396122 67
0.0387084 67
0.0410503 67
0.0403072 67
0.0392606 67
0.0408266 67
0.0397141 67
0.0394705 67
0.0406196 67
0.0398467 67
0.0403644 67
0.0397559 67
0.0405307 67
0.0404173 67
0.0411008 67
0.0431878 67
0.0417811 67
0.0421571 67
0.0394108 67
0.0401131 67
0.0390479 67
0.0389278 67
0.0400837 67
0.0391751 71
0.041849 71
0.0384624 71
0.0417141 71
0.0432845 71
0.0395471 71
0.0406913 71
0.0400068 71
0.0403952 71
0.0402504 71
0.0420427 71
0.0393573 71
0.0402368 71
0.0414823 71
0.0399232 71
0.0433856 71
0.0402234 71
0.0433079 71
0.0414575 71
0.041824 71
0.0384569 71
0.0399444 71
0.0394127 71
0.0387277 71
0.0401836 71
0.0392978 69
0.0401637 69
0.0398825 69
0.0447724 69
0.0423288 69
0.0412154 69
0.040023 69
0.0401257 69
0.0408146 69
0.0405525 69
0.0407518 69
0.0402702 69
0.0406095 69
0.0404478 69
0.0410257 69
0.0405861 69
0.0414907 69
0.0435567 69
0.041648 69
0.040834 69
0.0394079 69
0.0400991 69
0.0392451 69
0.0397854 69
0.0406416 69
0.0392028 68
0.0409104 68
0.0395847 68
0.0418767 68
0.040969 68
0.0400719 68
0.0410354 68
0.0406559 68
0.0408463 68
0.0402051 68
0.0411109 68
0.0404512 68
0.0412262 68
0.040644 68
0.0400209 68
0.0411103 68
0.043101 68
0.0434395 68
0.0440633 68
0.0401451 68
0.0426955 68
0.0407205 68
0.0425817 68
0.0404577 68
0.0415045 68
0.041684 68
0.0412713 68
0.0406684 68
0.0430927 68
0.0430113 68
0.0412776 68
0.0408528 68
0.0476833 68
0.0424087 68
0.0434364 68
0.0421743 68
0.040583 68
0.0418503 68
0.0410558 68
0.0407574 68
0.0440436 68
0.0434951 68
0.0414419 68
0.0406015 68
0.0398425 68
0.0406445 68
0.0401482 68
0.0401126 68
0.0407781 68
0.0428031 67
0.0422827 67
0.0443465 67
0.0442808 67
0.041513 67
0.040732 67
0.0419852 67
0.0409304 67
0.0415272 67
0.0412301 67
0.0417162 67
0.0404523 67
0.0415119 67
0.0412582 67
0.0410794 67
0.0448469 67
0.04385 67
0.0428404 67
0.0427285 67
0.0419196 67
0.0411002 67
0.0402822 67
0.041607 67
0.0398585 67
0.0413618 67
0.0408662 67
0.0429944 67
0.0411356 67
0.0419343 67
0.0405405 67
0.042089 67
0.041159 67
0.042254 67
0.041179 67
0.0419104 67
0.0408762 67
0.0422824 67
0.0411314 67
0.0438699 67
0.0445298 67
0.0440227 67
0.0420184 67
0.040596 67
0.0403653 67
0.041756 67
0.0431171 67
0.0429051 67
0.0407167 67
0.0406552 67
0.0417209 67
0.0420558 67
0.0423544 67
0.0436916 67
0.0448552 67
0.0412504 67
0.0416964 67
0.0409244 67
0.0421558 67
0.0414306 67
0.0417614 67
0.041672 67
0.0420559 67
0.0422824 67
0.0453435 67
0.0460949 67
0.0406579 67
0.041199 67
0.04122 67
0.0415499 67
0.0406189 67
0.0413018 67
0.0401795 67
0.0412373 67
0.0424853 67
0.0413267 67
0.0425239 67
0.0422273 67
0.0413601 67
0.0436369 67
0.0430474 67
0.0448063 67
0.0420835 67
0.0423545 67
0.0415029 67
0.0424016 67
0.0423745 67
0.0435426 67
0.0457959 67
0.0450712 67
0.0405566 67
0.0418804 67
0.0405828 67
0.0416176 67
0.0408309 67
0.0409135 67
0.0416322 67
0.0411787 66
0.0437103 66
0.0469233 66
0.0481281 66
0.0440311 66
0.0427985 66
0.0417896 66
0.0426233 66
0.0424253 66
0.0438488 66
0.0453037 66
0.0416893 66
0.0431204 66
0.0434087 66
0.044469 66
0.04572 66
0.0427546 66
0.0410421 66
0.0419881 66
0.0408386 66
0.0410621 66
0.0416753 66
0.0412219 66
0.0418286 66
0.0428421 65
0.0428644 65
0.0426933 65
0.042421 65
0.0440184 65
0.0438656 65
0.0432172 65
0.0426473 65
0.0415335 65
0.0434998 65
0.0420248 65
0.0428431 65
0.0431505 65
0.0471885 65
0.0444811 65
0.0436521 65
0.0412504 65
0.0408258 65
0.0421222 65
0.0413046 65
0.045461 65
0.0440462 65
0.0410605 65
0.0431927 64
0.0423682 64
0.0429661 64
0.0419741 64
0.0436679 64
0.0435067 64
0.0424226 64
0.0458729 64
0.0435635 64
0.0423339 64
0.0434334 64
0.0419308 64
0.0430166 64
0.0459691 64
0.0461376 64
0.0446334 64
0.0416643 64
0.0413928 64
0.0422471 64
0.0413704 64
0.0452545 64
0.0439589 64
0.0427898 64
0.0478125 64
0.0426734 64
0.0435666 64
0.045137 64
0.042896 64
0.0434651 64
0.0422597 64
0.0434574 64
0.043545 64
0.0423521 64
0.0446779 64
0.0453761 64
0.0436083 64
0.0459367 64
0.0457888 64
0.0452075 64
0.0422928 64
0.042206 64
0.0417077 64
0.0420275 64
0.0416335 64
0.0420129 64
0.0416633 64
0.0441865 64
0.0427825 66
0.044536 66
0.044251 66
0.0437602 66
0.0433636 66
0.0431683 66
0.0435597 66
0.0467928 66
0.0456772 66
0.0435312 66
0.0435954 66
0.0432707 66
0.0464612 66
0.0464176 66
0.0448528 66
0.0412312 66
0.0426639 66
0.0419164 66
0.0435288 66
0.043006 66
0.044739 66
0.0425606 66
0.0434976 66
0.0440133 63
0.0432613 63
0.0447962 63
0.0461407 63
0.0453684 63
0.0437066 63
0.04556 63
0.0472331 63
0.0452207 63
0.0442005 63
0.0440009 63
0.0452868 63
0.049988 63
0.0467536 63
0.0435925 63
0.0453383 63
0.042327 63
0.0427752 63
0.0422438 63
0.0433624 63
0.0425237 63
0.042684 63
0.0467577 63
0.0430916 62
0.044257 62
0.0441802 62
0.0428183 62
0.0443347 62
0.0461787 62
0.0433409 62
0.0448196 62
0.0440895 62
0.0428725 62
0.0457495 62
0.0497747 62
0.0465619 62
0.0449409 62
0.0445572 62
0.043223 62
0.0427185 62
0.045305 62
0.0451682 62
0.0431482 62
0.0452827 62
0.0490868 62
0.0475532 63
0.048042 63
0.0439887 63
0.0447006 63
0.0451522 63
0.0443648 63
0.0447722 63
0.0443587 63
0.0432163 63
0.0449035 63
0.0463828 63
0.0460166 63
0.0465137 63
0.0498719 63
0.0426314 63
0.0433108 63
0.0425003 63
0.0430904 63
0.0427077 63
0.0444533 63
0.043261 63
0.0456276 63
0.0441473 63
0.0435571 62
0.044578 62
0.0474087 62
0.0445908 62
0.0439668 62
0.0445389 62
0.0458692 62
0.0448793 62
0.0460885 62
0.0448893 62
0.0462996 62
0.0482508 62
0.0464595 62
0.0436284 62
0.0443759 62
0.0439112 62
0.0432772 62
0.042533 62
0.0438468 62
0.0437096 62
0.043011 62
0.0478748 62
0.0470202 62
0.0464499 62
0.0442878 62
0.0468583 62
0.0447296 62
0.0437282 62
0.0448391 62
0.0472041 62
0.0450051 62
0.0442404 62
0.0460746 62
0.0487994 62
0.0468054 62
0.0445294 62
0.044225 62
0.0458032 62
0.0437087 62
0.0460465 62
0.0444481 62
0.0481273 62
0.0439249 62
0.0444927 62
0.0451283 62
0.044744 61
0.0496993 61
0.0468578 61
0.0456153 61
0.0466875 61
0.0454102 61
0.0443366 61
0.0456369 61
0.0470105 61
0.0458353 61
0.0475159 61
0.0489214 61
0.0436351 61
0.0438121 61
0.0431435 61
0.0445722 61
0.0441404 61
0.0439691 61
0.0441614 61
0.0451034 61
0.0449957 61
0.047907 61
0.0451451 62
0.0446995 62
0.0451906 62
0.0468364 62
0.0451495 62
0.0450546 62
0.0454747 62
0.0472498 62
0.0452306 62
0.0464108 62
0.0496979 62
0.0490159 62
0.0444528 62
0.0448212 62
0.0437562 62
0.0447976 62
0.0442686 62
0.0433696 62
0.044379 62
0.0483919 62
0.0452448 62
0.044883 62
0.0454375 60
0.0473146 60
0.0452226 60
0.04562 60
0.0456571 60
0.0477941 60
0.0467531 60
0.0449954 60
0.0469749 60
0.0476236 60
0.0479078 60
0.0495941 60
0.0441822 60
0.0437889 60
0.0468898 60
0.0467271 60
0.0434552 60
0.0447308 60
0.0444807 60
0.0458403 60
0.0474004 60
0.0457215 60
0.0458706 61
0.0469335 61
0.0451002 61
0.0458557 61
0.0482547 61
0.0466573 61
0.0474068 61
0.0459144 61
0.047927 61
0.0483966 61
0.0479266 61
0.0466972 61
0.0440362 61
0.0442277 61
0.0446225 61
0.0464856 61
0.0463615 61
0.0463207 61
0.0461231 61
0.0491301 61
0.0459152 61
0.0454201 61
0.048279 60
0.0460811 60
0.0458148 60
0.046326 60
0.0461194 60
0.0460959 60
0.0465281 60
0.0472774 60
0.0469842 60
0.0483019 60
0.0490236 60
0.0470463 60
0.0464194 60
0.0459705 60
0.0436527 60
0.0447782 60
0.045353 60
0.045772 60
0.0468202 60
0.0462224 60
0.0462339 60
0.050588 60
0.0462934 60
0.0456907 60
0.0483682 60
0.0463457 60
0.0462972 60
0.0491637 60
0.0466116 60
0.0471622 60
0.0500169 60
0.0481369 60
0.0497182 60
0.0461999 60
0.0448146 60
0.0447799 60
0.0463524 60
0.0448008 60
0.0447511 60
0.0465825 60
0.0472914 60
0.0464045 60
0.0491152 60
0.0486083 58
0.0462722 58
0.046604 58
0.0492726 58
0.0482042 58
0.0511081 58
0.0479631 58
0.0472643 58
0.0531271 58
0.0502333 58
0.0508407 58
0.0450961 58
0.0467364 58
0.0452671 58
0.0446086 58
0.0456438 58
0.0472431 58
0.0473381 58
0.0458427 58
0.0477472 58
0.0477524 58
0.046548 58
0.0478354 59
0.0468737 59
0.0469836 59
0.0472453 59
0.0477738 59
0.0465735 59
0.0479016 59
0.0507654 59
0.0515802 59
0.0475746 59
0.0450986 59
0.0449209 59
0.0471068 59
0.0455715 59
0.0446456 59
0.0466159 59
0.0467837 59
0.0476179 59
0.0470366 59
0.0471401 59
0.0467327 59
0.0467598 59
0.0500042 59
0.046903 59
0.0471318 59
0.0521295 59
0.0486738 59
0.0466501 59
0.0493253 59
0.0496976 59
0.0485699 59
0.0453764 59
0.0476595 59
0.0456869 59
0.0457205 59
0.0449256 59
0.0477346 59
0.046003 59
0.0500303 59
0.0485048 59
0.047465 59
0.0464622 59
0.049129 59
0.0470629 59
0.0474157 59
0.0479729 59
0.0473218 59
0.0466849 59
0.0481931 59
0.0496418 59
0.0513359 59
0.0482289 59
0.046567 59
0.0458949 59
0.0458805 59
0.0452219 59
0.0467106 59
0.04674 59
0.0459454 59
0.0481911 59
0.0473241 59
0.0473663 59
0.0474614 59
0.0479134 59
0.0474859 60
0.0483574 60
0.0472529 60
0.0469871 60
0.0482087 60
0.0475705 60
0.0496901 60
0.0509783 60
0.0486636 60
0.0474154 60
0.0458672 60
0.0457677 60
0.0454201 60
0.047901 60
0.0459251 60
0.0461718 60
0.0488365 60
0.0473011 60
0.0476811 60
0.0487637 60
0.0474068 60
0.0476581 58
0.0494648 58
0.0473294 58
0.0474341 58
0.0473619 58
0.0480467 58
0.0512808 58
0.0498443 58
0.051308 58
0.0459484 58
0.0464359 58
0.047849 58
0.0465892 58
0.0458472 58
0.0470066 58
0.0482886 58
0.048939 58
0.0488135 58
0.0478722 58
0.050182 58
0.0497281 58
0.0479202 58
0.048118 58
0.0473769 58
0.0481431 58
0.0493595 58
0.0480307 58
0.0514238 58
0.0494813 58
0.0486003 58
0.0475002 58
0.0464565 58
0.0471883 58
0.0479094 58
0.0463399 58
0.0470389 58
0.0498041 58
0.0476998 58
0.049083 58
0.0479347 58
0.0480804 58
0.0470492 58
0.0482243 58
0.0485959 58
0.0479876 58
0.0483208 58
0.050301 58
0.0492957 58
0.051741 58
0.0501441 58
0.0477374 58
0.0463656 58
0.0466997 58
0.0463849 58
0.0482974 58
0.0488078 58
0.0501696 58
0.0486037 58
0.0507984 58
0.0503481 58
0.0481637 58
0.0486305 58
0.0482192 58
0.0491484 57
0.0485612 57
0.0480633 57
0.0487658 57
0.0481998 57
0.0517592 57
0.0507988 57
0.0518694 57
0.0460047 57
0.0469016 57
0.048964 57
0.0468201 57
0.0468175 57
0.0492124 57
0.0481994 57
0.0517628 57
0.0487852 57
0.0476497 57
0.0505582 57
0.0481647 57
0.0492132 57
0.0485744 58
0.0492179 58
0.0483542 58
0.0485936 58
0.0513133 58
0.051343 58
0.0525912 58
0.0468438 58
0.0483676 58
0.0472345 58
0.0471606 58
0.0528885 58
0.0471773 58
0.0486749 58
0.0499724 58
0.0492679 58
0.0479531 58
0.0483179 58
0.0517471 58
0.0485342 58
0.0494546 56
0.0487138 56
0.0487347 56
0.0485473 56
0.0492864 56
0.0537232 56
0.050709 56
0.0501773 56
0.0470554 56
0.0478847 56
0.048163 56
0.0471302 56
0.0487333 56
0.0473042 56
0.047814 56
0.0483573 56
0.0489539 56
0.0494485 56
0.0485469 56
0.0488218 56
0.0511042 56
0.0489208 57
0.0523098 57
0.0489966 57
0.0527167 57
0.0532234 57
0.051252 57
0.0500448 57
0.0495925 57
0.0496825 57
0.0493129 57
0.0475351 57
0.0484353 57
0.052352 57
0.0552202 57
0.0496517 57
0.0500352 57
0.0488483 57
0.0488503 57
0.0495501 57
0.0489111 57
0.0495245 55
0.0487363 55
0.0526002 55
0.0488082 55
0.0532116 55
0.0534407 55
0.0517126 55
0.0475684 55
0.0486809 55
0.0473457 55
0.0469102 55
0.0518606 55
0.0498132 55
0.0494951 55
0.0489515 55
0.0505196 55
0.0492344 55
0.051662 55
0.0492106 55
0.0509962 55
0.0492576 55
0.0498894 57
0.0492763 57
0.0492551 57
0.0524589 57
0.0514404 57
0.0505716 57
0.0478867 57
0.0477747 57
0.048286 57
0.0489994 57
0.0479166 57
0.0482608 57
0.0542769 57
0.0505049 57
0.0542078 57
0.0520222 57
0.0491915 57
0.050217 57
0.0493346 57
0.0498495 57
0.0514534 56
0.0494497 56
0.0498819 56
0.0548263 56
0.0540972 56
0.0502439 56
0.0481727 56
0.0490669 56
0.0476677 56
0.0484363 56
0.0493818 56
0.0481416 56
0.0492926 56
0.0496122 56
0.0494739 56
0.0520698 56
0.0494699 56
0.0495655 56
0.0497506 56
0.0519142 56
0.0503601 55
0.0525159 55
0.0500529 55
0.0555015 55
0.0552925 55
0.0492327 55
0.0493197 55
0.0479751 55
0.0490499 55
0.0483353 55
0.0482929 55
0.0511443 55
0.0504357 55
0.0534616 55
0.0498583 55
0.0501655 55
0.0524973 55
0.0558041 55
0.058858 55
0.0546854 55
0.0498557 55
0.0508494 55
0.0525823 55
0.053624 55
0.0516926 55
0.0488052 55
0.0481097 55
0.0495222 55
0.0485973 55
0.0487154 55
0.0482569 55
0.0497641 55
0.0518203 55
0.0503664 55
0.0516571 55
0.0501283 55
0.0503797 55
0.0500272 55
0.0522395 55
0.0503069 55
0.0531727 55
0.0501034 55
0.0524767 55
0.0526195 55
0.0511394 55
0.0487077 55
0.0485017 55
0.0484712 55
0.0483584 55
0.048512 55
0.0493937 55
0.0505914 55
0.0504091 55
0.050256 55
0.0500431 55
0.0527489 55
0.050797 55
0.0502364 55
0.0506785 55
0.0502456 55
0.0533493 55
0.0533868 55
0.0542858 55
0.0529233 55
0.0500121 55
0.0485009 55
0.0491156 55
0.0488677 55
0.0509531 55
0.0487067 55
0.0497501 55
0.0510087 55
0.0518042 55
0.0509748 55
0.0526699 55
0.0509268 55
0.0524772 55
0.0511497 55
0.0505924 55
0.0506115 55
0.0514252 55
0.0520099 55
0.0537154 55
0.053365 55
0.0485172 55
0.0497324 55
0.0489413 55
0.0485108 55
0.0511056 55
0.0490482 55
0.0520466 55
0.0534439 55
0.0505613 55
0.0506275 55
0.0539636 55
0.0570587 55
0.0533304 55
0.0510283 55
0.0513642 55
0.0509836 54
0.054239 54
0.053105 54
0.0526236 54
0.0514172 54
0.0483777 54
0.0489589 54
0.0514333 54
0.0489546 54
0.0492679 54
0.0492066 54
0.0526097 54
0.0541408 54
0.0527075 54
0.0525155 54
0.0512545 54
0.0526745 54
0.0507222 54
0.0513694 54
0.0513896 54
0.0530583 53
0.0530782 53
0.0542156 53
0.0549848 53
0.0486158 53
0.0515791 53
0.0494538 53
0.0498469 53
0.0491741 53
0.0533014 53
0.0507554 53
0.0524529 53
0.0507894 53
0.051254 53
0.051838 53
0.0510377 53
0.0512264 53
0.0540014 53
0.055304 53
0.0513006 53
0.0537035 55
0.0554805 55
0.0532459 55
0.0500565 55
0.0496759 55
0.0497642 55
0.0519854 55
0.0520683 55
0.0497444 55
0.0522299 55
0.0509422 55
0.0519034 55
0.0518246 55
0.0513141 55
0.052751 55
0.0515521 55
0.0540566 55
0.0517563 55
0.0513399 55
0.0522273 52
0.0572477 52
0.0540494 52
0.0534785 52
0.0525298 52
0.0517825 52
0.0499775 52
0.0501638 52
0.0497031 52
0.0513563 52
0.0524065 52
0.0538553 52
0.0541622 52
0.0530292 52
0.0549215 52
0.0531037 52
0.0516529 52
0.0526004 52
0.0513046 52
0.0515467 52
0.0585408 54
0.0539087 54
0.050554 54
0.0529791 54
0.0529097 54
0.0521316 54
0.0499494 54
0.0508482 54
0.0498525 54
0.0533167 54
0.0517604 54
0.0515845 54
0.0517216 54
0.0520386 54
0.0525007 54
0.0520177 54
0.05239 54
0.0519895 54
0.0529368 54
0.0543647 53
0.0542722 53
0.0535199 53
0.0499176 53
0.050628 53
0.0500698 53
0.0520292 53
0.0498778 53
0.0514316 53
0.0517317 53
0.0552837 53
0.0557609 53
0.0519061 53
0.0518636 53
0.0522494 53
0.0517353 53
0.052635 53
0.0524834 53
0.0544422 53
0.0544594 53
0.0548278 53
0.0540135 53
0.0509024 53
0.0503117 53
0.0506458 53
0.0505427 53
0.0502875 53
0.0509725 53
0.0525834 53
0.0520499 53
0.0550733 53
0.0528944 53
0.0520707 53
0.0521115 53
0.0520838 53
0.0533923 53
0.0522142 53
0.0521533 53
0.0552436 53
0.0541515 54
0.0536659 54
0.0505643 54
0.0503499 54
0.0509268 54
0.0528317 54
0.0556143 54
0.0503368 54
0.0572583 54
0.0560895 54
0.0529407 54
0.0525056 54
0.0534648 54
0.0522543 54
0.0540697 54
0.0532781 54
0.0543369 54
0.0543949 54
0.0548725 54
0.0554523 51
0.0523532 51
0.0503104 51
0.0506207 51
0.051405 51
0.0506985 51
0.0508785 51
0.0529601 51
0.0575249 51
0.0527432 51
0.052462 51
0.0543917 51
0.0532654 51
0.0526908 51
0.055345 51
0.0544788 51
0.0537578 51
0.0539537 51
0.0557159 51
0.0547579 54
0.0545437 54
0.0508427 54
0.0520149 54
0.0507306 54
0.0511494 54
0.0513857 54
0.0522823 54
0.0545215 54
0.0535451 54
0.0524321 54
0.0537435 54
0.0528985 54
0.0550382 54
0.0558987 54
0.054434 54
0.0528469 54
0.0563451 54
0.055538 54
0.0548408 52
0.0509825 52
0.053365 52
0.0527895 52
0.0513144 52
0.051143 52
0.0524866 52
0.0531464 52
0.0561955 52
0.0564382 52
0.0546253 52
0.0536197 52
0.0549706 52
0.0552492 52
0.0533311 52
0.0564434 52
0.0531438 52
0.0562419 52
0.0558377 50
0.0550286 50
0.0514455 50
0.0510556 50
0.0512671 50
0.0522375 50
0.0526974 50
0.0518608 50
0.0543298 50
0.0530847 50
0.053197 50
0.0543235 50
0.0538175 50
0.0532654 50
0.0545634 50
0.0533907 50
0.054339 50
0.0550985 50
0.0618701 50
0.0606402 52
0.0543145 52
0.0526758 52
0.0524876 52
0.0515874 52
0.0534622 52
0.0518103 52
0.0540162 52
0.0547449 52
0.0537812 52
0.0536701 52
0.0577737 52
0.0571031 52
0.0538911 52
0.0539375 52
0.0579527 52
0.0559253 52
0.0569394 52
0.055656 52
0.054431 52
0.0521178 52
0.0546203 52
0.0551632 52
0.0514993 52
0.0526554 52
0.0562489 52
0.0533002 52
0.0534042 52
0.054831 52
0.0541287 52
0.0536261 52
0.0552565 52
0.0545505 52
0.0540524 52
0.0550599 52
0.0563402 52
0.0585641 52
0.0545899 51
0.0517567 51
0.0524396 51
0.0519588 51
0.0528663 51
0.0520055 51
0.0539441 51
0.0548641 51
0.0548407 51
0.0547219 51
0.0549363 51
0.0545407 51
0.054028 51
0.0547148 51
0.0539641 51
0.05751 51
0.0582756 51
0.0622578 51
0.058607 51
0.0544512 51
0.0520284 51
0.0542885 51
0.0527859 51
0.0529963 51
0.0539342 51
0.0541178 51
0.0541309 51
0.0577967 51
0.0557894 51
0.0540673 51
0.0549132 51
0.0561061 51
0.0549594 51
0.0581352 51
0.0567399 51
0.0573138 51
0.0593653 51
0.0542141 50
0.0523348 50
0.0533876 50
0.052215 50
0.0521722 50
0.0529468 50
0.0544977 50
0.0548378 50
0.0554818 50
0.0539032 50
0.0549109 50
0.0561901 50
0.0554763 50
0.055153 50
0.0547269 50
0.0582484 50
0.061295 50
0.057436 50
0.0537106 50
0.0524466 50
0.0537885 50
0.052352 50
0.053326 50
0.0534461 50
0.0540732 50
0.0547288 50
0.0553058 50
0.0551361 50
0.0576823 50
0.0575509 50
0.0563462 50
0.0545627 50
0.0550691 50
0.0547124 50
0.059194 50
0.0580159 50
0.0537467 50
0.0532748 51
0.0537236 51
0.0523221 51
0.0526746 51
0.0526497 51
0.0541438 51
0.0548793 51
0.0545513 51
0.0542861 51
0.0603387 51
0.0576025 51
0.0574395 51
0.0549239 51
0.0546718 51
0.0570858 51
0.0584933 51
0.0580494 51
0.0551906 51
0.0526048 50
0.0566631 50
0.0544974 50
0.0526565 50
0.0546605 50
0.0560806 50
0.0545446 50
0.0551592 50
0.0559809 50
0.0557899 50
0.0550442 50
0.055286 50
0.0570247 50
0.0550418 50
0.0554638 50
0.0576416 50
0.0588112 50
0.0567962 50
0.0527092 50
0.0532074 51
0.0562495 51
0.052905 51
0.0529869 51
0.055868 51
0.0553577 51
0.0550783 51
0.05506 51
0.0565803 51
0.0551519 51
0.0549 51
0.055707 51
0.0564634 51
0.0552151 51
0.0583017 51
0.0575846 51
0.0577863 51
0.0540155 51
0.0633284 51
0.0541986 51
0.0532717 51
0.0541671 51
0.0553487 51
0.0550394 51
0.056239 51
0.0575314 51
0.0552599 51
0.0557664 51
0.0548818 51
0.0568071 51
0.0564777 51
0.0552712 51
0.0584003 51
0.0589728 51
0.0559987 51
0.0542184 51
0.0561308 50
0.0529092 50
0.0550262 50
0.05331 50
0.0552158 50
