=============
GeForce GTX 1660 Ti with Max-Q Design (Deferred worst case) (Deferred)
1920, 1080
Viewport maximized: true
Window fullscreen: true
Position: -38.8, 5, 0
Rotation: -0.0452803, -0.705655, -0.0452803, 0.705656
Seed: 143797312
Room count: 5
Light count: 9
Sun Jan 16 16:16:59 2022
0.0285946 97
0.0285257 97
0.0286744 97
0.028431 97
0.0284313 99
0.0286223 99
0.0285483 99
0.0285088 99
0.0285546 99
0.0278042 99
0.0286128 99
0.0285027 99
0.0284624 99
0.028724 99
0.028502 99
0.0286098 99
0.0281949 99
0.0285588 99
0.0286679 99
0.0285446 99
0.0286756 99
0.0284055 99
0.0286543 99
0.0285899 99
0.0285343 99
0.0286061 99
0.028708 99
0.0284674 99
0.027922 99
0.028536 99
0.0286028 99
0.0285421 99
0.0285636 99
0.0285743 99
0.0285302 99
0.0286496 99
0.0285084 99
0.0285603 99
0.0285644 99
0.0284135 99
0.0286419 99
0.028544 99
0.0286064 99
0.028648 99
0.0285058 99
0.0286391 99
0.0276902 99
0.0286792 99
0.0284135 99
0.0284697 99
0.0287413 99
0.0284261 99
0.0277835 99
0.0285437 99
0.0284905 99
0.0286652 99
0.0285317 99
0.0286368 99
0.0286547 99
0.0283382 99
0.0285269 99
0.0285121 99
0.0286236 99
0.0285219 99
0.0280639 99
0.0286068 99
0.0285378 99
0.0287254 99
0.0285898 99
0.0284722 99
0.0285508 99
0.0285717 99
0.0285429 99
0.0285534 99
0.0285073 99
0.0285781 99
0.0284746 99
0.0285878 99
0.0285009 99
0.0285451 99
0.0286183 99
0.028499 99
0.0286411 99
0.0286663 99
0.0285211 99
0.0285658 99
0.0285639 99
0.02851 99
0.0285012 99
0.0286396 99
0.028574 99
0.0284747 99
0.0286566 99
0.0283711 99
0.0285967 99
0.0285802 99
0.0283211 99
0.028919 99
0.0284595 99
0.0282386 99
0.0284208 99
0.0285117 99
0.0287732 99
0.0285704 99
0.0285081 99
0.0281779 99
0.028507 99
0.0286688 99
0.02853 99
0.0286151 99
0.0285694 99
0.0278073 99
0.0286305 99
0.0287408 99
0.0283938 99
0.0286262 99
0.0275265 99
0.0286047 99
0.0284293 99
0.0286678 99
0.0285993 99
0.0285222 99
0.0277014 99
0.0285821 99
0.0285326 99
0.0286254 99
0.0285316 99
0.0285505 99
0.02834 99
0.0287043 99
0.0285239 99
0.0286759 99
0.0285095 99
0.0284641 99
0.0280859 99
0.0286367 99
0.0285362 99
0.0286356 99
0.028545 99
0.0278813 99
0.0284364 99
0.0286268 99
0.0286209 99
0.0284273 99
0.0287579 99
0.0277292 99
0.0286164 99
0.0284517 99
0.0284706 99
0.0286977 99
0.0284822 99
0.0286638 99
0.0284773 99
0.0285025 99
0.0285309 99
0.0285437 99
0.0285302 99
0.0285705 99
0.028537 99
0.0285305 99
0.0285218 99
0.0285726 99
0.0286066 99
0.028393 99
0.0284109 99
0.0285078 99
0.0285334 99
0.0285139 99
0.0284983 99
0.0286984 99
0.0285089 99
0.0287104 99
0.0284446 99
0.0284639 99
0.0285927 99
0.028488 99
0.0287113 99
0.0284496 99
0.0286413 99
0.0284893 99
0.028601 99
0.0285924 99
0.0286747 99
0.0283925 99
0.028628 99
0.0284594 99
0.0286205 99
0.0285618 99
0.0286793 99
0.0283446 99
0.0284679 99
0.0287524 99
0.0281968 99
0.0286367 99
0.0286207 99
0.0284619 99
0.0287588 99
0.0284377 99
0.0285828 99
0.028576 99
0.0285008 99
0.0287117 99
0.0286105 99
0.0285444 99
0.0286434 99
0.0287759 99
0.0284359 99
0.028542 99
0.0285603 99
0.0286047 99
0.0284776 99
0.0286089 99
0.0285024 99
0.0287119 99
0.0285732 99
0.0285286 99
0.0282325 99
0.0285559 99
0.0287037 99
0.028573 99
0.0286555 99
0.0284981 99
0.0288343 99
0.0286243 99
0.0285873 99
0.0285352 99
0.028444 99
0.0284749 99
0.0289026 99
0.0285104 99
0.0286443 99
0.0285126 99
0.028541 99
0.0285487 99
0.0287484 99
0.0284909 99
0.0284996 99
0.0285666 99
0.0285956 99
0.028449 99
0.0286704 99
0.0284976 99
0.0286131 99
0.0285366 99
0.0284791 99
0.0286304 99
0.0284768 99
0.0278729 99
0.0286663 99
0.0284163 99
0.0287267 99
0.028507 99
0.0286379 99
0.0288125 99
0.0285637 99
0.0285777 99
0.0285533 99
0.0285761 99
0.0285806 99
0.028433 99
0.0286429 99
0.0284711 99
0.0286957 99
0.0284741 99
0.0284899 99
0.0286172 99
0.0285234 99
0.0285692 99
0.0285575 99
0.028619 99
0.0285171 99
0.0276521 99
0.0287269 99
0.0285777 99
0.0284277 99
0.0286265 99
0.0277891 99
0.0286954 99
0.0286527 99
0.0286436 99
0.028417 99
0.0284922 99
0.0287554 99
0.0285372 99
0.0286085 99
0.0285591 99
0.0284669 99
0.0288426 99
0.0285462 99
0.0288178 99
0.0283647 99
0.0286549 99
0.0281744 99
0.0285273 99
0.028611 99
0.0285613 99
0.0285762 99
0.0285602 99
0.028784 99
0.0284539 99
0.028534 99
0.0284691 99
0.0285883 99
0.0285175 99
0.0286341 99
0.0285738 99
0.0285956 99
0.0285122 99
0.0287594 99
0.0283683 99
0.028144 99
0.0285501 99
0.028625 99
0.0284653 99
0.0287135 99
0.0285776 99
0.0285067 99
0.0285721 99
0.0286737 99
0.0285972 99
0.0283789 99
0.028644 99
0.0286327 99
0.0284827 99
0.028671 99
0.0285204 99
0.0285985 99
0.0285744 99
0.0285339 99
0.028679 99
0.0285537 99
0.0286528 99
0.0286127 99
0.0285203 99
0.0285978 99
0.0284748 99
0.0286749 99
0.0285356 99
0.0284391 99
0.0282803 99
0.0285389 99
0.0286555 99
0.0283723 99
0.0285904 99
0.0286599 99
0.0285391 99
0.0285903 99
0.0286299 99
0.0286488 99
0.0285151 99
0.0284329 99
0.0286816 99
0.0284526 99
0.0285938 99
0.0285621 99
0.0285548 99
0.0287654 99
0.0286238 99
0.0284696 99
0.0285406 99
0.0285584 99
0.0282544 99
0.0285458 99
0.028691 99
0.0285747 99
0.0285749 99
0.0285362 99
0.0285332 99
0.0286538 99
0.0287499 99
0.0285927 99
0.0285395 99
0.0285513 99
0.0286339 99
0.028561 99
0.0285442 99
0.0285348 99
0.0286567 99
0.0285392 99
0.0281744 99
0.0286769 99
0.0285463 99
0.0285596 99
0.0287076 99
0.0286762 99
0.0277658 99
0.0285548 99
0.0285377 99
0.0286306 99
0.0285344 99
0.0286468 99
0.028591 99
0.0286489 99
0.0288007 99
0.0285341 99
0.0286184 99
0.0285856 99
0.0286107 99
0.028478 99
0.0277669 99
0.0286809 99
0.0286606 99
0.0285117 99
0.0286328 99
0.0285052 99
0.0288213 99
0.0286119 99
0.0286382 99
0.0285607 99
0.028487 99
0.0285744 99
0.0286183 99
0.0286735 99
0.0285726 99
0.0284451 99
0.0287124 99
0.0285329 99
0.0286085 99
0.0285516 99
0.0285761 99
0.0285242 99
0.0281616 99
0.0286861 99
0.0285736 99
0.028459 99
0.0287068 99
0.0284892 99
0.0286826 99
0.0285855 99
0.0284824 99
0.0286384 99
0.0285578 99
0.0285626 99
0.0285546 99
0.0284921 99
0.0285979 99
0.0284571 99
0.0286902 99
0.0285242 99
0.0285895 99
0.0285618 99
0.0285532 99
0.0287195 99
0.0286174 99
0.0276603 99
0.0286281 99
0.0284943 99
0.0287569 99
0.0285374 99
0.0286069 99
0.0286505 99
0.0285091 99
0.0285405 99
0.0285545 99
0.0286564 99
0.0276044 99
0.0284506 99
0.0287267 99
0.0285304 99
0.0285128 99
0.028381 99
0.0285379 99
0.0286008 99
0.0284888 99
0.028713 99
0.0277065 99
0.0285202 99
0.0286807 99
0.0287101 99
0.0284789 99
0.0286836 99
0.0285477 99
0.0285979 99
0.0285413 99
0.0286977 99
0.0285265 99
0.028652 99
0.0285888 99
0.0285989 99
0.0285244 99
0.0286217 99
0.0286041 99
0.0285751 99
0.0276601 99
0.028514 99
0.028545 99
0.0286566 99
0.0286127 99
0.0287764 99
0.0287135 99
0.02868 99
0.0285292 99
0.0286207 99
0.028519 99
0.0286773 99
0.0284194 99
0.0285859 99
0.0286644 99
0.0284353 99
0.0279463 99
0.0285585 99
0.028679 99
0.0285824 99
0.0285333 99
0.0286176 99
0.027726 99
0.0286839 99
0.0287463 99
0.0284427 99
0.0287244 99
0.0285303 99
0.0277558 99
0.0285725 99
0.0286971 99
0.0284896 99
0.0285461 99
0.0286874 99
0.0285897 99
0.0287913 99
0.0286577 99
0.0283398 99
0.0287842 99
0.0285815 99
0.0285662 99
0.0287681 99
0.02853 99
0.0286734 99
0.0285458 99
0.0286994 99
0.0285932 99
0.0285847 99
0.0285765 99
0.0285492 99
0.0286503 99
0.0284346 99
0.0287008 99
0.0286157 99
0.0284179 99
0.0287028 99
0.0284701 99
0.0285257 99
0.0283077 99
0.0284848 99
0.0286248 99
0.0285895 99
0.0285881 99
0.0285548 99
0.0285128 99
0.0287183 99
0.0285232 99
0.0286602 99
0.0286162 99
0.0286108 99
0.0288736 99
0.0283826 99
0.0286453 99
0.0285753 99
0.0287268 99
0.0286273 99
0.0276196 99
0.0288316 99
0.0285088 99
0.0287638 99
0.0285483 99
0.0283671 99
0.0287227 99
0.0284148 99
0.0286862 99
0.0284914 99
0.0285876 99
0.0283282 99
0.0286023 99
0.0287042 99
0.0285398 99
0.0285765 99
0.0288188 99
0.0285437 99
0.028607 99
0.0285957 99
0.0284792 99
0.0285759 99
0.0284763 99
0.028599 99
0.0287034 99
0.0287198 99
0.0285141 99
0.0284797 99
0.0283584 99
0.0286081 99
0.0286522 99
0.0285898 99
0.0286473 99
0.0285101 99
0.0282472 99
0.0286468 99
0.0285413 99
0.0285366 99
0.0286569 99
0.0279008 99
0.0285643 99
0.0287106 99
0.028348 99
0.0287308 99
0.028424 99
0.0284057 99
0.0287443 99
0.0284983 99
0.0287073 99
0.0285754 99
0.0277475 99
0.0286104 99
0.0285699 99
0.0285919 99
0.0286496 99
0.0285404 99
0.0286432 99
0.0285813 99
0.0286309 99
0.0284801 99
0.0286739 99
0.0279177 99
0.0287219 99
0.0275605 99
0.0272419 99
0.0274406 99
0.0275478 99
0.0274875 99
0.0275044 99
0.0274035 99
0.0274865 99
0.0276651 99
0.0275581 99
0.0277845 99
0.0286784 99
0.0286137 99
0.028639 99
0.0285441 99
0.0285234 99
0.0286693 99
0.028577 99
0.0286274 99
0.0286025 99
0.0286685 99
0.0285345 99
0.028745 99
0.0287753 99
0.0284763 99
0.0287673 99
0.0285036 99
0.0286081 99
0.0285993 99
0.028663 99
0.0284524 99
0.028695 99
0.0284987 99
0.0287264 99
0.0285944 99
0.0286948 99
0.0285853 99
0.028526 99
0.0287072 99
0.0285669 99
0.0286505 99
0.0286094 99
0.0286608 99
0.0287172 99
0.0285286 99
0.0286866 99
0.0278338 99
0.0285141 99
0.0286932 99
0.0284767 99
0.028824 99
0.0282385 99
0.0287691 99
0.0284177 99
0.0286623 99
0.0285152 99
0.0287294 99
0.0285099 99
0.0286669 99
0.0284662 99
0.028671 99
0.0278177 99
0.0286118 99
0.0287111 99
0.0287349 99
0.0285203 99
0.0286151 99
0.0287486 99
0.0285672 99
0.0285511 99
0.0287292 99
0.02856 99
0.0286445 99
0.0285594 99
0.0286577 99
0.0286558 99
0.0283062 99
0.0280195 99
0.0287765 99
0.0283635 99
0.0287861 99
0.0285069 99
0.0286334 99
0.0285734 99
0.0285748 99
0.0286922 99
0.0285 99
0.0288415 99
0.0277457 99
0.0287901 99
0.0284834 99
0.0286966 99
0.0285277 99
0.0286597 99
0.0286347 99
0.0286375 99
0.0285275 99
0.0286364 99
0.0286867 99
0.0286112 99
0.0287193 99
0.0284448 99
0.0287338 99
0.0282979 99
0.0287488 99
0.0282073 99
0.0287222 99
0.0286239 99
0.0286391 99
0.0285873 99
0.0286784 99
0.0286312 99
0.0286323 99
0.0284646 99
0.0287617 99
0.0284135 99
0.0287678 99
0.029187 99
0.0284194 99
0.028633 99
0.0285211 99
0.0287054 99
0.0285476 99
0.0286327 99
0.0286261 99
0.028443 99
0.0287838 99
0.028586 99
0.0285603 99
0.0286435 99
0.0285031 99
0.0286492 99
0.0285283 99
0.028696 99
0.0286713 99
0.0283699 99
0.0284625 99
0.0286868 99
0.0285253 99
0.0287092 99
0.0285724 99
0.0286265 99
0.0285474 99
0.0286042 99
0.0286781 99
0.0284907 99
0.0287964 99
0.0285761 99
0.0278975 99
0.0283782 99
0.0287533 99
0.0284937 99
0.0286806 99
0.0279432 99
0.0286763 99
0.0285291 99
0.0287367 99
0.0286676 99
0.0287518 99
0.0277897 99
0.0285894 99
0.0286966 99
0.0285146 99
0.0287827 99
0.0284855 99
0.0287851 99
0.0286775 99
0.0284475 99
0.0287578 99
0.0285922 99
0.0285411 99
0.0282888 99
0.0285664 99
0.028693 99
0.0283541 99
0.028756 99
0.0286425 99
0.0284204 99
0.0286825 99
0.0286894 99
0.0285865 99
0.0286094 99
0.0286157 99
0.0288314 99
0.0283764 99
0.0288681 99
0.0283572 99
0.0287257 99
0.0283943 99
0.0283623 99
0.0288251 99
0.0285398 99
0.0285722 99
0.0286832 99
0.0286458 99
0.0285882 99
0.0287957 99
0.0286313 99
0.0285865 99
0.0286347 99
0.028773 99
0.0283535 99
0.0287429 99
0.0284935 99
0.0287281 99
0.0285645 99
0.028708 99
0.028488 99
0.0288576 99
0.0283604 99
0.028657 99
0.0285127 99
0.0287094 99
0.0284565 99
0.0288069 99
0.0285592 99
0.0285464 99
0.0286787 99
0.028598 99
0.0285411 99
0.0286638 99
0.0285497 99
0.0287374 99
0.0285849 99
0.0287506 99
0.0285041 99
0.028781 99
0.028475 99
0.0286392 99
0.0287477 99
0.0282915 99
0.0285563 99
0.0286068 99
0.0284668 99
0.0288417 99
0.0277141 99
0.0288009 99
0.0285076 99
0.028711 99
0.0287278 99
0.0286535 99
0.0285851 99
0.0286873 99
0.0285056 99
0.0286081 99
0.0284597 99
0.0287301 99
0.028481 99
0.0287757 99
0.0285433 99
0.0286894 99
0.0285415 99
0.0286544 99
0.0286155 99
0.0286966 99
0.0285682 99
0.0286957 99
0.0285807 99
0.0288658 99
0.0284887 99
0.028719 99
0.028467 99
0.0288191 99
0.0285547 99
0.0288874 99
0.0285623 99
0.0286651 99
0.0284486 99
0.028715 99
0.0285344 99
0.0288274 99
0.0285032 99
0.0287638 99
0.0284656 99
0.0287114 99
0.0286811 99
0.028216 99
0.028632 99
0.0288138 99
0.0283763 99
0.0288704 99
0.0285492 99
0.0282309 99
0.0285423 99
0.0286556 99
0.02844 99
0.0287622 99
0.0277113 99
0.0287474 99
0.0286817 99
0.028638 99
0.0285267 99
0.0286475 99
0.0412259 99
0.0281525 99
0.0284716 99
0.0285637 99
0.028689 99
0.0282362 99
0.0285535 99
0.028555 99
0.0287494 99
0.0286984 99
0.0285535 99
0.0278766 99
0.0286976 98
0.0285283 98
0.0286994 98
0.0286288 98
0.0285243 98
0.0287862 98
0.0287766 98
0.0285302 98
0.0395875 98
0.022648 98
0.0275514 98
0.027252 98
0.0275001 98
0.0275303 98
0.027532 98
0.0275127 98
0.0276949 98
0.0275997 98
0.0274827 98
0.02772 98
0.027388 98
0.027983 98
0.0275671 98
0.0275683 98
0.0277344 98
0.0277303 98
0.0274961 98
0.0276727 98
0.0273245 98
0.0276037 98
0.0275908 98
0.0273114 98
0.0276326 98
0.0276318 98
0.0274485 98
0.0277116 98
0.0274626 98
0.0276516 99
0.0274317 99
0.0276527 99
0.027285 99
0.0276975 99
0.0274189 99
0.0279185 99
0.0285243 99
0.0287535 99
0.0285749 99
0.0287431 99
0.0282088 99
0.0285638 99
0.0285158 99
0.0288027 99
0.0284776 99
0.0288745 99
0.0285475 99
0.0285638 99
0.0287421 99
0.0286807 99
0.028643 99
0.0285929 99
0.0286681 99
0.02794 99
0.0285603 99
0.0288912 99
0.0284565 99
0.0287043 99
0.0285901 99
0.0286658 99
0.0284665 99
0.0286723 99
0.0285676 99
0.0286189 99
0.028787 99
0.0286425 99
0.028743 99
0.028537 99
0.0286873 99
0.0285473 99
0.0289479 99
0.0284127 99
0.0290214 99
0.0283682 99
0.0287364 99
0.0276877 99
0.0286978 99
0.028664 99
0.028798 99
0.0285163 99
0.0287351 99
0.0284416 99
0.0288266 99
0.0284936 99
0.0287846 99
0.0284424 99
0.0283716 99
0.0286365 99
0.0287445 99
0.0285663 99
0.0287607 99
0.028691 99
0.0288245 99
0.0285564 99
0.0286443 99
0.0284969 99
0.0286958 99
0.0278582 99
0.0288621 99
0.0285348 99
0.0287654 99
0.028559 99
0.0278281 99
0.0293335 99
0.0285957 99
0.0285425 99
0.0286243 99
0.0286941 99
0.0282307 99
0.0286627 99
0.0285755 99
0.0287062 99
0.028689 99
0.0285263 99
0.0278733 99
0.0287929 99
0.0284954 99
0.0287979 99
0.0285465 99
0.0287595 99
0.0285759 99
0.0287171 99
0.0287293 99
0.0284848 99
0.0287909 99
0.0283972 99
0.0280161 99
0.0285125 99
0.02872 99
0.028601 99
0.0287347 99
0.0286283 99
0.0289173 99
0.0286397 99
0.028508 99
0.0286519 99
0.0286015 99
0.0287479 99
0.0286547 99
0.0287428 99
0.0284751 99
0.0288195 99
0.0281478 99
0.0286864 99
0.0286222 99
0.0287498 99
0.0284354 99
0.0285431 99
0.0287742 99
0.0284353 99
0.0286002 99
0.0287929 99
0.028487 99
0.0288187 99
0.0284773 99
0.0287705 99
0.028595 99
0.0286732 99
0.0285792 99
0.0289336 99
0.0286144 99
0.028698 99
0.0285394 99
0.0287702 99
0.0280692 99
0.0288437 99
0.0284371 99
0.0286507 99
0.0285709 99
0.0282734 99
0.028662 99
0.0287 99
0.0286586 99
0.0285076 99
0.02828 99
0.0290059 99
0.0283489 99
0.0286501 99
0.0287406 99
0.0284768 99
0.0288862 99
0.0283466 99
0.028845 99
0.0285436 99
0.0286461 99
0.0286018 99
0.0286076 99
0.0288415 99
0.0285643 99
0.0285852 99
0.0288762 99
0.028397 99
0.0284894 99
0.0285915 99
0.0288368 99
0.0284612 99
0.0286077 99
0.0282495 99
0.0287433 99
0.0286089 99
0.0286647 99
0.0284817 99
0.0288259 99
0.0285295 99
0.0286603 99
0.0287722 99
0.0284421 99
0.0287055 99
0.0286898 99
0.028747 99
0.028646 99
0.0288539 99
0.0284052 99
0.0287162 99
0.0285916 99
0.0287156 99
0.0286461 99
0.0285819 99
0.0284864 99
0.0288076 99
0.0285632 99
0.0279457 99
0.0285137 99
0.0287695 99
0.0288081 99
0.0286501 99
0.0288057 99
0.0284811 99
0.0286825 99
0.0287733 99
0.0284749 99
0.0285872 99
0.0279856 99
0.0284416 99
0.0287739 99
0.0286788 99
0.0286384 99
0.0287232 99
0.0289322 99
0.0284354 99
0.0285729 99
0.0287675 99
0.0285679 99
0.0287039 99
0.0287318 99
0.0281688 99
0.0288432 99
0.0287133 99
0.0285145 99
0.0286947 99
0.0283885 99
0.0285182 99
0.0287038 99
0.028781 99
0.0284898 99
0.0285877 99
0.0290106 99
0.0284036 99
0.0288927 99
0.0287264 99
0.0285853 99
0.0283894 99
0.0285379 99
0.0289215 99
0.0284875 99
0.0287321 99
0.0285282 99
0.0286014 99
0.0285688 99
0.0285815 99
0.0298929 99
0.0273354 99
0.0285862 99
0.0287543 99
0.0285228 99
0.0287985 99
0.0285889 99
0.028603 99
0.0276268 99
0.0286339 99
0.0288322 99
0.0285439 99
0.0287032 99
0.0287724 99
0.0284557 99
0.0287911 99
0.0287092 99
0.0285959 99
0.028607 99
0.0286707 99
0.0287015 99
0.028252 99
0.0288679 99
0.0285358 99
0.0285687 99
0.0288875 99
0.0284939 99
0.0287615 99
0.0284307 99
0.0284428 99
0.0287351 99
0.0286578 99
0.0286141 99
0.0286321 99
0.0287826 99
0.0285351 99
0.0286548 99
0.0289405 99
0.0283773 99
0.0287806 99
0.0286551 99
0.0286206 99
0.0287197 99
0.0287268 99
0.0285135 99
0.0284069 99
0.0285611 99
0.0286975 99
0.0285771 99
0.0287064 99
0.0287178 99
0.0286122 99
0.0286647 99
0.0284588 99
0.0288256 99
0.0287025 99
0.0288216 99
0.0285249 99
0.0286684 99
0.0287314 99
0.0286037 99
0.0288069 99
0.0285329 99
0.0285936 99
0.0287758 99
0.0284888 99
0.0278628 99
0.028736 99
0.0286042 99
0.0286129 99
0.0286887 99
0.028735 99
0.0285996 99
0.0287743 99
0.0285423 99
0.028613 99
0.028949 99
0.0284722 99
0.0286933 99
0.0285446 99
0.028816 99
0.028653 99
0.0283411 99
0.0285723 99
0.0287322 99
0.028553 99
0.0288029 99
0.0276514 99
0.0286875 99
0.0288023 99
0.0284343 99
0.028607 99
0.0277555 99
0.0287723 99
0.028726 99
0.0285796 99
0.0287193 99
0.0286193 99
0.0289584 99
0.0281835 99
0.0288754 99
0.0284867 99
0.0286121 99
0.0289083 99
0.0284943 99
0.0286499 99
0.0286885 99
0.0286574 99
0.0285704 99
0.0286577 99
0.0287372 99
0.0282838 99
0.0286439 99
0.028845 99
0.0285093 99
0.0288665 99
0.0285085 99
0.0282784 99
0.0287525 99
0.0284204 99
0.028772 99
0.028769 99
0.02855 99
0.0285631 99
0.0286218 99
0.0287298 99
0.0285697 99
0.0288186 99
0.0285971 99
0.0284798 99
0.0287647 99
0.0285006 99
0.0286828 99
0.028595 99
0.0279931 99
0.0284819 99
0.0286566 99
0.0288503 99
0.0285076 99
0.0288365 99
0.0284817 99
0.02863 99
0.0288112 99
0.0285783 99
0.028792 99
0.0288231 99
0.0275592 99
0.0288439 99
0.0286415 99
0.0285607 99
0.0286255 99
0.0286547 99
0.0293637 99
0.028504 99
0.0288847 99
0.0285333 99
0.0287438 99
0.0287179 99
0.028481 99
0.02886 99
0.0286891 99
0.0286142 99
0.0285667 99
0.0286378 99
0.028776 99
0.0285759 99
0.0288239 99
0.0288591 99
0.0284002 99
0.0282777 99
0.0286839 99
0.0287248 99
0.0286484 99
0.028564 99
0.0286708 99
0.02868 99
0.0288745 99
0.0285392 99
0.0287508 99
0.0287385 99
0.0285429 99
0.0286552 99
0.0285427 99
0.0286218 99
0.0286999 99
0.0287435 99
0.0285934 99
0.0285853 99
0.0289253 99
0.0285081 99
0.0286418 99
0.0286835 99
0.0285373 99
0.0278821 99
0.0286377 99
0.0286308 99
0.0287151 99
0.0285065 99
0.0287475 99
0.0286899 99
0.0286419 99
0.0286114 99
0.0287052 99
0.0286018 99
0.0285787 99
0.0287751 99
0.0283616 99
0.0286052 99
0.0287438 99
0.0287202 99
0.0286505 99
0.0286027 99
0.0288724 99
0.0285026 99
0.0286255 99
0.0286642 99
0.0285964 99
0.0286129 99
0.0284581 99
0.0286501 99
0.0287851 99
0.0284778 99
0.0287149 99
0.0280519 99
0.0284069 99
0.0287226 99
0.0286664 99
0.0286436 99
0.0286994 99
0.0289841 99
0.0286862 99
0.028483 99
0.0288779 99
0.0285343 99
0.0286752 99
0.0283926 99
0.028509 99
0.0287764 99
0.0286101 99
0.0286702 99
0.028679 99
0.0277315 99
0.0287018 99
0.0285128 99
0.0290068 99
0.0284377 99
0.0287365 99
0.0282649 99
0.028702 99
0.0285197 99
0.0287598 99
0.0287309 99
0.0286373 99
0.028497 99
0.0288069 99
0.0284802 99
0.0288155 99
0.0278147 99
0.028548 99
0.0289808 99
0.0285876 99
0.0287316 99
0.028793 99
0.0286333 99
0.0287383 99
0.0287935 99
0.0286808 99
0.028673 99
0.0286722 99
0.0289882 99
0.0284892 99
0.0288687 99
0.0285493 99
0.0286604 99
0.0286845 99
0.0286073 99
0.0287232 99
0.0287137 99
0.0285803 99
0.0287281 99
0.0286258 99
0.0287634 99
0.0284482 99
0.0290038 99
0.0284916 99
0.0286407 99
0.028718 99
0.0284853 99
0.028823 99
0.0287041 99
0.0289135 99
0.0282999 99
0.0287154 99
0.0287122 99
0.0283908 99
0.0287879 99
0.0286948 99
0.0282235 99
0.0287475 99
0.0285081 99
0.0288305 99
0.0286821 99
0.0286097 99
0.0288641 99
0.0287663 99
0.0287141 99
0.0285427 99
0.0288423 99
0.0276379 99
0.0287063 99
0.0287675 99
0.0287093 99
0.028758 99
0.0285866 99
0.0278285 99
0.0287209 99
0.0286776 99
0.0286562 99
0.0285836 99
0.0287876 99
0.02868 99
0.028477 99
0.0287605 99
0.0288642 99
0.0281498 99
0.0286006 99
0.028663 99
0.028653 99
0.0287404 99
0.0287646 99
0.0286609 99
0.0285417 99
0.0289291 99
0.0286169 99
0.0285628 99
0.0287407 99
0.0286713 99
0.0286511 99
0.0285378 99
0.0280963 99
0.0285058 99
0.0288048 99
0.0285639 99
0.0286531 99
0.0288435 99
0.028513 99
0.0287236 99
0.0287473 99
0.0284805 99
0.0287865 99
0.02846 99
0.0287463 99
0.0286598 99
0.0287711 99
0.0285779 99
0.0286773 99
0.0286791 99
0.0286037 99
0.0287522 99
0.0287157 99
0.0285241 99
0.0288242 99
0.0288013 99
0.0284282 99
0.0286862 99
0.0286134 99
0.0287199 99
0.0286323 99
0.028873 99
0.0284668 99
0.0286727 99
0.0287459 99
0.0275149 99
0.0287491 99
0.0289125 99
0.0285732 99
0.0287024 99
0.0285072 99
0.0288347 99
0.0285209 99
0.0288232 99
0.0285048 99
0.0286268 99
0.0285472 99
0.0286106 99
0.0286748 99
0.0287142 99
0.0284969 99
0.028698 99
0.0287869 99
0.0286839 99
0.0286436 99
0.0286895 99
0.0285864 99
0.027831 99
0.0288898 99
0.0286568 99
0.0287089 99
0.0287831 99
0.0285063 99
0.0289732 99
0.0286766 99
0.0285812 99
0.0287296 99
0.0285698 99
0.0287982 99
0.0285559 99
0.028761 99
0.0285743 99
0.0286045 99
0.0284668 99
0.0285116 99
0.0287229 99
0.0287969 99
0.0285109 99
0.028612 99
0.0286629 99
0.0286565 99
0.0285858 99
0.0288921 99
0.0285382 99
0.0287821 99
0.028792 99
0.0285351 99
0.0287512 99
0.0287131 99
0.0285224 99
0.0286543 99
0.0287208 99
0.0285712 99
0.0286736 99
0.0285962 99
0.0287188 99
0.0282991 99
0.0289668 99
0.0286336 99
0.0287575 99
0.0287804 99
0.0281511 99
0.0287472 99
0.0287899 99
0.0286502 99
0.0286819 99
0.0287685 99
0.0285474 99
0.0286723 99
0.0288661 99
0.0284679 99
0.0286621 99
0.0286811 99
0.028671 99
0.0288626 99
0.0284985 99
0.0287081 99
0.0286846 99
0.0285324 99
0.0287528 99
0.0286367 99
0.028899 99
0.0285219 99
0.0285717 99
0.0288296 99
0.0284458 99
0.0288149 99
0.0287819 99
0.0286441 99
0.028676 99
0.0285009 99
0.0288929 99
0.0287432 99
0.0288051 99
0.0286149 99
0.028553 99
0.0289234 99
0.0285323 99
0.0287325 99
0.0284177 99
0.0285459 99
0.0287248 99
0.0288097 99
0.0285998 99
0.0287659 99
0.0286817 99
0.0286975 99
0.0285517 99
0.0288857 99
0.0284479 99
0.0286765 99
0.0287202 99
0.0284749 99
0.0287081 99
0.0286971 99
0.0286853 99
0.0286723 99
0.0284872 99
0.0284943 99
0.0286866 99
0.0288767 99
0.0285755 99
0.0283952 99
0.0286371 99
0.0286416 99
0.0286806 99
0.0287776 99
0.028567 99
0.028811 99
0.0286778 99
0.0288252 99
0.0286902 99
0.0287893 99
0.0287863 99
0.028602 99
0.0284489 99
0.0286225 99
0.0286967 99
0.0287636 99
0.0285915 99
0.0286876 99
0.0282406 99
0.0285611 99
0.0285786 99
0.0290607 99
0.0284354 99
0.0285465 99
0.0288815 99
0.0286339 99
0.0287529 99
0.0287065 99
0.0285774 99
0.0285622 99
0.0287199 99
0.0287141 99
0.028627 99
0.0288192 99
0.0285775 99
0.0285906 99
0.0281113 99
0.0284851 99
0.0287325 99
0.0287879 99
0.0285226 99
0.028929 99
0.0288182 99
0.0285949 99
0.0286262 99
0.0285961 99
0.0287503 99
0.0278828 99
0.0288369 99
0.0287445 99
0.028721 99
0.028709 99
0.0284765 99
0.0288027 99
0.0289569 99
0.0286093 99
0.0287871 99
0.0284353 99
0.0289359 99
0.0286715 99
0.0294559 99
0.027606 99
0.028565 99
0.0288796 99
0.0285461 99
0.0288208 99
0.0286677 99
0.0285945 99
0.028731 99
0.0287723 99
0.0286777 99
0.028352 99
0.0287589 99
0.0285743 99
0.0286186 99
0.0289792 99
0.028279 99
0.0286976 99
0.0288169 99
0.0285631 99
0.0287431 99
0.0283931 99
0.0286152 99
0.0286696 99
0.0287159 99
0.0287004 99
0.0277383 99
0.0288369 99
0.0287019 99
0.0285405 99
0.0288474 99
0.0285099 99
0.0288099 99
0.0288707 99
0.0294367 99
0.0278542 99
0.0285714 99
0.0287475 99
0.028656 99
0.0286349 99
0.0286078 99
0.0285799 99
0.0289001 99
0.0281396 99
0.028702 99
0.0287966 99
0.0286075 99
0.0288323 99
0.0287522 99
0.0286856 99
0.0286953 99
0.0288137 99
0.0285678 99
0.0286887 99
0.0288436 99
0.0285547 99
0.0287679 99
0.0287942 99
0.028552 99
0.028567 99
0.0287983 99
0.0286858 99
0.0285999 99
0.0286315 99
0.0286978 99
0.0285412 99
0.0290265 99
0.0285656 99
0.0287268 99
0.0287476 99
0.0286167 99
0.028775 99
0.0289156 99
0.0286148 99
0.028732 99
0.0288269 99
0.0285591 99
0.0287032 99
0.028514 99
0.0285088 99
0.0286228 99
0.0287611 99
0.0285353 99
0.0288303 99
0.0280184 99
0.0286544 99
0.0287413 99
0.0286861 99
0.0287995 99
0.0287604 99
0.0284401 99
0.0286174 99
0.0285885 99
0.0289919 99
0.0284819 99
0.0287684 99
0.0289159 99
0.0286003 99
0.0287038 99
0.0288325 99
0.0286326 99
0.0286034 99
0.0284506 99
0.0288794 99
0.0285857 99
0.0288369 99
0.0286858 99
0.0277212 99
0.0288868 99
0.0285815 99
0.0290978 99
0.0284861 99
0.028825 99
0.0275749 99
0.0288073 99
0.0286667 99
0.0287008 99
0.0288377 99
0.0278745 99
0.028513 99
0.028845 99
0.0285191 99
0.028709 99
0.028745 99
0.0286242 99
0.0286217 99
0.0287402 99
0.0287057 99
0.0287383 99
0.0287043 99
0.0287099 99
0.02873 99
0.0287883 99
0.0285522 99
0.0280063 99
0.028742 99
0.0285799 99
0.0289796 99
0.028651 99
0.027873 99
0.0287171 99
0.0288212 99
0.0288075 99
0.028686 99
0.0289385 99
0.0290018 99
0.029206 99
0.0304629 99
0.026552 99
0.0285117 99
0.027829 99
0.0286663 99
0.0286938 99
0.0286557 99
0.0287221 99
0.0286061 99
0.0288737 99
0.0286118 99
0.0286289 99
0.0289578 99
0.0285643 99
0.0290152 99
0.0280273 99
0.0287281 99
0.0287187 99
0.0287115 99
0.0286889 99
0.0287161 99
0.0287531 99
0.0286172 99
0.0286635 99
0.0295553 99
0.0292142 99
0.0285967 99
0.0267934 99
0.0287065 99
0.0288801 99
0.028721 99
0.0287545 99
0.0285881 99
0.0289379 99
0.0284985 99
0.0287698 99
0.0288502 99
0.028662 99
0.0286794 99
0.0288475 99
0.0285834 99
0.0287915 99
0.0283483 99
0.0286455 99
0.0288221 99
0.0288455 99
0.029275 99
0.0279345 99
0.028753 99
0.0286262 99
0.0286322 99
0.0287359 99
0.0287444 99
0.0288754 99
0.0287188 99
0.0287348 99
0.0287133 99
0.0311541 99
0.0271896 99
0.028029 99
0.0291209 99
0.0282611 99
0.0285254 99
0.0289033 99
0.0282661 99
0.0288198 99
0.0286531 99
0.0287378 99
0.0288499 99
0.0276778 99
0.0289103 99
0.0292944 99
0.0285724 99
0.0283522 99
0.0288089 99
0.0286622 99
0.0286829 99
0.0285775 99
0.0288148 99
0.0285027 99
0.0287829 99
0.0284034 99
0.0304749 99
0.026991 99
0.0286325 99
0.028708 99
0.0286324 99
0.0279929 99
0.0287295 99
0.0286665 99
0.0287486 99
0.028699 99
0.0287362 99
0.0287944 99
0.02892 99
0.0284874 99
0.029 99
0.0285427 99
0.0286873 99
0.0280684 99
0.0286617 99
0.0287026 99
0.0289088 99
0.0284399 99
0.0287499 99
0.0288694 99
0.0286518 99
0.0286928 99
0.0289107 99
0.028732 99
0.0285596 99
0.0289623 99
0.028475 99
0.0286597 99
0.0286298 99
0.0287064 99
0.0285271 99
0.0288342 99
0.0285418 99
0.0286803 99
0.0287446 99
0.0286786 99
0.0285739 99
0.0287389 99
0.0287324 99
0.0286389 99
0.028966 99
0.028691 99
0.028798 99
0.0286382 99
0.028508 99
0.0288845 99
0.0286851 99
0.0286873 99
0.0287095 99
0.0286885 99
0.0287126 99
0.0286147 99
0.0288348 99
0.027713 99
0.0287705 99
0.0288837 99
0.028559 99
0.0287595 99
0.0286391 99
0.0303006 99
0.0274309 99
0.0277729 99
0.0288597 99
0.028676 99
0.0287072 99
0.0282223 99
0.0286762 99
0.0289183 99
0.0285305 99
0.0288873 99
0.0286991 99
0.0285732 99
0.0286831 99
0.0286053 99
0.0288492 99
0.0286946 99
0.0289593 99
0.028606 99
0.0285274 99
0.0288643 99
0.0286314 99
0.0287441 99
0.0289098 99
0.0287667 99
0.0283264 99
0.0286824 99
0.0326032 99
0.0298 99
0.0269715 99
0.0267367 99
0.0270064 99
0.026704 99
0.0292747 99
0.0286718 99
0.0287277 99
0.0282457 99
0.0270861 99
0.0274094 99
0.0282205 99
0.0271737 99
0.0275506 99
0.0271362 99
0.025404 99
0.0265091 99
0.0276754 99
0.0277021 99
0.0274496 99
0.0276889 99
0.0276488 99
0.0295428 99
0.0265715 99
0.0296515 99
0.0270987 99
0.026591 99
0.0267877 99
0.0283348 99
0.0267554 99
0.0284327 99
0.0286597 99
0.0263651 99
0.0274528 99
0.027303 99
0.0276303 99
0.028244 99
0.0270405 99
0.0274851 99
0.0277929 99
0.0286429 99
0.0283563 99
0.0288503 99
0.0288317 99
0.0308404 99
0.0285876 99
0.0289882 99
0.0282668 99
0.026766 99
0.0295239 99
0.0280681 99
0.0285776 99
0.0289244 99
0.0285959 99
0.0311106 99
0.0285224 99
0.0265574 99
0.0285279 99
0.0276574 99
0.0288248 99
0.0287332 99
0.0290155 99
0.0284762 99
0.0286017 99
0.0289907 99
0.0285595 99
0.0288299 99
0.0286767 99
0.0287237 99
0.0287137 99
0.0287879 99
0.0286885 99
0.0304684 99
0.0274108 99
0.0282435 99
0.0282286 99
0.0288993 99
0.0285414 99
0.0325354 99
0.0331544 99
0.028771 99
0.0292195 99
0.0288718 99
0.0294201 99
0.0297347 98
0.0267582 98
0.0266347 98
0.0295875 98
0.0276062 98
0.0269959 98
0.0275451 98
0.0272919 98
0.0287791 98
0.0318575 98
0.0307701 98
0.03006 98
0.0285913 98
0.0282984 98
0.0278478 98
0.0310817 98
0.0281039 98
0.0298792 98
0.0295682 98
0.0291842 98
0.0271074 98
0.0295142 98
0.0302801 98
0.0279186 98
0.0270705 98
0.0274784 98
0.0276439 98
0.0270183 98
0.0276557 98
0.0292366 98
0.0276944 98
0.0316089 98
0.0295058 98
0.0285985 98
0.0311655 98
0.0279593 98
0.0275399 96
0.0271959 96
0.0269241 96
0.0290345 96
0.0279561 96
0.0268538 96
0.0276216 96
0.0293498 96
0.0289446 96
0.0276274 96
0.0281957 96
0.0266329 96
0.0279657 96
0.0278082 96
0.0276267 96
0.0278495 96
0.0292127 96
0.0272096 96
0.0276266 96
0.0311546 96
0.0289312 96
0.028065 96
0.0278452 96
0.0283124 96
0.0272939 96
0.0279549 96
0.028004 96
0.0272171 96
0.0290384 96
0.0298551 96
0.0284602 96
0.0317728 96
0.0290855 96
0.0316157 96
0.0272865 96
0.0278387 97
0.0271374 97
0.0278339 97
0.0270493 97
0.0282415 97
0.0279785 97
0.0276347 97
0.0307805 97
0.0316817 97
0.0300062 97
0.0299909 97
0.0285395 97
0.0302578 97
0.0287401 97
0.0293286 97
0.0306805 97
0.0281706 97
0.0318332 97
0.0289392 97
0.0364653 97
0.031353 97
0.0293829 97
0.0275254 97
0.027985 97
0.028484 97
0.0274924 97
0.0283371 97
0.0303248 97
0.0299857 97
0.0298431 97
0.0295824 97
0.0290674 97
0.0311878 97
0.027662 97
0.0274513 97
0.0301759 94
0.0302672 94
0.028035 94
0.0286605 94
0.0286937 94
0.0284896 94
0.0284035 94
0.0287909 94
0.0321422 94
0.0299395 94
0.0286191 94
0.0284054 94
0.0289252 94
0.0292761 94
0.0304852 94
0.032616 94
0.0289744 94
0.0293586 94
0.0295743 94
0.0292646 94
0.0279697 94
0.0294149 94
0.0291801 94
0.0277938 94
0.0325117 94
0.0298057 94
0.0304942 94
0.0312085 94
0.0304745 94
0.030225 94
0.0304653 94
0.0308165 94
0.0275028 94
0.0287467 94
0.030762 93
0.0277847 93
0.0298176 93
0.0289964 93
0.0321067 93
0.0303905 93
0.0317268 93
0.0286342 93
0.0300862 93
0.0287501 93
0.0321599 93
0.0306008 93
0.0300304 93
0.0294784 93
0.0296994 93
0.0300451 93
0.0287739 93
0.0326261 93
0.0307146 93
0.0298534 93
0.030833 93
0.0286374 93
0.0290319 93
0.0328408 93
0.0318229 93
0.0297033 93
0.0304914 93
0.0304166 93
0.0304423 93
0.0310987 93
0.0321539 93
0.0282063 93
0.0287597 93
0.029152 93
0.0295387 91
0.0308605 91
0.0286822 91
0.0303664 91
0.0294539 91
0.0302688 91
0.0295628 91
0.0302016 91
0.029071 91
0.0300935 91
0.0303576 91
0.0299424 91
0.0288988 91
0.0305727 91
0.0301399 91
0.0299518 91
0.0298565 91
0.0302766 91
0.0310878 91
0.032 91
0.0321789 91
0.0305764 91
0.0304484 91
0.0321268 91
0.0300786 91
0.0327066 91
0.0310717 91
0.0323568 91
0.0312461 91
0.0320025 91
0.0293298 91
0.0297354 91
0.0291127 91
0.0309766 91
0.0299144 91
0.029593 91
0.0289804 91
0.0317023 91
0.0294668 91
0.0320022 91
0.0303466 91
0.0309069 91
0.0289579 91
0.0314312 91
0.0302086 91
0.0312322 91
0.0307525 91
0.0311751 91
0.0292062 91
0.0320982 91
0.0298821 91
0.0302053 91
0.0306841 91
0.0310599 91
0.0283771 91
0.0346279 91
0.0323866 91
0.0321029 91
0.0330725 91
0.0314201 91
0.0337747 91
0.0318338 91
0.0300786 91
0.0315371 91
0.0304914 91
0.0309146 91
0.0298587 89
0.0312662 89
0.0299363 89
0.0328068 89
0.0316247 89
0.0308175 89
0.0289233 89
0.0311505 89
0.0303257 89
0.0316519 89
0.0306665 89
0.0312159 89
0.0302956 89
0.0306317 89
0.029919 89
0.0305833 89
0.0310047 89
0.0313852 89
0.0311155 89
0.0303249 89
0.0315271 89
0.0301888 89
0.0315479 89
0.0318765 89
0.0327997 89
0.0323803 89
0.0326694 89
0.0325736 89
0.0322559 89
0.0321566 89
0.0289659 89
0.0325344 89
0.0302651 88
0.0340945 88
0.032061 88
0.0307272 88
0.0317682 88
0.0305596 88
0.0318179 88
0.0293765 88
0.035686 88
0.0314379 88
0.0307466 88
0.0312138 88
0.0312079 88
0.0320964 88
0.0318489 88
0.0326292 88
0.0306244 88
0.031998 88
0.0304587 88
0.0312473 88
0.0308041 88
0.0331713 88
0.034708 88
0.0332795 88
0.034635 88
0.0336566 88
0.0320861 88
0.0340782 88
0.0310311 88
0.033064 88
0.0311378 88
0.0308124 88
0.0326062 86
0.0315477 86
0.0293024 86
0.0314966 86
0.0308705 86
0.0339297 86
0.0312354 86
0.0343414 86
0.0323045 86
0.031408 86
0.032388 86
0.0312504 86
0.0327644 86
0.0309758 86
0.0305561 86
0.0315217 86
0.0331952 86
0.0326246 86
0.0308315 86
0.0325936 86
0.0314898 86
0.0327547 86
0.0335927 86
0.0324671 86
0.0354877 86
0.0326764 86
0.0330363 86
0.0313469 86
0.0318742 86
0.0321729 86
0.0308568 86
0.0310903 86
0.0336014 85
0.0315153 85
0.03332 85
0.0310139 85
0.032294 85
0.0331102 85
0.032204 85
0.0323429 85
0.0319977 85
0.0321644 85
0.0327125 85
0.0312021 85
0.0309022 85
0.0323441 85
0.0319669 85
0.0314244 85
0.0332738 85
0.0314624 85
0.0327972 85
0.0320805 85
0.0415247 85
0.0337189 85
0.0354067 85
0.0331704 85
0.0323239 85
0.0364844 85
0.0328637 85
0.0311041 85
0.0315201 85
0.0313796 85
0.0319042 85
0.0335138 84
0.0324517 84
0.0318578 84
0.0322458 84
0.0344297 84
0.032501 84
0.0325353 84
0.0336256 84
0.0316918 84
0.033706 84
0.0327233 84
0.0316174 84
0.032883 84
0.0325015 84
0.03363 84
0.0334896 84
0.0318752 84
0.0338929 84
0.0328206 84
0.0322261 84
0.0326871 84
0.0342613 84
0.0342511 84
0.0361987 84
0.0355239 84
0.030938 84
0.0325313 84
0.0323684 84
0.0341522 84
0.0325796 84
0.0344195 84
0.0343236 84
0.0330691 84
0.0328774 84
0.0355674 84
0.0336395 84
0.0323193 84
0.0326025 84
0.0321855 84
0.033161 84
0.0334613 84
0.0317315 84
0.0345007 84
0.0330683 84
0.0318587 84
0.0341232 84
0.032239 84
0.031976 84
0.0324538 84
0.0318906 84
0.035628 84
0.0387545 84
0.0381814 84
0.0355674 84
0.0329296 84
0.0327061 84
0.032506 84
0.0328058 84
0.0325393 84
0.0323999 84
0.0365469 84
0.0340528 82
0.0319892 82
0.0333392 82
0.0322131 82
0.0323351 82
0.0361729 82
0.0330681 82
0.0346207 82
0.0350734 82
0.0325406 82
0.0320173 82
0.0331929 82
0.032546 82
0.0336254 82
0.0355859 82
0.0337389 82
0.0323104 82
0.0361342 82
0.0358004 82
0.0365173 82
0.037569 82
0.0347084 82
0.0354601 82
0.0344247 82
0.0345041 82
0.0329042 82
0.0324385 82
0.0329646 82
0.0321016 82
0.0325865 82
0.0335148 82
0.0321364 82
0.034201 82
0.0332486 82
0.0321548 82
0.0336713 82
0.0325908 82
0.0328439 82
0.0358915 82
0.0339052 82
0.0327564 82
0.0335457 82
0.032537 82
0.0321172 82
0.034545 82
0.0329788 82
0.0335036 82
0.0338246 82
0.0348412 82
0.0347279 82
0.0355689 82
0.0387033 82
0.0362518 82
0.0350018 82
0.0340021 82
0.0328764 82
0.0329455 82
0.0337595 82
0.0326322 82
0.0347478 82
0.0338918 82
0.0349074 82
0.0344177 82
0.0349315 82
0.0329183 82
0.0350634 82
0.0364388 82
0.0349625 82
0.0340072 82
0.0333108 82
0.0335185 82
0.033959 82
0.0331913 82
0.0339428 82
0.0360391 82
0.034585 82
0.0353473 82
0.0368028 82
0.0348414 82
0.0359094 82
0.0418354 82
0.0348798 82
0.0426191 82
0.0346688 82
0.0335058 82
0.0351751 82
0.0363236 82
0.0332078 82
0.0329673 79
0.0519654 79
0.0355869 79
0.0360293 79
0.0383831 79
0.0339721 79
0.0335128 79
0.0343253 79
0.0344215 79
0.0332389 79
0.0362166 79
0.0359179 79
0.0333726 79
0.0338603 79
0.035546 79
0.0373933 79
0.0357327 79
0.0353077 79
0.0377811 79
0.0375021 79
0.0367936 79
0.0365708 79
0.0342425 79
0.0332564 79
0.0341225 79
0.0361077 79
0.0342735 79
0.0350827 79
0.0335212 79
0.0332622 78
0.0348351 78
0.0331964 78
0.0334914 78
0.0359545 78
0.0348729 78
0.0338672 78
0.0342015 78
0.0353363 78
0.0344868 78
0.0331556 78
0.0345941 78
0.0335608 78
0.0338337 78
0.0354136 78
0.0334697 78
0.0347886 78
0.0375152 78
0.0382351 78
0.0353253 78
0.0352355 78
0.0338553 78
0.035103 78
0.0334373 78
0.0337419 78
0.0349315 78
0.0333889 78
0.0335322 78
0.0350675 78
0.0370051 81
0.0354623 81
0.0331981 81
0.0348602 81
0.0337378 81
0.0339829 81
0.0354061 81
0.0336561 81
0.0344105 81
0.0351406 81
0.0367704 81
0.0361297 81
0.0343297 81
0.0341018 81
0.0345247 81
0.0349467 81
0.0358728 81
0.036337 81
0.0367411 81
0.0383105 81
0.0355969 81
0.0331497 81
0.0361436 81
0.0350448 81
0.034101 81
0.0347072 81
0.0342286 81
0.0342359 81
0.0337153 81
0.0347003 79
0.0350983 79
0.0340113 79
0.0345552 79
0.0349408 79
0.0346257 79
0.0351604 79
0.0350089 79
0.0342221 79
0.0343379 79
0.036312 79
0.0340141 79
0.0369835 79
0.0366675 79
0.0357177 79
0.0350151 79
0.0370702 79
0.0380689 79
0.0362621 79
0.0372449 79
0.0351458 79
0.0338531 79
0.0344433 79
0.034756 79
0.0340982 79
0.034069 79
0.036194 79
0.0352179 79
0.0346536 79
0.0343046 80
0.03486 80
0.0346418 80
0.0343995 80
0.037802 80
0.0367984 80
0.0357029 80
0.0342645 80
0.0362536 80
0.0359469 80
0.034296 80
0.0350144 80
0.0358458 80
0.035323 80
0.0355955 80
0.0399869 80
0.0376725 80
0.0364727 80
0.0389721 80
0.0357294 80
0.0347618 80
0.03471 80
0.0358975 80
0.0349753 80
0.0342168 80
0.0342734 80
0.0371407 80
0.0351617 80
0.0342384 78
0.0350291 78
0.0352357 78
0.0340384 78
0.0352917 78
0.038452 78
0.0384 78
0.0380179 78
0.0347524 78
0.0348595 78
0.0350057 78
0.0359571 78
0.0382508 78
0.036874 78
0.0353781 78
0.0374001 78
0.0372122 78
0.0386667 78
0.0361909 78
0.0352401 78
0.0339968 78
0.0353102 78
0.034722 78
0.0377671 78
0.0357901 78
0.0375028 78
0.0349652 78
0.0348458 78
0.0348478 79
0.0369353 79
0.0352194 79
0.0356449 79
0.0353411 79
0.0392641 79
0.0378573 79
0.0380836 79
0.036293 79
0.0356696 79
0.03495 79
0.0360615 79
0.0379184 79
0.0354197 79
0.0365362 79
0.0401432 79
0.0382694 79
0.0370671 79
0.0389347 79
0.0352378 79
0.0379076 79
0.0351847 79
0.035051 79
0.0352363 79
0.0369971 79
0.0363844 79
0.0356676 79
0.036098 79
0.0356286 77
0.0348816 77
0.0354506 77
0.0387041 77
0.0400459 77
0.0364167 77
0.0350108 77
0.0358783 77
0.035443 77
0.03855 77
0.0359073 77
0.0362813 77
0.0348357 77
0.0367913 77
0.0390726 77
0.0446946 77
0.0397716 77
0.0386255 77
0.0356777 77
0.0349915 77
0.0353072 77
0.0357336 77
0.0358013 77
0.0358016 77
0.0353698 77
0.0347366 77
0.0373493 77
0.0352784 77
0.0359364 76
0.0356725 76
0.0369367 76
0.036144 76
0.0357651 76
0.0352937 76
0.0379371 76
0.0371477 76
0.0364506 76
0.0382662 76
0.0379814 76
0.0358241 76
0.0365787 76
0.0438725 76
0.0404639 76
0.0401511 76
0.0395704 76
0.0357251 76
0.0356401 76
0.0357533 76
0.035328 76
0.0385416 76
0.0395677 76
0.0380881 76
0.0363995 76
0.0367216 76
0.0381101 76
0.0354295 75
0.0386016 75
0.0396051 75
0.0364624 75
0.0385268 75
0.0367096 75
0.0388332 75
0.0362108 75
0.0376552 75
0.0366819 75
0.0369607 75
0.0361711 75
0.0375773 75
0.0390801 75
0.0404912 75
0.0386569 75
0.0401813 75
0.0384275 75
0.0361647 75
0.0380246 75
0.0379122 75
0.0353353 75
0.0368861 75
0.0385586 75
0.037712 75
0.0368298 75
0.035806 75
0.0356599 75
0.0394412 75
0.0413559 75
0.0371581 75
0.0372105 75
0.0371306 75
0.0359487 75
0.0369016 75
0.0398435 75
0.0397249 75
0.0384839 75
0.0372986 75
0.0391044 75
0.0395806 75
0.0399691 75
0.0399698 75
0.0355888 75
0.0362858 75
0.0364668 75
0.0366057 75
0.0370122 75
0.0358821 75
0.0380468 75
0.0385875 75
0.0399383 75
0.0373343 75
0.0367497 74
0.0361098 74
0.0378116 74
0.0371329 74
0.0373184 74
0.0385659 74
0.03867 74
0.0367446 74
0.0374435 74
0.036983 74
0.0379195 74
0.0369601 74
0.0397686 74
0.0419487 74
0.0406596 74
0.0404775 74
0.0375521 74
0.0371375 74
0.0361873 74
0.0377994 74
0.0388882 74
0.0383524 74
0.0377434 74
0.0377433 74
0.0369296 74
0.0360674 74
0.0366408 74
0.0393869 74
0.0364649 74
0.0385871 74
0.037383 74
0.0377818 74
0.036889 74
0.0371741 74
0.036453 74
0.0397932 74
0.0404656 74
0.0388917 74
0.0409802 74
0.040104 74
0.0404971 74
0.0396508 74
0.0388265 74
0.03683 74
0.0388843 74
0.036557 74
0.0369324 74
0.0368399 74
0.0393012 74
0.0410328 74
0.0407756 74
0.0391658 74
0.0392555 74
0.0367433 73
0.0369333 73
0.0367772 73
0.0380121 73
0.038739 73
0.0386194 73
0.0378723 73
0.0381299 73
0.0366432 73
0.0376625 73
0.0370998 73
0.0408453 73
0.043077 73
0.0410651 73
0.0386068 73
0.0394693 73
0.0374063 73
0.0381133 73
0.0373255 73
0.0378003 73
0.0361995 73
0.0375996 73
0.0364989 73
0.0395943 73
0.0385313 73
0.0395428 73
0.0401393 73
0.0387546 73
0.0373336 73
0.0384944 73
0.0377931 73
0.0376302 73
0.0374851 73
0.0424793 73
0.0405664 73
0.0408908 73
0.0388885 73
0.0431817 73
0.0405371 73
0.0410831 73
0.042073 73
0.0406241 73
0.0402576 73
0.0381356 73
0.0403816 73
0.0385789 73
0.0378056 73
0.0389334 73
0.0372029 73
0.0370359 73
0.0367492 73
0.0402962 73
0.0392263 73
0.039325 70
0.0406151 70
0.0389281 70
0.0383833 70
0.0398612 70
0.0382687 70
0.0375967 70
0.0387194 70
0.037709 70
0.0389851 70
0.0414814 70
0.0402515 70
0.0406586 70
0.041046 70
0.0368645 70
0.0388674 70
0.0381882 70
0.0381126 70
0.0413554 70
0.0390972 70
0.0369906 70
0.0384009 70
0.0374395 70
0.0375142 70
0.0370415 70
0.0383875 70
0.0413809 73
0.0391351 73
0.0404464 73
0.0387494 73
0.038572 73
0.0383389 73
0.0377608 73
0.0385473 73
0.0389552 73
0.0406057 73
0.0408824 73
0.0401872 73
0.0422858 73
0.04038 73
0.0392966 73
0.0382989 73
0.0385081 73
0.0389011 73
0.0391969 73
0.0381084 73
0.0381376 73
0.0381981 73
0.0376984 73
0.0372493 73
0.0374229 73
0.0404118 73
0.039932 72
0.0396997 72
0.0405999 72
0.0389477 72
0.040502 72
0.0419136 72
0.0417183 72
0.041151 72
0.0419891 72
0.042591 72
0.0413778 72
0.039739 72
0.0419337 72
0.0382037 72
0.0389291 72
0.0401416 72
0.0391046 72
0.0381154 72
0.0396612 72
0.0378998 72
0.0375467 72
0.0388224 72
0.0379291 72
0.0375492 72
0.0386928 72
0.0434554 70
0.0405922 70
0.0409221 70
0.0392601 70
0.0415038 70
0.0397898 70
0.039226 70
0.0416967 70
0.0428735 70
0.0425818 70
0.0406922 70
0.0411039 70
0.0398992 70
0.0384777 70
0.038541 70
0.0388292 70
0.0404964 70
0.0394293 70
0.0385225 70
0.0422223 70
0.0403336 70
0.0397059 70
0.0384251 70
0.0381467 70
0.0395993 70
0.0387838 70
0.0391296 70
0.0395659 70
0.0384987 70
0.0415251 70
0.0409648 70
0.0385457 70
0.0396128 70
0.0402851 70
0.0418741 70
0.0409339 70
0.0400935 70
0.0430802 70
0.0378414 70
0.038715 70
0.0397022 70
0.0396141 70
0.0417405 70
0.0390448 70
0.0412418 70
0.0393964 70
0.039675 70
0.0412182 70
0.0409653 70
0.0415141 70
0.0411746 70
0.0434776 70
0.0402742 70
0.0400361 70
0.0405761 70
0.0404202 70
0.0397868 70
0.0397657 70
0.0435121 70
0.0457727 70
0.0471241 70
0.0420239 70
0.0411245 70
0.0394816 70
0.0382772 70
0.0414612 70
0.0397897 70
0.0388949 70
0.0386924 70
0.038726 70
0.039219 70
0.0386792 70
0.0385913 70
0.0404563 70
0.0410837 70
0.0407942 70
0.0406127 68
0.0404584 68
0.041711 68
0.0387816 68
0.0410409 68
0.0400031 68
0.040306 68
0.0445213 68
0.041142 68
0.0414257 68
0.0403933 68
0.0397922 68
0.0381045 68
0.039798 68
0.0401599 68
0.04255 68
0.0416339 68
0.0387832 68
0.0401791 68
0.0410317 68
0.0417662 68
0.0385081 68
0.0414154 68
0.04275 68
0.0389409 68
0.0411404 70
0.0410679 70
0.0403438 70
0.0395495 70
0.0425621 70
0.0393148 70
0.0428152 70
0.0423406 70
0.0423608 70
0.0413044 70
0.0428947 70
0.0389567 70
0.0395044 70
0.0395603 70
0.0383949 70
0.0424286 70
0.0392886 70
0.0383472 70
0.0399103 70
0.0392527 70
0.041448 70
0.0414997 70
0.0401588 70
0.0403856 70
0.04022 69
0.0444721 69
0.0393297 69
0.0408231 69
0.040026 69
0.0404427 69
0.0402391 69
0.0445458 69
0.0422295 69
0.0427908 69
0.0411673 69
0.04013 69
0.0393299 69
0.0404673 69
0.0408954 69
0.0393345 69
0.0399272 69
0.0406191 69
0.0406471 69
0.0414488 69
0.0384777 69
0.0402308 69
0.0398187 69
0.0405207 69
0.0405806 69
0.0404571 68
0.0410049 68
0.0405963 68
0.0404732 68
0.0393351 68
0.0411018 68
0.0412144 68
0.0420918 68
0.0490445 68
0.0430767 68
0.0434236 68
0.0408389 68
0.0416993 68
0.0385227 68
0.0417293 68
0.0446561 68
0.0411853 68
0.0395983 68
0.0392686 68
0.0453838 68
0.0414727 68
0.0402263 68
0.0400703 68
0.041083 68
0.0401201 68
0.0408422 68
0.0404384 68
0.0405276 68
0.0400784 68
0.0406004 68
0.0416972 68
0.0419374 68
0.0436823 68
0.0425159 68
0.0436417 68
0.0417249 68
0.0407586 68
0.0419469 68
0.0405501 68
0.0421454 68
0.0400891 68
0.0414236 68
0.044277 68
0.0414591 68
0.0411297 68
0.0421293 68
0.0400455 68
0.0413857 68
0.0412506 68
0.0403759 68
0.0412427 68
0.0401742 68
0.0410544 68
0.0406074 68
0.0418269 68
0.0426999 68
0.0439944 68
0.0430615 68
0.0445249 68
0.0405755 68
0.0417256 68
0.0404768 68
0.0419937 68
0.0423692 68
0.0410394 68
0.0406275 68
0.0399572 68
0.0396218 68
0.0407956 68
0.0398168 68
0.0411311 68
0.0410223 68
0.0407722 68
0.0414436 68
0.0409708 68
0.0414181 68
0.0403118 68
0.0416559 68
0.0408983 68
0.0440179 68
0.0453694 68
0.0457514 68
0.0436916 68
0.039872 68
0.0405523 68
0.0418675 68
0.045772 68
0.040714 68
0.0401013 68
0.0397331 68
0.0410927 68
0.0399379 68
0.0410813 68
0.0404071 68
0.0416446 68
0.041234 68
0.0440439 68
0.0449811 68
0.0458611 66
0.0413106 66
0.0411216 66
0.0418944 66
0.0446437 66
0.0460764 66
0.0448861 66
0.0435703 66
0.0421957 66
0.040244 66
0.0417727 66
0.0415906 66
0.0410255 66
0.040228 66
0.0410607 66
0.0404997 66
0.0432024 66
0.041873 66
0.0427602 66
0.0429157 66
0.0431431 66
0.0434568 66
0.0449124 66
0.0420521 66
0.0415366 66
0.0416494 66
0.0407703 66
0.044822 66
0.044271 66
0.0464822 66
0.049907 66
0.0447432 66
0.040551 66
0.0423098 66
0.0432777 66
0.0439173 66
0.0410588 66
0.0407898 66
0.0408299 66
0.0407323 66
0.0404113 66
0.0411317 66
0.0412925 66
0.0423792 66
0.0410603 66
0.042419 66
0.0412814 66
0.0421895 66
0.0415017 66
0.0424434 66
0.0412498 66
0.0445043 66
0.0461213 66
0.0428773 66
0.0443275 66
0.0437849 66
0.0408387 66
0.0418596 66
0.0417506 66
0.0430729 66
0.0431487 66
0.0426702 66
0.040528 66
0.0440909 66
0.0408061 66
0.0443836 66
0.0425482 66
0.0417355 66
0.0421601 66
0.0420884 66
0.045214 66
0.0422597 65
0.045166 65
0.042411 65
0.0418322 65
0.0469449 65
0.0469196 65
0.0430974 65
0.0467452 65
0.0420147 65
0.0404314 65
0.0444203 65
0.0431869 65
0.0455392 65
0.0421448 65
0.0429931 65
0.0416692 65
0.0409893 65
0.0415509 65
0.0416295 65
0.0437525 65
0.042551 65
0.043891 65
0.0454316 65
0.0417572 65
0.0451404 64
0.0441856 64
0.0430209 64
0.0462306 64
0.0459682 64
0.0447904 64
0.0473519 64
0.0440276 64
0.042557 64
0.0419949 64
0.0434526 64
0.0434379 64
0.0418907 64
0.0413189 64
0.0419917 64
0.0412379 64
0.0422814 64
0.0424425 64
0.0450689 64
0.04341 64
0.0432197 64
0.0429552 64
0.042346 64
0.0431846 64
0.0418241 64
0.0439079 64
0.049279 64
0.0471211 64
0.0478924 64
0.04922 64
0.042006 64
0.0425908 64
0.0414737 64
0.0418309 64
0.0421856 64
0.0450236 64
0.0431977 64
0.0442708 64
0.0428707 64
0.0416415 64
0.0438338 64
0.0425534 64
0.0435025 64
0.0446415 64
0.045828 64
0.0448834 64
0.0434834 64
0.0425473 64
0.0445581 64
0.047359 64
0.0449548 64
0.0486181 64
0.0465743 64
0.0440508 64
0.0420105 64
0.043113 64
0.0420979 64
0.0414572 64
0.0427843 64
0.0417677 64
0.0429243 64
0.0450053 64
0.0443857 64
0.0433785 64
0.0430657 64
0.0455773 64
0.044781 64
0.0471959 64
0.0435139 64
0.0457174 62
0.0430027 62
0.049507 62
0.048296 62
0.0498493 62
0.046644 62
0.0458619 62
0.0418482 62
0.0455674 62
0.0459681 62
0.0419704 62
0.0422869 62
0.0414795 62
0.0452361 62
0.0440725 62
0.0427679 62
0.0458027 62
0.0436344 62
0.043142 62
0.0440274 62
0.0430679 62
0.0450106 62
0.0455678 62
0.0450799 63
0.047018 63
0.0472165 63
0.0465744 63
0.0450756 63
0.0476731 63
0.0440644 63
0.0425729 63
0.0423337 63
0.0426938 63
0.0420055 63
0.043088 63
0.0426648 63
0.041936 63
0.0462125 63
0.0483474 63
0.0450882 63
0.0442452 63
0.0449046 63
0.0443837 63
0.043917 63
0.0440259 63
0.0456353 63
0.0477898 62
0.0464004 62
0.0460516 62
0.0450668 62
0.0465244 62
0.0431535 62
0.0430229 62
0.0418225 62
0.0423965 62
0.0421693 62
0.0434984 62
0.043282 62
0.0447348 62
0.0432607 62
0.0424773 62
0.0441227 62
0.0433441 62
0.0438523 62
0.0454564 62
0.0440304 62
0.0441571 62
0.0447853 62
0.0433831 63
0.0474808 63
0.0483329 63
0.0464036 63
0.045296 63
0.0456793 63
0.0431953 63
0.0440889 63
0.0440056 63
0.0458967 63
0.0446536 63
0.0428906 63
0.0434626 63
0.0423511 63
0.0561028 63
0.0466421 63
0.0443664 63
0.045719 63
0.0444664 63
0.0442731 63
0.0449706 63
0.0458735 63
0.046784 63
0.0465836 62
0.0480862 62
0.0473387 62
0.0498001 62
0.0439733 62
0.0432363 62
0.0447489 62
0.0424945 62
0.0434815 62
0.0438231 62
0.0428002 62
0.0434754 62
0.0434737 62
0.0456937 62
0.047361 62
0.0462176 62
0.0444655 62
0.0461597 62
0.0445453 62
0.0447053 62
0.0440073 62
0.0455485 62
0.0475972 61
0.0465408 61
0.0502227 61
0.0469687 61
0.0446209 61
0.0441146 61
0.0433907 61
0.045839 61
0.0450054 61
0.0430796 61
0.0437202 61
0.0440711 61
0.0434689 61
0.0461132 61
0.0466424 61
0.0457908 61
0.0463398 61
0.0468283 61
0.0449613 61
0.044826 61
0.0447684 61
0.0466484 61
0.0457364 61
0.0476339 62
0.048965 62
0.0491178 62
0.0458935 62
0.045315 62
0.0432486 62
0.0437006 62
0.0459353 62
0.0458802 62
0.0446168 62
0.0441776 62
0.0437005 62
0.0439073 62
0.0447527 62
0.048049 62
0.0462947 62
0.0444611 62
0.0464686 62
0.0505687 62
0.0470669 62
0.0462194 62
0.0483831 62
0.0472845 61
0.0482272 61
0.0471699 61
0.0445076 61
0.0442295 61
0.045238 61
0.0441873 61
0.0459296 61
0.0454279 61
0.0448017 61
0.0455979 61
0.0435958 61
0.0442034 61
0.0483081 61
0.0498891 61
0.0456894 61
0.0448568 61
0.0464309 61
0.0451544 61
0.0450819 61
0.0451325 61
0.0489334 61
0.0514173 60
0.0488901 60
0.0480272 60
0.0442222 60
0.0435405 60
0.0466378 60
0.0440005 60
0.044201 60
0.0444491 60
0.0445468 60
0.0447644 60
0.0444709 60
0.044711 60
0.045693 60
0.0476157 60
0.0457675 60
0.0476439 60
0.0459057 60
0.0463282 60
0.045655 60
0.0458604 60
0.0529819 60
0.0496586 61
0.0483772 61
0.0459915 61
0.0444818 61
0.0435866 61
0.0457694 61
0.0462699 61
0.0441474 61
0.0446069 61
0.0448176 61
0.0452005 61
0.0449452 61
0.0456328 61
0.0485209 61
0.0467085 61
0.0465002 61
0.0459055 61
0.0471026 61
0.0472779 61
0.0454142 61
0.0479266 61
0.0513139 61
0.0480298 60
0.0478919 60
0.0516406 60
0.0476487 60
0.0447025 60
0.0449567 60
0.0443177 60
0.047494 60
0.0449216 60
0.0440736 60
0.0450055 60
0.0458746 60
0.0466322 60
0.0458902 60
0.0461107 60
0.0476684 60
0.0460748 60
0.0456098 60
0.0464128 60
0.0484262 60
0.0489684 60
0.0495735 59
0.0497991 59
0.0484105 59
0.0446149 59
0.044375 59
0.0453241 59
0.0449707 59
0.0461454 59
0.0459759 59
0.0450893 59
0.0456827 59
0.0454199 59
0.0458812 59
0.0461712 59
0.0464883 59
0.0465422 59
0.04629 59
0.0464498 59
0.0472878 59
0.046002 59
0.0514357 59
0.0536514 59
0.0484257 60
0.049681 60
0.0449407 60
0.0439785 60
0.0459936 60
0.0463918 60
0.0444484 60
0.0453939 60
0.048547 60
0.0471863 60
0.0456519 60
0.0451249 60
0.0478553 60
0.0471308 60
0.0466836 60
0.0463862 60
0.0458672 60
0.0464524 60
0.0514626 60
0.049708 60
0.0499959 60
0.0530026 59
0.0502922 59
0.0460854 59
0.0448467 59
0.0465348 59
0.0447529 59
0.0455425 59
0.0457351 59
0.0464144 59
0.0451605 59
0.0455093 59
0.0460884 59
0.048468 59
0.0462255 59
0.0469174 59
0.0470931 59
0.050734 59
0.0472566 59
0.0495023 59
0.0477595 59
0.0500942 59
0.0487838 59
0.0486379 59
0.0460446 59
0.0455374 59
0.0472854 59
0.0479918 59
0.0451728 59
0.0459625 59
0.0459804 59
0.048198 59
0.0455852 59
0.0458496 59
0.0472162 59
0.0471853 59
0.046921 59
0.0498105 59
0.0471876 59
0.0492979 59
0.0489676 59
0.0471084 59
0.0530406 59
0.0508609 59
0.0510682 58
0.0464694 58
0.0450521 58
0.0476882 58
0.0457745 58
0.0454356 58
0.0459756 58
0.0462985 58
0.0458556 58
0.045875 58
0.0480719 58
0.0476884 58
0.0490684 58
0.0494151 58
0.0498816 58
0.0507356 58
0.0469729 58
0.0477229 58
0.0501726 58
0.0497538 58
0.0491955 58
0.0490344 58
0.0504477 58
0.0469378 58
0.0460025 58
0.0474948 58
0.0458377 58
0.0461373 58
0.0470154 58
0.0467331 58
0.0456189 58
0.0467787 58
0.0478976 58
0.0474619 58
0.0472713 58
0.0467459 58
0.0476732 58
0.0475271 58
0.0475966 58
0.0486882 58
0.0508046 58
0.049807 58
0.0491546 58
0.0467998 59
0.046151 59
0.0457481 59
0.0477761 59
0.0462044 59
0.0468333 59
0.0478314 59
0.0486363 59
0.0479876 59
0.0487997 59
0.0477885 59
0.048632 59
0.0477745 59
0.0471632 59
0.0482792 59
0.0476117 59
0.0478252 59
0.0537575 59
0.0523494 59
0.0506269 59
0.0501554 59
0.0459275 58
0.046687 58
0.0478146 58
0.0486149 58
0.0462689 58
0.0495348 58
0.0471436 58
0.0470594 58
0.0489552 58
0.0475026 58
0.0481168 58
0.0496587 58
0.0488001 58
0.0488664 58
0.0500764 58
0.0504353 58
0.0501452 58
0.0511456 58
0.0506392 58
0.0497199 58
0.049883 57
0.0468331 57
0.0470918 57
0.0492037 57
0.0464214 57
0.0465313 57
0.0482655 57
0.0463633 57
0.0471777 57
0.049628 57
0.0479875 57
0.0512346 57
0.0500991 57
0.0500237 57
0.0507983 57
0.0499223 57
0.0502483 57
0.0515015 57
0.0506907 57
0.0511293 57
0.0497434 57
0.0472754 57
0.0469324 57
0.0458401 57
0.0492159 57
0.0481658 57
0.046856 57
0.0481418 57
0.047153 57
0.047222 57
0.0479465 57
0.0481518 57
0.048214 57
0.0502115 57
0.0483831 57
0.0492338 57
0.0484036 57
0.0485341 57
0.0533576 57
0.0524463 57
0.05146 57
0.0487666 57
0.0493424 57
0.047036 57
0.046674 57
0.0468663 57
0.0469316 57
0.0475323 57
0.0471028 57
0.047033 57
0.0493941 57
0.0485571 57
0.0484262 57
0.0487809 57
0.0484839 57
0.0488038 57
0.0482885 57
0.0486903 57
0.0507481 57
0.0511293 57
0.0527862 57
0.0498622 57
0.0479076 57
0.0469306 58
0.0482374 58
0.0469309 58
0.0477007 58
0.0482615 58
0.050177 58
0.048138 58
0.048634 58
0.0474447 58
0.0498153 58
0.0486634 58
0.0485204 58
0.0500838 58
0.0488512 58
0.0494188 58
0.0500171 58
0.0533915 58
0.0510141 58
0.0522685 58
0.0484071 58
0.0474567 58
0.0471848 57
0.0472819 57
0.0470872 57
0.0474024 57
0.0474787 57
0.0468203 57
0.0475069 57
0.0481757 57
0.0487123 57
0.0489767 57
0.0495277 57
0.0552545 57
0.0513286 57
0.0488256 57
0.0496622 57
0.0524935 57
0.0534855 57
0.0508989 57
0.0506453 57
0.0530862 57
0.0532319 56
0.050164 56
0.0476022 56
0.0475019 56
0.0486636 56
0.0474745 56
0.0470149 56
0.0505865 56
0.0489889 56
0.0492323 56
0.0493757 56
0.0509255 56
0.048944 56
0.0501368 56
0.0492675 56
0.0521563 56
0.0520207 56
0.054493 56
0.0516037 56
0.048975 56
0.0478134 55
0.0468868 55
0.0483388 55
0.0477554 55
0.049229 55
0.0478862 55
0.0478075 55
0.048328 55
0.0490233 55
0.05112 55
0.0491059 55
0.0528826 55
0.0514654 55
0.0491981 55
0.0493016 55
0.0527707 55
0.0524905 55
0.0540682 55
0.0501029 55
0.04765 55
0.0478516 55
0.0491914 57
0.047676 57
0.0478954 57
0.0498375 57
0.0479602 57
0.0492689 57
0.048132 57
0.0488531 57
0.0518745 57
0.0520672 57
0.0518796 57
0.0596197 57
0.0521452 57
0.0495564 57
0.0550612 57
0.0545426 57
0.0520272 57
0.0499542 57
0.0496185 57
0.0478896 57
0.0499975 55
0.0482809 55
0.0498176 55
0.0482003 55
0.0482502 55
0.0486459 55
0.0490024 55
0.0503913 55
0.050677 55
0.0506259 55
0.0500075 55
0.0506749 55
0.0498793 55
0.0505074 55
0.0528327 55
0.0527663 55
0.0531827 55
0.0497733 55
0.0481332 55
0.0494991 55
0.0479984 55
0.0493376 55
0.0486213 55
0.0483611 55
0.0522195 55
0.0504119 55
0.0511471 55
0.0518473 55
0.0499342 55
0.0499603 55
0.0517986 55
0.0499854 55
0.0501849 55
0.0508135 55
0.0560247 55
0.0558365 55
0.0516022 55
0.0496892 55
0.0482376 55
0.0507932 55
0.0483443 55
0.0513998 55
0.0502914 55
0.0491367 55
0.0482979 55
0.0488198 55
0.0521342 55
0.049905 55
0.0522279 55
0.0503223 55
0.0504037 55
0.0526069 55
0.0525316 55
0.0525353 55
0.0531107 55
0.0590829 55
0.0547017 55
0.0482143 55
0.0511374 55
0.0486263 55
0.0498021 55
0.048924 55
0.0488094 55
0.051287 55
0.0487157 55
0.0498869 55
0.0508895 55
0.0522092 55
0.0502107 55
0.0529233 55
0.0509901 55
0.0504767 55
0.0512931 55
0.052933 55
0.0540049 55
0.054318 55
0.0507471 55
0.0483716 55
0.0506498 55
0.0488981 55
0.0505056 54
0.0490549 54
0.0497262 54
0.0488456 54
0.0490148 54
0.0531798 54
0.05105 54
0.0549765 54
0.059005 54
0.0519007 54
0.0507991 54
0.052814 54
0.0562708 54
0.0532892 54
0.0550779 54
0.0512011 54
0.0539253 54
0.0500136 54
0.048937 54
0.0491781 54
0.0534576 54
0.0490562 54
0.0515362 54
0.0512503 54
0.0502532 54
0.0507781 54
0.0508324 54
0.0505847 54
0.0542267 54
0.0514653 54
0.0510742 54
0.0542247 54
0.0541143 54
0.0577391 54
0.0578598 54
0.0520898 54
0.04914 54
0.0502945 54
0.0491532 54
0.050328 53
0.0532681 53
0.0523287 53
0.0495479 53
0.0509926 53
0.0510391 53
0.0526203 53
0.051761 53
0.0532944 53
0.0516582 53
0.0514242 53
0.0517278 53
0.0538958 53
0.0547695 53
0.0550876 53
0.0516495 53
0.0521175 53
0.049084 53
0.0513661 53
0.0517924 54
0.0523901 54
0.05051 54
0.0518323 54
0.0521303 54
0.0523522 54
0.051627 54
0.0511453 54
0.0520023 54
0.0519328 54
0.0523075 54
0.051803 54
0.0591582 54
0.0577704 54
0.0542371 54
0.0510791 54
0.0518174 54
0.0499533 54
0.0517038 54
0.0493832 54
0.0497761 52
0.049491 52
0.0535895 52
0.0516256 52
0.0533802 52
0.0527761 52
0.0516668 52
0.0530459 52
0.0516119 52
0.0516604 52
0.0518644 52
0.0568622 52
0.0552014 52
0.0573014 52
0.0538379 52
0.0508336 52
0.0503446 52
0.0500932 52
0.0500808 52
0.0517616 54
0.0499085 54
0.0498926 54
0.0503745 54
0.0520551 54
0.0516681 54
0.052042 54
0.0517239 54
0.0522333 54
0.0541786 54
0.0547399 54
0.056375 54
0.0557801 54
0.0557349 54
0.0508793 54
0.0520616 54
0.0499396 54
0.0503392 54
0.0500486 54
0.0541309 52
0.0509134 52
0.0509204 52
0.052616 52
0.053578 52
0.0541478 52
0.0544608 52
0.0525036 52
0.0535389 52
0.0514386 52
0.0520027 52
0.0547305 52
0.054284 52
0.0546142 52
0.0533016 52
0.0504015 52
0.051638 52
0.0504853 52
0.0523793 52
0.0504421 54
0.0548585 54
0.051849 54
0.0507786 54
0.0524506 54
0.0521923 54
0.0530882 54
0.0520754 54
0.0523159 54
0.0525854 54
0.0522067 54
0.0557648 54
0.0547168 54
0.0551435 54
0.0540223 54
0.0505874 54
0.0508145 54
0.0503808 54
0.0507682 54
0.0506615 54
0.0530168 53
0.0524579 53
0.0515578 53
0.0537869 53
0.052501 53
0.0531695 53
0.0519975 53
0.0522755 53
0.0567093 53
0.0540838 53
0.0575193 53
0.0555098 53
0.0555075 53
0.0542783 53
0.0516576 53
0.0522617 53
0.0511231 53
0.0533835 53
0.0505069 53
0.0507277 52
0.0510239 52
0.0509849 52
0.0521591 52
0.0526833 52
0.0539542 52
0.0527386 52
0.0542201 52
0.0525992 52
0.0527942 52
0.0596911 52
0.0560504 52
0.0590971 52
0.0519698 52
0.0508397 52
0.0510305 52
0.051293 52
0.0506957 52
0.0503679 52
0.0512876 53
0.0508434 53
0.0542012 53
0.0550341 53
0.0532514 53
0.0529479 53
0.0528321 53
0.0563581 53
0.0526243 53
0.0535737 53
0.0575612 53
0.0566262 53
0.0544407 53
0.0513294 53
0.052633 53
0.051358 53
0.0529273 53
0.0512298 53
0.0531149 53
0.0507208 52
0.0509267 52
0.0521171 52
0.0529211 52
0.0553095 52
0.0528674 52
0.0527663 52
0.0537414 52
0.0537955 52
0.0547489 52
0.0566842 52
0.0549062 52
0.054636 52
0.0512419 52
0.0517329 52
0.0522541 52
0.0513054 52
0.051691 52
0.0511497 52
0.0519691 52
0.0539467 52
0.054169 52
0.0537837 52
0.0540323 52
0.0539204 52
0.0532204 52
0.0535905 52
0.0532105 52
0.0562759 52
0.05817 52
0.0558228 52
0.0542129 52
0.0519836 52
0.051164 52
0.0513657 52
0.0517198 52
0.0513302 52
0.0524489 52
0.0520765 53
0.0536387 53
0.0535624 53
0.0533376 53
0.0551072 53
0.0540053 53
0.0536004 53
0.0556889 53
0.0560363 53
0.0594644 53
0.057351 53
0.0559824 53
0.0534984 53
0.0517553 53
0.0520601 53
0.0525658 53
0.051715 53
0.0527519 53
0.0522253 53
0.0535915 52
0.052648 52
0.0536937 52
0.0565871 52
0.0537351 52
0.0538249 52
0.0565041 52
0.0541884 52
0.0556523 52
0.0568453 52
0.0556215 52
0.0543765 52
0.052305 52
0.0519172 52
0.0523648 52
0.0518032 52
0.0520503 52
0.0537776 52
0.054221 52
0.0526098 51
0.0543232 51
0.0534859 51
0.0561607 51
0.0561679 51
0.0569965 51
0.0563412 51
0.0548112 51
0.0566914 51
0.0567888 51
0.0562743 51
0.0520624 51
0.0520154 51
0.0535224 51
0.0575312 51
0.0528516 51
0.053182 51
0.0524891 51
0.052693 51
0.0528428 51
0.0537296 51
0.0553206 51
0.0546882 51
0.0540871 51
0.0625871 51
0.0573366 51
0.0602342 51
0.0591387 51
0.0565166 51
0.0535711 51
0.052178 51
0.0555308 51
0.0527131 51
0.0522913 51
0.059834 51
0.0543499 51
0.0529603 51
0.0554665 51
0.053553 51
0.0537608 51
0.0568839 51
0.0550294 51
0.0542136 51
0.0547931 51
0.0601634 51
0.0593151 51
0.0570554 51
0.0536046 51
0.0528669 51
0.0533192 51
0.0521744 51
0.0522844 51
0.0521289 51
0.0521776 51
0.0539473 51
0.0547357 51
0.0539131 51
0.0550094 51
0.0550814 51
0.0539702 51
0.0548262 51
0.054256 51
0.0564698 51
0.0575446 51
0.0589159 51
0.0559917 51
0.0524381 51
0.0537403 51
0.0531599 51
0.0520724 51
0.054005 51
0.0521723 51
0.0575907 51
0.0538302 51
0.0550971 51
0.0553748 51
0.0545278 51
0.0562245 51
0.0545001 51
0.0575439 51
0.0580592 51
0.0582964 51
0.0586731 51
0.0583511 51
0.0525078 51
0.0524798 51
0.0552699 51
0.052764 51
0.0525586 51
0.053458 51
0.0526412 51
0.0571187 51
0.0553377 51
0.0547335 51
0.0555532 51
0.0560388 51
0.0553723 51
0.0551487 51
0.0551498 51
0.0593031 51
0.0587636 51
0.0564091 51
0.0540102 51
0.0528609 51
0.0532452 51
0.0529934 51
0.0550316 51
0.0543871 51
0.0529268 51
0.0551649 51
0.0602989 49
0.0582661 49
0.0552973 49
0.0571105 49
0.0567994 49
0.0577961 49
0.057139 49
0.0607483 49
0.0584544 49
0.0567773 49
0.0527755 49
0.0533527 49
0.0535579 49
0.0527302 49
0.0538255 49
0.0552423 49
0.0547624 49
0.0548135 49
0.0544856 49
0.0546524 49
0.0587285 49
0.0561104 49
0.0555562 49
0.0553971 49
0.0587085 49
0.0649563 49
0.0632648 49
0.0550989 49
0.0565274 49
0.0555337 49
0.0529822 49
0.0539195 49
0.054485 49
0.0527636 49
0.0530809 49
0.0553083 49
0.0556529 49
0.0550936 49
0.0564741 49
0.0566329 49
0.0550556 49
0.0559532 49
0.0582255 49
0.0587759 49
0.0599385 49
0.0560051 49
0.0540795 49
0.0532654 49
0.0541969 49
0.0565094 49
0.0547526 49
0.0554505 49
0.0539841 49
0.0542193 49
0.0594098 49
0.0581647 49
0.0564878 49
0.0552881 49
0.0561191 49
0.0555743 49
0.0600645 49
0.060335 49
0.0643945 49
0.0562684 49
0.0532016 49
0.053197 49
0.0553379 49
0.0543648 49
0.0536264 49
0.0557016 49
0.0539544 49
0.0560733 49
0.0557338 49
0.0602831 49
0.0573752 49
0.0557099 49
0.0564397 49
0.0556936 49
0.0619669 49
0.0577797 49
0.0594561 49
0.0553795 49
0.05434 49
0.0535804 49
0.0542931 49
0.0539622 49
0.0545481 49
0.0544572 49
0.0536619 49
0.0552636 49
0.0593199 49
0.0575667 49
0.0563842 49
0.055497 49
0.0559863 49
0.0597309 49
0.0621267 49
0.0626141 49
0.0598775 49
0.0536656 49
0.0544486 49
0.0540413 49
0.0551698 49
0.053939 49
0.054831 49
0.0549934 49
0.0550799 49
0.056655 49
0.0558317 49
0.0562055 49
0.0577885 49
0.0556199 49
0.0567697 49
0.0576371 49
0.0602739 49
0.0587938 49
0.0589683 49
0.0545913 49
0.0563254 49
0.0565295 49
0.0546367 49
0.0551727 49
0.0549071 49
0.0538036 49
0.0566473 49
0.0568354 49
0.0562259 49
0.0569482 49
0.0592469 49
0.0594319 49
0.0600975 49
0.0614014 49
0.059241 49
0.0611366 49
0.0566789 49
0.0547829 49
0.0566765 49
0.058608 49
0.0558157 49
0.0565794 49
0.0561813 49
0.0544968 49
0.0599904 49
0.0599255 49
0.0580796 49
0.0567173 49
0.057163 49
0.0563406 49
0.0636352 49
0.062189 49
0.0591498 49
0.0556782 49
0.0561356 49
0.0541968 49
0.0545746 49
0.0577508 49
0.0562552 49
0.0549823 49
0.0544298 49
0.0582226 49
0.0653558 49
0.058697 48
0.0607694 48
0.05772 48
0.0573456 48
0.058331 48
0.0594274 48
0.059513 48
0.0575612 48
0.0599849 48
0.0549157 48
0.0589024 48
0.0572303 48
0.0554399 48
0.0544008 48
0.0545419 48
0.0552863 48
0.0573434 48
0.0567828 48
0.0598868 48
0.0566451 48
0.0580187 48
0.0574613 48
0.0601476 48
0.0613385 48
0.0591773 48
0.0608682 48
0.0553943 48
0.0559178 48
0.0563598 48
0.0546362 48
0.0550777 48
0.0579896 48
0.0562206 48
0.0568883 48
0.0572678 48
0.0593322 48
0.0592147 49
0.0567268 49
0.0599152 49
0.0603784 49
0.0644831 49
0.0611373 49
0.0578824 49
0.0579289 49
0.0561859 49
0.0547015 49
0.0544795 49
0.056234 49
0.05556 49
0.0576285 49
0.0598137 49
0.0574273 49
0.0594067 49
0.0584863 47
0.0589709 47
0.0601151 47
0.0627643 47
0.0622081 47
0.0608105 47
0.0579883 47
0.0555139 47
0.0558317 47
0.0551677 47
0.0594046 47
0.0592888 47
0.0567758 47
0.055758 47
0.0591057 47
0.0601606 47
0.0578009 47
0.0596178 47
0.0633029 47
0.0579696 47
0.0597774 47
0.0616852 47
0.0631366 47
0.0576286 47
0.0563205 47
0.0555721 47
0.0551413 47
0.0554982 47
0.0570609 47
0.0552277 47
0.0556539 47
0.0593212 47
0.059212 47
0.0601843 47
0.0626942 47
0.0590689 49
0.0637386 49
0.0689035 49
0.0628972 49
0.0617859 49
0.0562142 49
0.0560403 49
0.0564139 49
0.05646 49
0.0561652 49
0.0550679 49
0.0563624 49
0.0595005 49
0.058342 49
0.058355 49
0.0574459 49
0.0579385 49
0.0575084 47
0.0582754 47
0.0640149 47
0.0624541 47
0.0605507 47
0.0582588 47
0.0580163 47
0.0576689 47
0.0563952 47
0.0552637 47
0.0560455 47
0.0565182 47
0.0591961 47
0.0587371 47
0.0580027 47
0.0582597 47
0.0577318 47
0.0582204 47
0.058347 47
0.0644396 47
0.0620738 47
0.0621987 47
0.0600265 47
0.056133 47
0.057287 47
0.0602447 47
0.0561697 47
0.0561862 47
0.0556529 47
0.056003 47
0.059283 47
0.0575075 47
0.0584323 47
0.0577551 47
0.0583112 47
0.0579822 47
0.0619808 47
0.0610498 47
0.0640089 47
0.0604353 47
0.0568018 47
0.0583426 47
0.0567769 47
0.057398 47
0.0560188 47
0.056687 47
0.0569514 47
0.0589782 47
0.0595624 47
0.0584751 47
0.0581697 47
0.0586805 47
0.0607492 49
0.0620333 49
0.0631913 49
0.0629816 49
0.0602789 49
0.0589044 49
0.0584916 49
0.0588823 49
0.0561046 49
0.0569957 49
0.0582954 49
0.0564758 49
0.058122 49
0.0582735 49
0.0590596 49
0.0580172 49
0.0587275 49
0.0594255 47
0.0622334 47
0.0652588 47
0.0618705 47
0.0606296 47
0.0567913 47
0.0592422 47
0.0574258 47
0.0564551 47
0.0595794 47
0.058028 47
0.0571593 47
0.05827 47
0.0622189 47
0.0584079 47
0.0596741 47
0.0608191 47
0.060583 47
0.0625759 47
0.0625762 47
0.0625888 47
0.0601682 47
0.0567149 47
0.0573165 47
0.0573472 47
0.0561833 47
0.0564504 47
0.0602023 47
0.0567673 47
0.0601195 47
0.0614315 47
0.0615074 47
0.0601691 47
0.0623543 47
0.0609619 47
0.0638741 47
0.0644011 47
0.0618615 47
0.0582552 47
0.0571791 47
0.0575487 47
0.0584035 47
0.056401 47
0.0564019 47
0.0573308 47
0.0586597 47
0.0611671 47
0.0604888 47
0.0609684 47
0.0606888 47
0.0597868 47
0.0603137 47
0.0633272 47
0.0629433 47
0.060988 47
0.0584354 47
0.0583431 47
0.0576968 47
0.0568228 47
0.0574614 47
0.0594188 47
0.0592162 47
0.0601845 47
0.063949 47
0.0597063 47
0.0588863 47
0.0623863 47
0.0598899 47
0.0624905 47
0.0700303 47
0.0633445 47
0.059393 47
0.0575589 47
0.0589473 47
0.0568982 47
0.0576813 47
0.0587517 47
0.0595593 47
0.0582238 47
0.0594018 47
0.0590488 47
0.0598652 47
0.0597514 47
0.0592737 47
0.0599669 47
0.0617404 47
0.0630515 47
0.0621383 47
0.0589344 47
0.0572063 47
0.0577257 47
0.0568862 47
0.0581043 47
0.0591354 47
0.0569624 47
0.0585053 47
0.0590628 47
0.0597124 47
0.0599261 47
0.0592582 47
0.059993 47
0.0593234 47
0.0650452 47
0.0627983 47
0.061565 47
0.0592636 47
0.0595882 47
0.0589759 47
0.058043 47
0.0590495 47
0.0593414 47
0.0583736 47
0.058871 47
0.0593948 47
0.0603049 47
0.0603929 47
0.0596427 47
0.0605165 47
0.0600314 47
0.0636332 46
0.0628492 46
0.0617821 46
0.0575456 46
0.057914 46
0.0577311 46
0.0585784 46
0.057615 46
0.0629667 46
0.0602996 46
0.0612539 46
0.0606981 46
0.0648606 46
0.0623717 46
0.060304 46
0.0605422 46
0.0623936 46
0.0683346 46
0.0650919 46
0.0625588 46
0.0580271 46
0.0593666 46
0.0595329 46
0.0601233 46
0.0599471 46
0.0604021 46
0.0604917 46
0.0604964 46
0.0607212 46
0.0598172 46
0.06062 46
0.0599518 46
0.0611903 46
0.0668763 46
0.0653805 46
0.0623795 46
0.058844 46
0.061231 46
0.0610523 46
0.0612273 46
0.0613188 46
0.0582382 46
0.0607831 46
0.0625869 46
0.060102 46
0.0622095 46
0.0637158 46
0.0638577 46
0.0614258 46
0.0647033 45
0.0636039 45
0.0699044 45
0.0611469 45
0.0591852 45
0.0580585 45
0.0599302 45
0.0586097 45
0.0585183 45
0.0585221 45
0.0602598 45
0.0618503 45
0.0628403 45
0.0624244 45
0.0613214 45
0.0602707 45
0.0641771 45
0.0675774 45
0.0640833 45
0.0596812 45
0.0581924 45
