=============
GeForce GTX 1660 Ti with Max-Q Design (Deferred worst case) (Deferred)
1920, 1080
Viewport maximized: true
Window fullscreen: true
Position: -38.8, 5, -21.2
Rotation: 0, 0.874642, 0, -0.484769
Seed: 3596198240
Room count: 9
Light count: 9
Sat Jan 15 23:35:23 2022
0.0435252 95
0.0432385 95
0.0429543 95
0.0429109 95
0.0426831 95
0.0426824 95
0.0428046 95
0.0427136 95
0.0430671 95
0.042649 95
0.0430027 95
0.0430504 95
0.0425068 95
0.0428544 95
0.0428614 95
0.042848 95
0.0431996 95
0.0425222 95
0.0428671 95
0.0426731 95
0.0427271 95
0.0427951 95
0.0434805 99
0.0430372 99
0.0430837 99
0.0429278 99
0.0428641 99
0.0428337 99
0.0428282 99
0.042818 99
0.0428248 99
0.0427466 99
0.0429967 99
0.0426904 99
0.0426598 99
0.0432165 99
0.0431629 99
0.04301 99
0.0427131 99
0.0426775 99
0.0427872 99
0.0430531 99
0.0427873 99
0.0429977 99
0.0429527 99
0.0429475 99
0.043125 99
0.0427976 99
0.0429589 99
0.0428321 99
0.0430209 99
0.0428007 99
0.0428019 99
0.042826 99
0.0430751 99
0.04245 99
0.0429813 99
0.0426591 99
0.0428296 99
0.0428637 99
0.0430087 99
0.0426768 99
0.0427742 99
0.0430221 99
0.0424131 99
0.0429425 99
0.0428564 99
0.0427742 99
0.0427869 99
0.0434048 99
0.0428692 99
0.0429023 99
0.0429419 99
0.0434135 99
0.0425888 99
0.0428223 99
0.0428217 99
0.0428345 99
0.0427516 99
0.0428223 99
0.0428631 99
0.0429026 99
0.0428726 99
0.0428621 99
0.0425988 99
0.0429303 99
0.0426665 99
0.0428661 99
0.0428277 99
0.0427372 99
0.042843 99
0.0427701 99
0.0427391 99
0.0431832 99
0.0428824 99
0.0430915 99
0.0426972 99
0.0429271 99
0.0426751 99
0.0428735 99
0.0428902 99
0.042769 99
0.0428602 99
0.0427973 99
0.042888 99
0.0427254 99
0.0427524 99
0.0429884 99
0.0427862 99
0.0429356 99
0.0428624 99
0.04288 99
0.0428876 99
0.0430073 99
0.0426314 99
0.0433615 99
0.0428261 99
0.0433569 99
0.0426777 99
0.0429728 99
0.0429491 99
0.0427016 99
0.0428942 99
0.0427684 99
0.0429142 99
0.0428084 99
0.0428703 99
0.0428287 99
0.0428914 99
0.042782 99
0.0432174 99
0.0429053 99
0.0428877 99
0.0430184 99
0.0434962 99
0.0427921 99
0.0427369 99
0.0429305 99
0.0428911 99
0.0425711 99
0.0428977 99
0.0429103 99
0.0427932 99
0.0427905 99
0.0428314 99
0.0428251 99
0.042756 99
0.0428641 99
0.0428992 99
0.0429011 99
0.0429375 99
0.0428004 99
0.0429095 99
0.0428638 99
0.0428481 99
0.0428243 99
0.042844 99
0.0429192 99
0.0427885 99
0.0427089 99
0.0428481 99
0.0431008 99
0.0426886 99
0.0431561 99
0.0428076 99
0.0428104 99
0.0431063 99
0.0429113 99
0.0429489 99
0.0426923 99
0.0428179 99
0.0426647 99
0.0428781 99
0.0428626 99
0.0429511 99
0.0429376 99
0.0428111 99
0.0428595 99
0.0427884 99
0.0428889 99
0.0428931 99
0.0428554 99
0.0427979 99
0.0427698 99
0.0428391 99
0.0428244 99
0.0426982 99
0.0427234 99
0.0428661 99
0.0429232 99
0.0425392 99
0.0429756 99
0.0428308 99
0.0427424 99
0.0428437 99
0.0429102 99
0.0425397 99
0.0428167 99
0.0427255 99
0.0426831 99
0.0427813 99
0.0427919 99
0.0428113 99
0.0426701 99
0.0429634 99
0.0428208 99
0.0428387 99
0.0428782 99
0.0428868 99
0.0428391 99
0.0429547 99
0.0427073 99
0.0428421 99
0.043189 99
0.0428719 99
0.0429063 99
0.0428455 99
0.0428124 99
0.0428455 99
0.042934 99
0.0428114 99
0.0427737 99
0.0428388 99
0.0428383 99
0.0429772 99
0.0431286 99
0.0429147 99
0.0428802 99
0.043466 99
0.0425229 99
0.0429746 99
0.0426773 99
0.0431567 99
0.0434143 99
0.0428193 99
0.0428311 99
0.0433426 99
0.0428571 99
0.0428939 99
0.0427439 99
0.0429189 99
0.0427716 99
0.042939 99
0.0426385 99
0.0427338 99
0.0428834 99
0.0427776 99
0.0428899 99
0.0428016 99
0.0428045 99
0.0428952 99
0.0432138 99
0.0428493 99
0.0427489 99
0.0428882 99
0.0428697 99
0.042864 99
0.0429665 99
0.0430801 99
0.0428578 99
0.0428377 99
0.0428093 99
0.0427928 99
0.0427495 99
0.0428362 99
0.0428672 99
0.0427186 99
0.0428598 99
0.0428464 99
0.042796 99
0.0429277 99
0.0428304 99
0.0429709 99
0.0428693 99
0.0428605 99
0.0429096 99
0.04292 99
0.0428301 99
0.0426845 99
0.0429633 99
0.042805 99
0.0426234 99
0.0428894 99
0.04295 99
0.0429483 99
0.0429387 99
0.0432517 99
0.042944 99
0.0427147 99
0.0430666 99
0.0429252 99
0.0426967 99
0.0428321 99
0.0428651 99
0.0429665 99
0.0428435 99
0.0430244 99
0.0431137 99
0.042777 99
0.0428295 99
0.0428051 99
0.0427504 99
0.0428883 99
0.0431965 99
0.0425704 99
0.04284 99
0.0432774 99
0.0425575 99
0.0432173 99
0.0426934 99
0.0428895 99
0.0427665 99
0.0428027 99
0.042773 99
0.0427937 99
0.0428004 99
0.0426188 99
0.0427923 99
0.0427384 99
0.0427825 99
0.0429058 99
0.0428096 99
0.0427761 99
0.0428734 99
0.0428547 99
0.0429147 99
0.0428058 99
0.042924 99
0.043484 99
0.0426808 99
0.0429973 99
0.0434923 99
0.043681 99
0.0426171 99
0.0431555 99
0.0433465 99
0.0430887 99
0.0426597 99
0.0429083 99
0.0428098 99
0.0429477 99
0.0428067 99
0.0429316 99
0.0429332 99
0.0428764 99
0.0429812 99
0.0429427 99
0.0434665 99
0.0431653 99
0.0425829 99
0.0428993 99
0.0429603 99
0.0429301 99
0.0429307 99
0.042822 99
0.0430246 99
0.0426746 99
0.0429905 99
0.0428195 99
0.0428411 99
0.0427559 99
0.0427659 99
0.0430064 99
0.0425671 99
0.0427802 99
0.0428108 99
0.0427779 99
0.0428314 99
0.0428272 99
0.042964 99
0.0429322 99
0.042771 99
0.0428592 99
0.0428629 99
0.0429559 99
0.0427012 99
0.0430425 99
0.0427617 99
0.0431569 99
0.0427993 99
0.0433373 99
0.042669 99
0.0427743 99
0.0430217 99
0.0426966 99
0.0431273 99
0.0426582 99
0.0428191 99
0.0427397 99
0.0429477 99
0.0429538 99
0.0428365 99
0.0430538 99
0.0432716 99
0.0427081 99
0.042765 99
0.0428357 99
0.0427089 99
0.0429618 99
0.0427875 99
0.0427289 99
0.0430753 99
0.0428126 99
0.0427486 99
0.043007 99
0.0425483 99
0.0427673 99
0.0428261 99
0.0429816 99
0.0428934 99
0.0427756 99
0.0429606 99
0.042897 99
0.0430403 99
0.0427937 99
0.0430582 99
0.0429297 99
0.0427113 99
0.0427369 99
0.0428122 99
0.0428562 99
0.0432815 99
0.0430291 99
0.0429428 99
0.0435318 99
0.0428954 99
0.0430552 99
0.042884 99
0.0434281 99
0.0431403 99
0.042844 99
0.0427123 99
0.0429278 99
0.0427042 99
0.0428812 99
0.0428678 99
0.0428707 99
0.0429269 99
0.0427355 99
0.0429159 99
0.0427031 99
0.0430929 99
0.0427221 99
0.0428243 99
0.0428577 99
0.0428643 99
0.0428531 99
0.0428905 99
0.042937 99
0.042872 99
0.0428412 99
0.0429128 99
0.0429121 99
0.0428762 99
0.0428658 99
0.0429679 99
0.0429038 99
0.0428612 99
0.0430913 99
0.0428001 99
0.0429011 99
0.0426732 99
0.0427801 99
0.0430311 99
0.0426928 99
0.0429 99
0.0427674 99
0.0428856 99
0.0435214 99
0.0429862 99
0.0428539 99
0.0431413 99
0.0426298 99
0.0428671 99
0.0428086 99
0.0428127 99
0.0430976 99
0.0433247 99
0.0428037 99
0.0429225 99
0.0430323 99
0.0429576 99
0.0427629 99
0.0428292 99
0.042716 99
0.0428492 99
0.0428016 99
0.0428791 99
0.0427002 99
0.0428141 99
0.0429992 99
0.0428072 99
0.0429725 99
0.0429156 99
0.0428609 99
0.042857 99
0.0429793 99
0.0426399 99
0.0428173 99
0.0428792 99
0.0434952 99
0.0425013 99
0.0428488 99
0.0427582 99
0.0428055 99
0.0429398 99
0.0428828 99
0.0427547 99
0.0428276 99
0.042993 99
0.042887 99
0.0428377 99
0.0428081 99
0.0429175 99
0.0428946 99
0.0429321 99
0.0427679 99
0.0431006 99
0.0426763 99
0.0428678 99
0.0427156 99
0.0427373 99
0.0428686 99
0.042912 99
0.0428661 99
0.0430096 99
0.0435163 99
0.042785 99
0.0429485 99
0.0429886 99
0.0430467 99
0.0428437 99
0.04299 99
0.0428596 99
0.0428686 99
0.0430098 99
0.0428211 99
0.0430726 99
0.0428306 99
0.0430104 99
0.0430762 99
0.0427692 99
0.0430113 99
0.0427338 99
0.0428835 99
0.0429096 99
0.0431108 99
0.0427269 99
0.042825 99
0.042941 99
0.0426806 99
0.0428462 99
0.0428568 99
0.0428157 99
0.0428985 99
0.0428551 99
0.0428633 99
0.0436321 99
0.043004 99
0.0428019 99
0.0429234 99
0.0428945 99
0.0429487 99
0.0429638 99
0.042907 99
0.0429242 99
0.0428544 99
0.0427829 99
0.0429958 99
0.0431898 99
0.0430584 99
0.0431542 99
0.0430003 99
0.0431389 99
0.0434509 99
0.0429129 99
0.0430051 99
0.0426551 99
0.042866 99
0.0428879 99
0.0429541 99
0.0427845 99
0.0429998 99
0.0428987 99
0.0430838 99
0.0427218 99
0.0428957 99
0.0427851 99
0.0428742 99
0.0427816 99
0.0436589 99
0.043042 99
0.0427785 99
0.0431425 99
0.0427861 99
0.0427664 99
0.0428379 99
0.0427915 99
0.0430004 99
0.0429278 99
0.0430302 99
0.0428865 99
0.0429132 99
0.0431387 99
0.0428499 99
0.0429835 99
0.0429459 99
0.0429885 99
0.0430053 99
0.0429701 99
0.0428496 99
0.042805 99
0.0428949 99
0.0428116 99
0.0428149 99
0.0429992 99
0.0428803 99
0.0428546 99
0.0428369 99
0.0428403 99
0.0427938 99
0.0428166 99
0.0429094 99
0.0431205 99
0.0429236 99
0.0428223 99
0.0428854 99
0.0429288 99
0.0428355 99
0.0427693 99
0.0430474 99
0.0429916 99
0.0427913 99
0.0430353 99
0.0428773 99
0.0428845 99
0.0427209 99
0.0428301 99
0.0429175 99
0.0427964 99
0.0429404 99
0.0429708 99
0.0427688 99
0.04309 99
0.0428986 99
0.0428371 99
0.042846 99
0.0427473 99
0.0432618 99
0.0427267 99
0.0427819 99
0.0428274 99
0.0429111 99
0.0429573 99
0.0429851 99
0.0429037 99
0.0429351 99
0.0429115 99
0.0429136 99
0.0431447 99
0.0429751 99
0.0428547 99
0.0431245 99
0.0428258 99
0.0427364 99
0.0430333 99
0.0427755 99
0.042846 99
0.0427139 99
0.0428496 99
0.0427282 99
0.0425995 99
0.0430494 99
0.0429779 99
0.0429136 99
0.042798 99
0.0429143 99
0.0428345 99
0.0427888 99
0.0428742 99
0.0429859 99
0.0430499 99
0.0426395 99
0.0430953 99
0.0427289 99
0.0427512 99
0.0430674 99
0.0427424 99
0.0427788 99
0.042759 99
0.0427694 99
0.0427103 99
0.0427612 99
0.0429941 99
0.0428567 99
0.0429774 99
0.0428731 99
0.0432314 99
0.0429229 99
0.0428911 99
0.0430646 99
0.04289 99
0.0429117 99
0.0428783 99
0.0428841 99
0.042829 99
0.0428885 99
0.0428159 99
0.0428839 99
0.0429393 99
0.0429613 99
0.0427273 99
0.0429372 99
0.0429312 99
0.0427895 99
0.0428709 99
0.0428699 99
0.0428653 99
0.0429537 99
0.042869 99
0.0428745 99
0.0428297 99
0.043391 99
0.0427756 99
0.0429208 99
0.0429201 99
0.0432112 99
0.0428753 99
0.0429601 99
0.0428979 99
0.0428055 99
0.0428831 99
0.0428816 99
0.0427647 99
0.0428711 99
0.0428847 99
0.0426936 99
0.042877 99
0.0428662 99
0.0429877 99
0.0428183 99
0.0430067 99
0.042813 99
0.0429525 99
0.0427469 99
0.0429455 99
0.0432393 99
0.0429404 99
0.042824 99
0.0428373 99
0.0428562 99
0.0429272 99
0.0429679 99
0.0428768 99
0.0429109 99
0.0429955 99
0.0429073 99
0.0428684 99
0.0427852 99
0.0428894 99
0.0429507 99
0.0429357 99
0.0428624 99
0.0429665 99
0.0428377 99
0.0428702 99
0.0428212 99
0.0429564 99
0.0428534 99
0.043008 99
0.0427316 99
0.0430921 99
0.0427223 99
0.042932 99
0.0429687 99
0.0429659 99
0.0429522 99
0.0428023 99
0.0428517 99
0.0429013 99
0.042834 99
0.0429583 99
0.0427413 99
0.0429435 99
0.0428435 99
0.0428611 99
0.0428112 99
0.0428929 99
0.0428797 99
0.0430192 99
0.043335 99
0.0429262 99
0.0428045 99
0.043003 99
0.0428968 99
0.0429976 99
0.042802 99
0.0428724 99
0.0429177 99
0.0428576 99
0.0429029 99
0.0428553 99
0.0428886 99
0.0430335 99
0.043026 99
0.0428778 99
0.0429812 99
0.0428405 99
0.0429943 99
0.0429083 99
0.0429429 99
0.0430482 99
0.0429304 99
0.0429191 99
0.0428922 99
0.0429767 99
0.0429018 99
0.0429691 99
0.0427657 99
0.0429776 99
0.0428033 99
0.0431597 99
0.0428943 99
0.0428833 99
0.0430447 99
0.0426891 99
0.043001 99
0.0429098 99
0.0427645 99
0.0426757 99
0.0430369 99
0.0426766 99
0.0425851 99
0.0430728 99
0.0429891 99
0.0428454 99
0.0428844 99
0.0429507 99
0.0428396 99
0.0429874 99
0.0427365 99
0.0431587 99
0.0426773 99
0.0429572 99
0.0429157 99
0.0429218 99
0.0432513 99
0.0434318 99
0.0428302 99
0.0428272 99
0.0429654 99
0.0428199 99
0.0429071 99
0.0429167 99
0.0427534 99
0.0429758 99
0.0427968 99
0.0428023 99
0.0428687 99
0.0428741 99
0.0429366 99
0.0428865 99
0.0430017 99
0.042917 99
0.0432014 99
0.0427378 99
0.0432219 99
0.04275 99
0.0427826 99
0.0429816 99
0.0428188 99
0.0432867 99
0.0428185 99
0.043024 99
0.0430025 99
0.0429229 99
0.0428507 99
0.0429657 99
0.0428165 99
0.0428948 99
0.0428707 99
0.0428813 99
0.0429325 99
0.0427911 99
0.0429076 99
0.0428907 99
0.0429191 99
0.0429326 99
0.0429811 99
0.0429295 99
0.0428559 99
0.0430082 99
0.0428529 99
0.0429092 99
0.0428982 99
0.0428792 99
0.0433882 99
0.0432906 99
0.0428312 99
0.0427471 99
0.042889 99
0.0428042 99
0.0427668 99
0.0429558 99
0.0428119 99
0.0429126 99
0.0428785 99
0.0429041 99
0.0431029 99
0.0428325 99
0.0428687 99
0.0431447 99
0.0428854 99
0.0430607 99
0.0427536 99
0.0429713 99
0.0430455 99
0.0429826 99
0.043039 99
0.0429631 99
0.0429432 99
0.0433169 99
0.0428541 99
0.0429098 99
0.0425921 99
0.0428066 99
0.0430288 99
0.0431148 99
0.042695 99
0.0427969 99
0.0432451 99
0.0428285 99
0.0428733 99
0.0430137 99
0.0429401 99
0.0428316 99
0.0429019 99
0.0427402 99
0.0430069 99
0.0427817 99
0.0429174 99
0.0430337 99
0.0428428 99
0.0430409 99
0.0428574 99
0.0428394 99
0.0429613 99
0.042792 99
0.0429141 99
0.0428575 99
0.0429394 99
0.0428956 99
0.04294 99
0.0428091 99
0.0428725 99
0.0428305 99
0.0427696 99
0.0429607 99
0.0428714 99
0.0428951 99
0.0428879 99
0.0429063 99
0.0427496 99
0.0432358 99
0.0430319 99
0.0429265 99
0.0428528 99
0.0430737 99
0.0426089 99
0.0429885 99
0.0428333 99
0.042829 99
0.0429263 99
0.0426591 99
0.0429785 99
0.0429344 99
0.0428653 99
0.0430075 99
0.0429461 99
0.0427582 99
0.0428978 99
0.0427449 99
0.0428337 99
0.0428549 99
0.0428716 99
0.0429366 99
0.0429656 99
0.0430378 99
0.0430245 99
0.0429007 99
0.0429077 99
0.0430037 99
0.0429007 99
0.0428917 99
0.0430847 99
0.0428986 99
0.0433831 99
0.042765 99
0.0430358 99
0.042857 99
0.042977 99
0.0427418 99
0.0430822 99
0.0429852 99
0.0428133 99
0.0432727 99
0.0429117 99
0.0428688 99
0.0430421 99
0.042906 99
0.0429935 99
0.0429301 99
0.0427752 99
0.0429822 99
0.0428533 99
0.0428838 99
0.0428556 99
0.0429436 99
0.0428319 99
0.0428273 99
0.0428848 99
0.0433085 99
0.0428983 99
0.0429056 99
0.0428453 99
0.0428849 99
0.0430592 99
0.0427807 99
0.0431349 99
0.042807 99
0.0428683 99
0.0430236 99
0.0428963 99
0.0430262 99
0.0429859 99
0.0429713 99
0.0428272 99
0.0429363 99
0.0429746 99
0.0428404 99
0.0428641 99
0.0430384 99
0.0428494 99
0.0429129 99
0.0429035 99
0.0429205 99
0.0428956 99
0.0428199 99
0.0428854 99
0.0429475 99
0.0429497 99
0.0428871 99
0.0430236 99
0.0431056 99
0.0430597 99
0.0429776 99
0.0430389 99
0.0429181 99
0.0430481 99
0.0430149 99
0.0429513 99
0.0429482 99
0.0428766 99
0.0430015 99
0.042769 99
0.0428646 99
0.0427854 99
0.0429171 99
0.0429442 99
0.0429004 99
0.0429399 99
0.0432542 99
0.0428893 99
0.0429205 99
0.0429176 99
0.0429335 99
0.0429838 99
0.0430428 99
0.0428628 99
0.0430263 99
0.042808 99
0.0429172 99
0.0428909 99
0.0429783 99
0.0428651 99
0.0429431 99
0.0428129 99
0.0429845 99
0.0428077 99
0.0428553 99
0.0428704 99
0.0428888 99
0.0428898 99
0.0428645 99
0.042967 99
0.0428138 99
0.0432427 99
0.0428699 99
0.0430502 99
0.0429483 99
0.042973 99
0.0428269 99
0.0428858 99
0.0430112 99
0.0427981 99
0.0429683 99
0.0429042 99
0.0428323 99
0.0429357 99
0.0428781 99
0.0430028 99
0.0430301 99
0.0427097 99
0.0428341 99
0.0428172 99
0.0429246 99
0.042927 99
0.0429786 99
0.0429686 99
0.0429873 99
0.0428391 99
0.0433218 99
0.0428961 99
0.0428176 99
0.0429523 99
0.0431305 99
0.0428883 99
0.0430932 99
0.0430271 99
0.0429596 99
0.0431094 99
0.0428825 99
0.0429304 99
0.0429912 99
0.0428126 99
0.0428565 99
0.0429051 99
0.0429984 99
0.0429224 99
0.0429891 99
0.0428145 99
0.0428784 99
0.043019 99
0.0428687 99
0.0429195 99
0.042831 99
0.0434414 99
0.0427678 99
0.0428639 99
0.0429414 99
0.0429816 99
0.0430167 99
0.0428886 99
0.0428583 99
0.0430047 99
0.0429482 99
0.0430814 99
0.0431002 99
0.0428398 99
0.0429967 99
0.0428439 99
0.0431533 99
0.0429375 99
0.0429374 99
0.0429247 99
0.0429414 99
0.0430092 99
0.042967 99
0.042891 99
0.0429102 99
0.0429832 99
0.0431278 99
0.0430206 99
0.0428722 99
0.043043 99
0.0429729 99
0.0429463 99
0.0429422 99
0.0429968 99
0.0429399 99
0.0430898 99
0.042978 99
0.0429544 99
0.0429051 99
0.0429691 99
0.0428094 99
0.0428693 99
0.0429832 99
0.0429361 99
0.0429582 99
0.0431028 99
0.0429214 99
0.0428908 99
0.0428481 99
0.0428925 99
0.04298 99
0.0432906 99
0.0429499 99
0.0435254 99
0.0427686 99
0.0429437 99
0.0429447 99
0.0429659 99
0.0429395 99
0.0428913 99
0.0430895 99
0.0429509 99
0.0428135 99
0.0430333 99
0.0428959 99
0.0429283 99
0.0430216 99
0.0429601 99
0.0428994 99
0.042981 99
0.0429387 99
0.0430022 99
0.0430293 99
0.0428225 99
0.0432539 99
0.043184 99
0.0434423 99
0.0428549 99
0.0429534 99
0.043103 99
0.0428503 99
0.0429861 99
0.0428901 99
0.0430142 99
0.0429479 99
0.0430756 99
0.0428773 99
0.0428007 99
0.0429796 99
0.0429914 99
0.0429277 99
0.0428814 99
0.0429178 99
0.042881 99
0.0430131 99
0.0429295 99
0.0429435 99
0.0429964 99
0.0429591 99
0.0429105 99
0.0429949 99
0.0433633 99
0.0428892 99
0.043004 99
0.0428835 99
0.0429938 99
0.0429593 99
0.0428517 99
0.0429466 99
0.042857 99
0.0430545 99
0.0430477 99
0.0429075 99
0.0428326 99
0.0428833 99
0.0428847 99
0.0427622 99
0.0430645 99
0.0429497 99
0.0429941 99
0.042993 99
0.0428791 99
0.0429166 99
0.0430431 99
0.0429327 99
0.0430124 99
0.0433251 99
0.042803 99
0.0429477 99
0.0429454 99
0.0429332 99
0.0428586 99
0.0428092 99
0.0430473 99
0.0429448 99
0.0429979 99
0.0429501 99
0.0428525 99
0.0429344 99
0.042924 99
0.0429792 99
0.0428972 99
0.0431596 99
0.042729 99
0.0429965 99
0.0430537 99
0.0429791 99
0.0429695 99
0.0429257 99
0.0428763 99
0.0430849 99
0.0433318 99
0.0433322 99
0.0427626 99
0.0430487 99
0.042748 99
0.0429263 99
0.0430874 99
0.042815 99
0.0428754 99
0.0429336 99
0.0429453 99
0.0428515 99
0.0430838 99
0.0429407 99
0.0430575 99
0.0427567 99
0.0432614 99
0.0428085 99
0.0429342 99
0.0429605 99
0.0428959 99
0.0430199 99
0.0430549 99
0.0429808 99
0.0428998 99
0.0428493 99
0.0429329 99
0.0431104 99
0.0427887 99
0.0429708 99
0.0429885 99
0.0428969 99
0.0429375 99
0.0430209 99
0.0429434 99
0.0430258 99
0.0429297 99
0.0428241 99
0.0429655 99
0.0431608 99
0.0429489 99
0.043074 99
0.0429729 99
0.0428608 99
0.0429866 99
0.0428501 99
0.0431057 99
0.0425488 99
0.0429493 99
0.043116 99
0.0431577 99
0.0428129 99
0.0428905 99
0.0429996 99
0.0430757 99
0.0430501 99
0.0429126 99
0.0429481 99
0.0428821 99
0.0429724 99
0.0427921 99
0.0429697 99
0.043055 99
0.0429817 99
0.0428811 99
0.0431027 99
0.0429926 99
0.0429128 99
0.0428714 99
0.0429535 99
0.042875 99
0.0429507 99
0.0429815 99
0.0433351 99
0.0427781 99
0.0429139 99
0.0430778 99
0.0428632 99
0.0430929 99
0.0428259 99
0.0428868 99
0.0428903 99
0.0429366 99
0.0430978 99
0.0430353 99
0.0430275 99
0.0428716 99
0.0431362 99
0.0427471 99
0.0428904 99
0.0428297 99
0.0428902 99
0.0429337 99
0.0429532 99
0.0426837 99
0.0433058 99
0.0430305 99
0.0428159 99
0.0433101 99
0.0428677 99
0.0429976 99
0.0428441 99
0.0428293 99
0.0429188 99
0.0429926 99
0.0430183 99
0.0430483 99
0.0430538 99
0.0430248 99
0.0430278 99
0.0430561 99
0.0429238 99
0.0429423 99
0.0430946 99
0.0429545 99
0.0432238 99
0.0427254 99
0.0429741 99
0.043163 99
0.0429801 99
0.0431047 99
0.043027 99
0.0430299 99
0.0432828 99
0.0428491 99
0.0429952 99
0.0430045 99
0.0428891 99
0.0429666 99
0.0430569 99
0.0429103 99
0.0429554 99
0.0429694 99
0.0428891 99
0.0430005 99
0.0427947 99
0.0428473 99
0.0429252 99
0.0430463 99
0.0430165 99
0.0429153 99
0.0430086 99
0.0428054 99
0.0430556 99
0.043079 99
0.0429366 99
0.0430286 99
0.0430103 99
0.043259 99
0.0428795 99
0.0431332 99
0.0428074 99
0.0429694 99
0.0431119 99
0.042942 99
0.0429883 99
0.0429516 99
0.042967 99
0.0429156 99
0.0428961 99
0.0428324 99
0.0429318 99
0.0429095 99
0.0430016 99
0.0428771 99
0.0430483 99
0.0430506 99
0.043126 99
0.0427853 99
0.043164 99
0.0428485 99
0.0430332 99
0.0430461 99
0.0433424 99
0.0430513 99
0.0428636 99
0.0430098 99
0.04294 99
0.0428548 99
0.0430794 99
0.043132 99
0.0429459 99
0.0428658 99
0.0432805 99
0.0428002 99
0.0429259 99
0.042939 99
0.042934 99
0.0429958 99
0.0430732 99
0.0429651 99
0.0429435 99
0.0429452 99
0.0429163 99
0.0429093 99
0.0429845 99
0.042992 99
0.0429959 99
0.0433427 99
0.0428134 99
0.043078 99
0.0430089 99
0.0429018 99
0.0429078 99
0.0430781 99
0.0431279 99
0.0430978 99
0.0428947 99
0.0429514 99
0.0429934 99
0.0430015 99
0.0429084 99
0.0429448 99
0.0428951 99
0.0427267 99
0.043241 99
0.0429855 99
0.0429881 99
0.0430985 99
0.0429548 99
0.0429229 99
0.0430634 99
0.043096 99
0.0432456 99
0.0427702 99
0.0430162 99
0.0430315 99
0.0431772 99
0.0429446 99
0.0430145 99
0.0430375 99
0.0427012 99
0.0430882 99
0.0430018 99
0.0429829 99
0.0430449 99
0.0430477 99
0.0429469 99
0.0430432 99
0.0428779 99
0.0429073 99
0.0430326 99
0.0430919 99
0.0428748 99
0.042952 99
0.043108 99
0.0430001 99
0.042909 99
0.0433754 99
0.0430328 99
0.0429126 99
0.043061 99
0.0429227 99
0.0430721 99
0.0430545 99
0.0430891 99
0.0426473 99
0.0428967 99
0.0429138 99
0.0430491 99
0.0430886 99
0.0428714 99
0.0430263 99
0.0428561 99
0.0431541 99
0.0430906 99
0.042988 99
0.0430657 99
0.042928 99
0.0429199 99
0.0428683 99
0.0429534 99
0.0428914 99
0.0432432 99
0.0429314 99
0.0430452 99
0.04304 99
0.0429596 99
0.0430338 99
0.0429088 99
0.042962 99
0.0427923 99
0.0429471 99
0.0431362 99
0.0431281 99
0.0429867 99
0.0430983 99
0.0430675 99
0.0429045 99
0.0428768 99
0.0430142 99
0.042946 99
0.043058 99
0.0429986 99
0.0427845 99
0.0428747 99
0.0430316 99
0.0431193 99
0.0432021 99
0.0430205 99
0.0429485 99
0.0430129 99
0.0429552 99
0.0431967 99
0.0427897 99
0.0428114 99
0.0430064 99
0.0429168 99
0.0430817 99
0.0430651 99
0.0428773 99
0.0431156 99
0.0429783 99
0.0429483 99
0.0429711 99
0.042886 99
0.0428616 99
0.0430137 99
0.0430083 99
0.0428447 99
0.0428104 99
0.0429035 99
0.0431281 99
0.0433674 99
0.0429395 99
0.0428998 99
0.0431339 99
0.0429441 99
0.0429894 99
0.0430012 99
0.0430788 99
0.0429075 99
0.0430635 99
0.0431245 99
0.0430833 99
0.0428604 99
0.042957 99
0.0429903 99
0.0429622 99
0.042996 99
0.0428659 99
0.0428799 99
0.0429261 99
0.0430001 99
0.043017 99
0.0430914 99
0.0429393 99
0.0427851 99
0.0433598 99
0.0429321 99
0.0430784 99
0.0429917 99
0.0430765 99
0.0428427 99
0.0427963 99
0.0431508 99
0.0430725 99
0.0429567 99
0.0430187 99
0.0429098 99
0.0430927 99
0.0427994 99
0.0429337 99
0.0429417 99
0.0428548 99
0.0433171 99
0.0429518 99
0.0427549 99
0.0428581 99
0.0431392 99
0.0428267 99
0.0429745 99
0.0433166 99
0.0429006 99
0.0429899 99
0.0430229 99
0.042873 99
0.0429672 99
0.0430428 99
0.0428242 99
0.0428134 99
0.0430977 99
0.0431604 99
0.0427655 99
0.043074 99
0.0427579 99
0.0429579 99
0.0428422 99
0.0429473 99
0.0430231 99
0.0429883 99
0.0428978 99
0.0428779 99
0.0430546 99
0.0430412 99
0.0429836 99
0.0428133 99
0.0435787 99
0.0427843 99
0.0430452 99
0.0431355 99
0.0430662 99
0.0429357 99
0.0430579 99
0.0429633 99
0.0430716 99
0.0429995 99
0.0428826 99
0.0429354 99
0.0427851 99
0.0428823 99
0.0428962 99
0.0429491 99
0.0429598 99
0.0429894 99
0.0428973 99
0.0430236 99
0.0431584 99
0.0430836 99
0.0430124 99
0.0427137 99
0.0432394 99
0.043226 99
0.0429071 99
0.0430988 99
0.043386 99
0.042416 99
0.0432028 99
0.0427744 99
0.0429261 99
0.0429743 99
0.0429826 99
0.0429192 99
0.0428791 99
0.0428727 99
0.0429724 99
0.0428076 99
0.0432171 99
0.0429372 99
0.0430603 99
0.0427214 99
0.0431724 99
0.0428478 99
0.0429782 99
0.0430048 99
0.0429745 99
0.0431284 99
0.043384 99
0.0428083 99
0.0431345 99
0.0429532 99
0.0428886 99
0.0428649 99
0.0429736 99
0.0427669 99
0.042928 99
0.0426524 99
0.0430684 99
0.0430422 99
0.0427924 99
0.043033 99
0.0428126 99
0.0430349 99
0.042874 99
0.0428687 99
0.0428164 99
0.0430456 99
0.0426147 99
0.0434197 99
0.0430136 99
0.0429354 99
0.0430159 99
0.0428261 99
0.0432869 99
0.042961 99
0.0428065 99
0.0429052 99
0.0430374 99
0.0428881 99
0.0428836 99
0.042819 99
0.0430727 99
0.042948 99
0.0428764 99
0.0429886 99
0.0429806 99
0.0430564 99
0.042816 99
0.042794 99
0.042979 99
0.0431313 99
0.0430413 99
0.0429196 99
0.0428483 99
0.0432086 99
0.0429495 99
0.042956 99
0.0430113 99
0.0434313 99
0.0429553 99
0.0427391 99
0.0427562 99
0.042975 99
0.0430013 99
0.0428512 99
0.0431264 99
0.042987 99
0.042831 99
0.0429455 99
0.0429621 99
0.0427611 99
0.0430559 99
0.0428055 99
0.0431162 99
0.0429979 99
0.043009 99
0.0429951 99
0.0428619 99
0.0431042 99
0.0429197 99
0.0430604 99
0.0429326 99
0.0428426 99
0.0433498 99
0.0427324 99
0.0430393 99
0.0429657 99
0.0430225 99
0.0428311 99
0.0430961 99
0.0430913 99
0.0429537 99
0.0429504 99
0.0430645 99
0.0429083 99
0.0429707 99
0.0429876 99
0.0427982 99
0.0432016 99
0.0428126 99
0.0428349 99
0.0430085 99
0.0429724 99
0.0431194 99
0.0427127 99
0.0430223 99
0.042818 99
0.0430447 99
0.0433326 99
0.0426371 99
0.0429491 99
0.0430443 99
0.0431667 99
0.0428408 99
0.0430834 99
0.0429126 99
0.0429722 99
0.0430304 99
0.0428068 99
0.0429117 99
0.0429487 99
0.0430703 99
0.0429717 99
0.0429241 99
0.042992 99
0.0430916 99
0.043013 99
0.0430124 99
0.0426838 99
0.0430973 99
0.0429832 99
0.0428598 99
0.0430753 99
0.0432035 99
0.0427175 99
0.0432019 99
0.0428747 99
0.0432209 99
0.0429126 99
0.0430719 99
0.0429249 99
0.0429513 99
0.0430016 99
0.0429627 99
0.0429617 99
0.0431996 99
0.0427371 99
0.0430085 99
0.0429991 99
0.0429714 99
0.0429118 99
0.04315 99
0.0429064 99
0.0429483 99
0.0429853 99
0.0428589 99
0.0429266 99
0.0429776 99
0.043062 99
0.0430271 99
0.042894 99
0.0429285 99
0.0431305 99
0.0429822 99
0.0428451 99
0.0429431 99
0.0430661 99
0.0427498 99
0.0430707 99
0.0428254 99
0.0431356 99
0.0428755 99
0.0432708 99
0.0427425 99
0.0430923 99
0.0430549 99
0.0430406 99
0.0428845 99
0.0428711 99
0.043062 99
0.0431188 99
0.0428132 99
0.0431463 99
0.042931 99
0.0429853 99
0.0431846 99
0.0428726 99
0.0429621 99
0.0431618 99
0.0429508 99
0.0427735 99
0.0428461 99
0.0431141 99
0.0428773 99
0.0430505 99
0.0430276 99
0.0430238 99
0.042983 99
0.0430177 99
0.0431488 99
0.0427358 99
0.0429929 99
0.0430179 99
0.0429118 99
0.0430739 99
0.0430993 99
0.0427228 99
0.0429638 99
0.0429746 99
0.0429628 99
0.042941 99
0.042984 99
0.0428404 99
0.0430954 99
0.0428629 99
0.0430052 99
0.0430325 99
0.0430074 99
0.0429432 99
0.0430271 99
0.042963 99
0.0429437 99
0.0428627 99
0.0429049 99
0.042929 99
0.0431002 99
0.0428246 99
0.0430725 99
0.0429513 99
0.0429939 99
0.0429973 99
0.0429699 99
0.0431094 99
0.0431083 99
0.0428595 99
0.043078 99
0.0431363 99
0.0430659 99
0.042855 99
0.0429418 99
0.0428219 99
0.0430511 99
0.0431071 99
0.0430277 99
0.0428502 99
0.0428435 99
0.0430254 99
0.042912 99
0.0429084 99
0.0430116 99
0.042963 99
0.0431175 99
0.042787 99
0.0429957 99
0.0431396 99
0.04304 99
0.042913 99
0.0429166 99
0.0429632 99
0.0431183 99
0.0432068 99
0.0428798 99
0.0431369 99
0.0429418 99
0.0428425 99
0.0428483 99
0.042992 99
0.0429678 99
0.0430994 99
0.0429718 99
0.0430204 99
0.0429788 99
0.0429658 99
0.0430176 99
0.0428209 99
0.0429728 99
0.0431721 99
0.042763 99
0.043021 99
0.0434841 99
0.0427072 99
0.0429766 99
0.0429733 99
0.0429432 99
0.0430042 99
0.043027 99
0.0429744 99
0.0429092 99
0.0432159 99
0.042989 99
0.0429392 99
0.0429449 99
0.0429111 99
0.0430133 99
0.0430174 99
0.0431437 99
0.0428955 99
0.0428941 99
0.042983 99
0.0428888 99
0.0430314 99
0.0430682 99
0.0430023 99
0.0429885 99
0.0428673 99
0.0428911 99
0.0430451 99
0.0430427 99
0.0430321 99
0.0434335 99
0.0428528 99
0.0429777 99
0.0429649 99
0.0430969 99
0.0429837 99
0.0429918 99
0.0429664 99
0.0429778 99
0.0430066 99
0.0429421 99
0.0430328 99
0.0429016 99
0.0431448 99
0.0427493 99
0.0430172 99
0.0430409 99
0.0430828 99
0.0428488 99
0.0430006 99
0.0428967 99
0.0428805 99
0.0428906 99
0.0429209 99
0.0429996 99
0.0433774 99
0.0429097 99
0.043057 99
0.0429974 99
0.0430346 99
0.0429146 99
0.0430082 99
0.0430304 99
0.0429836 99
0.0429657 99
0.0428264 99
0.0429395 99
0.0430301 99
0.0430043 99
0.0429508 99
0.043218 99
0.0428019 99
0.0430173 99
0.0428132 99
0.0429032 99
0.0428975 99
0.0429462 99
0.0432877 99
0.0428712 99
0.0428913 99
0.0432891 99
0.0429925 99
0.0429596 99
0.0430523 99
0.0429618 99
0.0429669 99
0.0429854 99
0.0430093 99
0.042912 99
0.0429037 99
0.0430958 99
0.0429736 99
0.043102 99
0.0428891 99
0.0429771 99
0.0428551 99
0.0429435 99
0.0428325 99
0.0430859 99
0.0430228 99
0.0429237 99
0.0431106 99
0.0430553 99
0.0430329 99
0.0430117 99
0.0429844 99
0.0428643 99
0.0430226 99
0.0429899 99
0.042917 99
0.0431046 99
0.0435185 99
0.0423715 99
0.0431155 99
0.0430409 99
0.0430723 99
0.0428152 99
0.0430101 99
0.0429577 99
0.0429144 99
0.0430561 99
0.0429375 99
0.0429697 99
0.042927 99
0.0429673 99
0.0429975 99
0.0431603 99
0.0428645 99
0.0429486 99
0.0430715 99
0.0434118 99
0.0428672 99
0.0430728 99
0.0429651 99
0.0430684 99
0.0430151 99
0.0430319 99
0.0430918 99
0.0428781 99
0.0430843 99
0.0430451 99
0.0427698 99
0.0430492 99
0.0429616 99
0.0429975 99
0.0430381 99
0.0429914 99
0.042973 99
0.0429544 99
0.0429193 99
0.043022 99
0.043078 99
0.0429509 99
0.043116 99
0.0430217 99
0.0433118 99
0.0429802 99
0.0430216 99
0.0429923 99
0.0430169 99
0.0429985 99
0.0430166 99
0.0429889 99
0.0429863 99
0.0428686 99
0.0430147 99
0.0430268 99
0.0430448 99
0.0435072 99
0.042639 99
0.0429279 99
0.042997 99
0.0429761 99
0.0429142 99
0.0431043 99
0.0430204 99
0.0430568 99
0.043089 99
0.0429217 99
0.0430119 99
0.0434816 99
0.0429793 99
0.0430282 99
0.0429474 99
0.043071 99
0.0430133 99
0.0429299 99
0.0430701 99
0.0428899 99
0.043004 99
0.0429209 99
0.0429919 99
0.0432969 99
0.0427794 99
0.0430129 99
0.042993 99
0.0429743 99
0.0429881 99
0.0429675 99
0.0430443 99
0.0429166 99
0.0431551 99
0.0429436 99
0.0428999 99
0.04294 99
0.0433675 99
0.0429402 99
0.0430815 99
0.0431099 99
0.042988 99
0.0428859 99
0.0428554 99
0.0428194 99
0.0429529 99
0.0430386 99
0.0430687 99
0.0431044 99
0.0430257 99
0.0430917 99
0.0429435 99
0.0429938 99
0.0429478 99
0.0430307 99
0.0430749 99
0.0430775 99
0.0430134 99
0.0429487 99
0.0429244 99
0.0429815 99
0.0430663 99
0.0433787 99
0.042814 99
0.0430237 99
0.0430102 99
0.0431072 99
0.0430581 99
0.0428364 99
0.0430234 99
0.0429121 99
0.0429348 99
0.0430636 99
0.0430538 99
0.0430399 99
0.0430122 99
0.0430836 99
0.0428181 99
0.042972 99
0.0429769 99
0.0429231 99
0.0430626 99
0.0429811 99
0.0431991 99
0.0429958 99
0.0429756 99
0.042853 99
0.0429417 99
0.0430876 99
0.042915 99
0.043003 99
0.0430197 99
0.0429485 99
0.0429827 99
0.043004 99
0.043 99
0.0430196 99
0.043099 99
0.042969 99
0.042944 99
0.0431862 99
0.0430676 99
0.043391 99
0.0430427 99
0.0429077 99
0.0429504 99
0.0429071 99
0.0430003 99
0.0429027 99
0.0428923 99
0.0429014 99
0.0430075 99
0.0430145 99
0.0429677 99
0.0430327 99
0.0430467 99
0.0430489 99
0.043016 99
0.0429583 99
0.042993 99
0.0430477 99
0.0429214 99
0.0429787 99
0.0431163 99
0.0429239 99
0.0429759 99
0.0429231 99
0.0430194 99
0.0429454 99
0.043028 99
0.0429863 99
0.0428342 99
0.0430661 99
0.0431314 99
0.0429951 99
0.0429329 99
0.0429903 99
0.0429898 99
0.0429236 99
0.0429414 99
0.043072 99
0.0430385 99
0.0429921 99
0.0429302 99
0.0430341 99
0.0430441 99
0.0429633 99
0.042931 99
0.0430875 99
0.0430215 99
0.0430259 99
0.0429438 99
0.0430013 99
0.0430345 99
0.0430438 99
0.0430025 99
0.0429746 99
0.0429675 99
0.0429251 99
0.0430033 99
0.0435609 99
0.0432889 99
0.0430196 99
0.0429755 99
0.0430034 99
0.0429752 99
0.0431801 99
0.0429638 99
0.0430271 99
0.0429968 99
0.0429741 99
0.0430343 99
0.0431661 99
0.0430391 99
0.0429734 99
0.0430335 99
0.0430025 99
0.042962 99
0.043102 99
0.043017 99
0.0431149 99
0.0431472 99
0.0429116 99
0.0430479 99
0.0429453 99
0.0430946 99
0.0429147 99
0.0430649 99
0.0430882 99
0.0429612 99
0.0429528 99
0.0432507 99
0.0430405 99
0.042942 99
0.0429649 99
0.0429906 99
0.0431056 99
0.0429902 99
0.0429527 99
0.0430253 99
0.0430607 99
0.0431881 99
0.0429105 99
0.0430107 99
0.0430174 99
0.0429482 99
0.0428643 99
0.042933 99
0.0429848 99
0.0429491 99
0.0429978 99
0.0429599 99
0.0430316 99
0.04308 99
0.0428491 99
0.0432753 99
0.0430788 99
0.043142 99
0.0430106 99
0.0429261 99
0.0430569 99
0.0429268 99
0.0429491 99
0.0431103 99
0.0428333 99
0.0429518 99
0.0431346 99
0.0432356 99
0.0430648 99
0.0430143 99
0.0429309 99
0.0430253 99
0.0428565 99
0.0430608 99
0.0430286 99
0.043133 99
0.0430572 99
0.0429728 99
0.0431364 99
0.0429923 99
0.0432327 99
0.0430477 99
0.0429458 99
0.0430627 99
0.0430274 99
0.0429959 99
0.0429467 99
0.0430466 99
0.042995 99
0.0429809 99
0.0430279 99
0.0430021 99
0.0431693 99
0.0430303 99
0.0428837 99
0.0431795 99
0.0429699 99
0.0430719 99
0.0430202 99
0.0430268 99
0.0430068 99
0.0429666 99
0.0433265 99
0.0430044 99
0.0430319 99
0.04311 99
0.0430859 99
0.0429111 99
0.0430551 99
0.0429038 99
0.042959 99
0.0429835 99
0.0430045 99
0.0430146 99
0.042987 99
0.0429994 99
0.0431165 99
0.043115 99
0.0429474 99
0.0431967 99
0.0429804 99
0.043031 99
0.0429797 99
0.0430101 99
0.0430503 99
0.0429201 99
0.0429776 99
0.0430521 99
0.0429705 99
0.0429817 99
0.0430051 99
0.0429856 99
0.0430418 99
0.0429313 99
0.0430336 99
0.0430007 99
0.0429838 99
0.0430826 99
0.043034 99
0.0430181 99
0.0429802 99
0.0430296 99
0.0428785 99
0.0432837 99
0.0431191 99
0.0429327 99
0.0429778 99
0.0429903 99
0.0431066 99
0.0429351 99
0.0429452 99
0.0428837 99
0.0434577 99
0.042878 99
0.0429596 99
0.0430537 99
0.0429867 99
0.0430073 99
0.0430101 99
0.0429945 99
0.0430066 99
0.042964 99
0.0430315 99
0.0430545 99
0.0430271 99
0.042986 99
0.0429196 99
0.0431453 99
0.0431768 99
0.0429455 99
0.0430045 99
0.0429444 99
0.0429687 99
0.0429137 99
0.0431017 99
0.0430549 99
0.0432519 99
0.0432898 99
0.0429435 99
0.0429456 99
0.0430387 99
0.042905 99
0.043009 99
0.043068 99
0.0428844 99
0.0431119 99
0.0429894 99
0.043018 99
0.0430847 99
0.0430631 99
0.043113 99
0.043117 99
0.0429913 99
0.0429558 99
0.043083 99
0.0429583 99
0.0430252 99
0.043144 99
0.0429041 99
0.0428906 99
0.0429509 99
0.0429551 99
0.0434025 99
0.0429029 99
0.0430361 99
0.0430581 99
0.042889 99
0.0431505 99
0.0430904 99
0.042914 99
0.0430061 99
0.043095 99
0.0430826 99
0.0430323 99
0.0429864 99
0.043048 99
0.0430457 99
0.0430318 99
0.0430824 99
0.0429402 99
0.0429703 99
0.0430231 99
0.0429494 99
0.0431752 99
0.04315 99
0.0430012 99
0.0429684 99
0.0434029 99
0.0430094 99
0.0431226 99
0.0429199 99
0.0430123 99
0.0431261 99
0.0429964 99
0.0429665 99
0.0429062 99
0.0430779 99
0.042733 99
0.0432569 99
0.0430154 99
0.0430322 99
0.0430998 99
0.04317 99
0.0430345 99
0.0430628 99
0.0431233 99
0.0430788 99
0.0429949 99
0.042953 99
0.0430319 99
0.0430336 99
0.043104 99
0.0429309 99
0.0428691 99
0.0432742 99
0.0430905 99
0.0428156 99
0.0430795 99
0.043018 99
0.0429944 99
0.0431663 99
0.0428512 99
0.0432589 99
0.0441752 99
0.0419142 99
0.0430267 99
0.0430936 99
0.0430154 99
0.0431016 99
0.0430216 99
0.04302 99
0.0432043 99
0.0428182 99
0.0430025 99
0.0429747 99
0.043147 99
0.0430028 99
0.0430761 99
0.0431319 99
0.0430173 99
0.0429926 99
0.043038 99
0.0428549 99
0.042925 99
0.0432207 99
0.0430628 99
0.0430063 99
0.0429866 99
0.0429946 99
0.0431669 99
0.0429999 99
0.0431324 99
0.0429895 99
0.0430178 99
0.0429754 99
0.0429096 99
0.0430664 99
0.0429506 99
0.0431274 99
0.0431669 99
0.0431861 99
0.0430368 99
0.0429429 99
0.043009 99
0.0429677 99
0.0430924 99
0.0430669 99
0.0430133 99
0.0428419 99
0.0432652 99
0.043099 99
0.0429792 99
0.0430446 99
0.0429722 99
0.043345 99
0.0427452 99
0.0429281 99
0.0429586 99
0.0430003 99
0.0429801 99
0.0431116 99
0.0430589 99
0.0429495 99
0.042966 99
0.043188 99
0.0430457 99
0.0430982 99
0.0430392 99
0.0429209 99
0.0430508 99
0.0430455 99
0.0429898 99
0.0429059 99
0.0433108 99
0.0431143 99
0.0430281 99
0.0430256 99
0.0430637 99
0.04309 99
0.0427937 99
0.0432632 99
0.0431167 99
0.0429789 99
0.043039 99
0.0429821 99
0.0430831 99
0.0430155 99
0.043177 99
0.0430108 99
0.0429822 99
0.0431111 99
0.0430422 99
0.042937 99
0.0435373 99
0.0430211 99
0.0431084 99
0.0431408 99
0.0430619 99
0.0431301 99
0.0430991 99
0.0447073 99
0.0413334 99
0.0431738 99
0.0430725 99
0.0428032 99
0.0429856 99
0.0429935 99
0.042916 99
0.0431469 99
0.0430559 99
0.0427842 99
0.0434312 99
0.04313 99
0.0429558 99
0.0430102 99
0.0430929 99
0.0430772 99
0.0429647 99
0.0433978 99
0.0430314 99
0.0431731 99
0.0429811 99
0.0430038 99
0.0431482 99
0.0430771 99
0.0436479 99
0.0424454 99
0.0430051 99
0.0429853 99
0.0429813 99
0.0430395 99
0.0428549 99
0.0431699 99
0.0430619 99
0.0431492 99
0.0431264 99
0.0431381 99
0.0429933 99
0.0430005 99
0.0431082 99
0.0431633 99
0.0431348 99
0.0430477 99
0.0428998 99
0.0431049 99
0.04303 99
0.0430203 99
0.0431054 99
0.0434875 99
0.0430267 99
0.0430088 99
0.0429744 99
0.0430428 99
0.0429546 99
0.0429208 99
0.0429764 99
0.0430153 99
0.0430431 99
0.0431472 99
0.0429636 99
0.0430484 99
0.0430546 99
0.0429131 99
0.0431056 99
0.0432172 99
0.0431385 99
0.0429561 99
0.0429838 99
0.0430482 99
0.0428851 99
0.0430023 99
0.0431033 99
0.0430105 99
0.0430272 99
0.0429862 99
0.0440898 99
0.0418791 99
0.0430592 99
0.0430455 99
0.043155 99
0.0431133 99
0.0430972 99
0.0430484 99
0.0429223 99
0.0430933 99
0.0431127 99
0.0430055 99
0.0431061 99
0.0429122 99
0.0429925 99
0.0429726 99
0.0429367 99
0.0430137 99
0.0429848 99
0.0430928 99
0.0430093 99
0.0430833 99
0.0428574 99
0.0432415 99
0.0431651 99
0.0440428 99
0.0422147 99
0.04279 99
0.0431458 99
0.0431446 99
0.0430997 99
0.0430044 99
0.0430698 99
0.0430969 99
0.0431034 99
0.0430319 99
0.0429791 99
0.0429943 99
0.0430091 99
0.0429918 99
0.0430112 99
0.0429927 99
0.0430325 99
0.0429863 99
0.0451091 99
0.0435546 99
0.04058 99
0.0429625 99
0.0430463 99
0.0430315 99
0.0430626 99
0.0455501 99
0.0406053 99
0.0430064 99
0.0429723 99
0.0433587 99
0.0426678 99
0.0431945 99
0.042992 99
0.043096 99
0.0429818 99
0.0430065 99
0.0430282 99
0.0428326 99
0.0429525 99
0.0434294 99
0.0424474 99
0.0429859 99
0.0430388 99
0.042958 99
0.0429828 99
0.0430473 99
0.0436386 99
0.0423754 99
0.0431562 99
0.0430469 99
0.0431069 99
0.0430699 99
0.0428283 99
0.0432281 99
0.043024 99
0.0430236 99
0.0430637 99
0.0429641 99
0.0430924 99
0.042999 99
0.0429783 99
0.0429277 99
0.0429521 99
0.043083 99
0.0430105 99
0.0430189 99
0.0430152 99
0.0434437 99
0.0526122 99
0.0448676 99
0.043407 99
0.0410951 99
0.0405142 99
0.0385155 99
0.042646 99
0.0410429 99
0.042956 99
0.0430834 99
0.0430659 99
0.0429423 99
0.0430021 99
0.0431586 99
0.042959 99
0.0430396 99
0.0429477 99
0.0429956 99
0.0430039 99
0.0430247 99
0.042941 99
0.0429964 99
0.0433066 99
0.0429168 99
0.0435602 99
0.0429995 99
0.0455015 99
0.0455879 99
0.0432652 99
0.0393498 99
0.0414659 99
0.0433196 99
0.0429561 99
0.0429851 99
0.0430502 99
0.0431719 99
0.0429363 99
0.0429939 99
0.0428654 99
0.0431357 99
0.0430311 99
0.0429995 99
0.0448784 99
0.0410681 99
0.0435588 99
0.0425244 99
0.0442514 99
0.0419564 99
0.0430414 99
0.0431672 99
0.0441822 99
0.042925 99
0.0424459 99
0.0425433 99
0.0432138 99
0.0429729 99
0.0430595 99
0.0429786 99
0.0429909 99
0.0430161 99
0.0429717 99
0.0431576 99
0.0432211 99
0.0429817 99
0.0429537 99
0.0430638 99
0.042962 99
0.042946 99
0.0430721 99
0.0432981 99
0.0427941 99
0.0441466 99
0.0431579 99
0.0424778 99
0.0426211 99
0.0430845 99
0.0430779 99
0.0430158 99
0.0429515 99
0.0430363 99
0.0432838 99
0.0428399 99
0.0430386 99
0.0431741 99
0.043129 99
0.043048 99
0.0431685 99
0.0429724 99
0.0430158 99
0.0430609 99
0.0430434 99
0.0430319 99
0.045828 99
0.0459365 99
0.0431834 99
0.041904 99
0.0414809 99
0.0421769 99
0.042411 99
0.0422075 99
0.0428909 99
0.0429053 99
0.0430194 99
0.0430383 99
0.0430618 99
0.0433779 99
0.0429395 99
0.043074 99
0.0430627 99
0.0430688 99
0.0430115 99
0.043039 99
0.0429731 99
0.043046 99
0.0440652 99
0.0436993 99
0.0431294 99
0.0437899 99
0.0425998 99
0.0432677 99
0.0420615 99
0.0428267 99
0.0428844 99
0.0422039 99
0.0430732 99
0.0433523 99
0.0430068 99
0.042952 99
0.0430444 99
0.0430388 99
0.0430887 99
0.0432694 99
0.0436242 99
0.0426977 99
0.0429149 99
0.0429176 99
0.0432553 99
0.0428885 99
0.043036 99
0.0431076 99
0.0431527 99
0.0469782 99
0.0445053 99
0.0439801 99
0.0434363 99
0.0425193 99
0.0452907 99
0.0402271 99
0.0410979 99
0.0408265 99
0.0413301 99
0.0436744 99
0.0426545 99
0.0430633 99
0.0445093 99
0.0415829 99
0.0430439 99
0.0429868 99
0.0431689 99
0.0433039 99
0.0427437 99
0.0431801 99
0.0437339 99
0.0425336 99
0.0440018 99
0.0421879 99
0.0429244 99
0.0429868 99
0.0448135 99
0.0433542 99
0.0417392 99
0.0420056 99
0.0430491 99
0.0430639 99
0.0430961 99
0.0434764 99
0.0429062 99
0.0438781 99
0.044175 99
0.0416554 99
0.0425812 99
0.0429533 99
0.0438694 99
0.0435989 99
0.0417404 99
0.0431928 99
0.043091 99
0.0432042 99
0.0436351 99
0.0425387 99
0.0430688 99
0.0432505 99
0.0426098 99
0.042991 99
0.0430652 99
0.0430422 99
0.0448369 99
0.0438083 99
0.0419397 99
0.0418435 99
0.0436213 99
0.042979 99
0.0429334 99
0.0430771 99
0.0430098 99
0.0430607 99
0.0440618 99
0.0428645 99
0.04247 99
0.0430747 99
0.0442162 99
0.0441204 99
0.0431991 99
0.0437614 99
0.0455661 99
0.0448429 99
0.0448575 99
0.0464396 99
0.0446814 99
0.0461165 99
0.0457685 99
0.0409949 99
0.0419531 99
0.0413689 99
0.0415131 99
0.0412919 99
0.0417502 99
0.0414987 99
0.0416858 99
0.0442169 99
0.0442541 99
0.0417115 99
0.0410279 99
0.041599 99
0.0414455 99
0.0433334 99
0.0433024 99
0.04355 99
0.0434025 99
0.0470052 99
0.0450002 99
0.0404687 99
0.04287 99
0.0408034 99
0.0418056 99
0.0411589 99
0.0419048 99
0.0420204 99
0.0431079 99
0.0434616 99
0.0430267 99
0.0430028 99
0.0431306 99
0.0430977 99
0.0431542 99
0.0430169 99
0.0429902 99
0.0438702 99
0.0456524 99
0.0436817 99
0.043061 99
0.0438182 99
0.0466821 99
0.0454402 99
0.0408786 99
0.0429012 99
0.0420999 99
0.043728 99
0.0455323 99
0.0428718 99
0.041582 99
0.0420596 99
0.0443468 99
0.044348 99
0.0420579 99
0.0420367 99
0.0431914 99
0.0454096 99
0.0438988 99
0.0451014 99
0.0426779 99
0.0446395 99
0.0461937 99
0.0443826 99
0.0440693 99
0.0481089 99
0.0468668 99
0.0433111 99
0.0440533 99
0.0425232 99
0.0418181 99
0.0430965 99
0.0423942 99
0.0424141 99
0.0433462 99
0.0426639 99
0.0427042 99
0.0417097 99
0.0430923 99
0.0419523 99
0.0428199 99
0.0428749 99
0.0446238 99
0.0438417 99
0.0430857 99
0.0444189 99
0.0491139 99
0.0482144 99
0.0457742 99
0.0441436 99
0.0435009 99
0.0471925 99
0.0432107 99
0.0425931 99
0.0419274 99
0.0430957 99
0.0417559 99
0.0434125 99
0.0435526 99
0.0429559 99
0.0428716 99
0.0413617 99
0.0440457 99
0.0416823 99
0.042817 99
0.0458035 99
0.0470344 99
0.0466284 99
0.0468946 97
0.0485789 97
0.0462996 97
0.0446678 97
0.0454267 97
0.0462411 97
0.0418827 97
0.0427522 97
0.0429787 97
0.0422108 97
0.0431828 97
0.0455251 97
0.0433779 97
0.0456718 97
0.0419426 97
0.0432061 97
0.0424851 97
0.0432747 97
0.0438269 97
0.0419831 97
0.0429738 97
0.0442466 97
0.0450074 97
0.0463027 98
0.0464344 98
0.0450494 98
0.0451202 98
0.0478877 98
0.0453152 98
0.0421342 98
0.0433034 98
0.0422384 98
0.0435578 98
0.0445635 98
0.0423531 98
0.0432346 98
0.0422514 98
0.0437282 98
0.0423286 98
0.0431633 98
0.0437908 98
0.0427353 98
0.04446 98
0.042802 98
0.0470944 98
0.0468818 98
0.0471148 97
0.0473599 97
0.0458324 97
0.0496066 97
0.0436678 97
0.0446312 97
0.0427155 97
0.0445915 97
0.0437231 97
0.0427369 97
0.0442011 97
0.0425064 97
0.0436026 97
0.0445697 97
0.0437323 97
0.0441167 97
0.0437177 97
0.0455127 97
0.0463605 97
0.0468268 97
0.0460897 97
0.0445912 97
0.0470352 96
0.0460433 96
0.0462926 96
0.0444516 96
0.0445279 96
0.0449846 96
0.0462235 96
0.0451046 96
0.0452593 96
0.0439258 96
0.0429322 96
0.0438263 96
0.0434495 96
0.0468118 96
0.0463162 96
0.0466138 96
0.0446993 96
0.0453368 96
0.0445587 96
0.0428522 96
0.0456661 96
0.0463554 96
0.0493621 96
0.0485282 95
0.0473373 95
0.0460442 95
0.0457976 95
0.0467874 95
0.0462192 95
0.0428739 95
0.0444611 95
0.0444852 95
0.0435227 95
0.0458918 95
0.0441096 95
0.0432391 95
0.0446286 95
0.0444497 95
0.0468998 95
0.0460711 95
0.0442942 95
0.0438374 95
0.047283 95
0.0461422 95
0.046687 95
0.0463828 95
0.045985 95
0.0460935 95
0.0437369 95
0.0448801 95
0.0461567 95
0.0446986 95
0.0441821 95
0.0436965 95
0.0454568 95
0.0447664 95
0.0433403 95
0.0443466 95
0.0446994 95
0.0438684 95
0.0442683 95
0.0438064 95
0.044505 95
0.0442113 95
0.0451671 95
0.0461616 95
0.0464874 95
0.046988 96
0.0479881 96
0.046688 96
0.0464642 96
0.0484391 96
0.0467246 96
0.0460803 96
0.0441182 96
0.0448137 96
0.0488145 96
0.0496374 96
0.0471114 96
0.0459918 96
0.0444603 96
0.0468243 96
0.0446209 96
0.0439248 96
0.0443665 96
0.045116 96
0.0484849 96
0.046566 96
0.0496999 96
0.0476195 93
0.0500576 93
0.0516135 93
0.050269 93
0.0519819 93
0.0439879 93
0.0483509 93
0.0447797 93
0.0437635 93
0.0453394 93
0.0453252 93
0.0452379 93
0.0440704 93
0.0453115 93
0.0454344 93
0.0447701 93
0.0451498 93
0.0450002 93
0.0449079 93
0.0511321 93
0.0479067 93
0.0472857 93
0.0471757 93
0.0473605 93
0.0458176 93
0.044438 93
0.045105 93
0.0448218 93
0.0437892 93
0.0492052 93
0.0467446 93
0.0450477 93
0.0449044 93
0.0475529 93
0.0451217 93
0.0453923 93
0.0468713 93
0.0551494 93
0.0462185 93
0.0514683 93
0.0495947 93
0.0489511 93
0.0467745 93
0.0472661 92
0.0494135 92
0.0453494 92
0.0467381 92
0.0459069 92
0.0470966 92
0.0467917 92
0.0483802 92
0.0453349 92
0.0446708 92
0.045992 92
0.0453588 92
0.045482 92
0.0470023 92
0.0481942 92
0.0471402 92
0.0467631 92
0.0468549 92
0.0478001 92
0.0466335 92
0.0492874 92
0.0477652 92
0.0478409 93
0.0484735 93
0.0451875 93
0.0468655 93
0.0449693 93
0.0481088 93
0.0476758 93
0.0469994 93
0.0454396 93
0.044646 93
0.0455907 93
0.0471024 93
0.045419 93
0.0443488 93
0.0462068 93
0.0456613 93
0.0442934 93
0.0461028 93
0.048144 93
0.0472884 93
0.0473876 93
0.0469114 93
0.0496013 93
0.0461487 93
0.0502184 93
0.0459296 93
0.0455201 93
0.0477454 93
0.0443896 93
0.0457272 93
0.0460697 93
0.0488371 93
0.0448362 93
0.0456865 93
0.0472601 93
0.0457085 93
0.04437 93
0.0483485 93
0.0475335 93
0.0489938 93
0.0484705 93
0.054937 93
0.0510108 93
0.0480656 91
0.0462694 91
0.046969 91
0.0459297 91
0.0453105 91
0.0472851 91
0.0457924 91
0.0458153 91
0.045119 91
0.0459828 91
0.045778 91
0.0457005 91
0.0465468 91
0.0455966 91
0.0458617 91
0.045819 91
0.0483893 91
0.0497709 91
0.0515267 91
0.0496359 91
0.0484617 91
0.0519162 92
0.0481378 92
0.045419 92
0.0471545 92
0.0461574 92
0.0481934 92
0.0452257 92
0.0457541 92
0.0483996 92
0.0461754 92
0.0459793 92
0.045486 92
0.0464585 92
0.0459653 92
0.0460267 92
0.0467517 92
0.0459316 92
0.0480948 92
0.0506459 92
0.0497985 92
0.0485975 92
0.0484072 92
0.048236 92
0.0472066 92
0.0458899 92
0.0460875 92
0.0490714 92
0.0503028 92
0.0473151 92
0.0476807 92
0.0482913 92
0.0455087 92
0.0460944 92
0.0462336 92
0.0468329 92
0.0482351 92
0.0450763 92
0.0464458 92
0.0505818 92
0.0486287 92
0.0494066 92
0.0485268 92
0.0487472 92
0.0507311 91
0.0454742 91
0.0483118 91
0.0474116 91
0.0462476 91
0.0473626 91
0.0466279 91
0.0463683 91
0.0456408 91
0.0486214 91
0.0464163 91
0.0497672 91
0.0489617 91
0.0470556 91
0.0600816 91
0.0523809 91
0.0496401 91
0.0519716 91
0.0503821 91
0.0523646 91
0.050698 91
0.0465694 89
0.0463242 89
0.0468061 89
0.0476207 89
0.0500646 89
0.046356 89
0.0492066 89
0.0466573 89
0.0456647 89
0.0484667 89
0.0465635 89
0.0469524 89
0.0512011 89
0.0491133 89
0.0508598 89
0.0539507 89
0.0561462 89
0.0499233 89
0.0508461 89
0.051451 89
0.050069 89
0.0497587 89
0.0466942 89
0.0471476 89
0.0491776 89
0.0470839 89
0.0468935 89
0.0494706 89
0.0466655 89
0.0458254 89
0.0485377 89
0.0469985 89
0.046691 89
0.0490026 89
0.046973 89
0.0472815 89
0.050113 89
0.0487669 89
0.053844 89
0.0514166 89
0.0551582 89
0.0473977 89
0.0511107 89
0.0490645 89
0.0468799 89
0.0467314 89
0.0462155 89
0.0488166 89
0.0471756 89
0.0474161 89
0.0469567 89
0.04694 89
0.0472154 89
0.047407 89
0.0471923 89
0.0478964 89
0.0487805 89
0.0495119 89
0.0565128 89
0.0520938 89
0.0540602 89
0.0504998 89
0.0459082 89
0.049111 89
0.0472259 89
0.0473983 89
0.0491471 89
0.0500178 89
0.0495823 89
0.0471655 89
0.0469919 89
0.0476547 89
0.0473735 89
0.0475321 89
0.0495326 89
0.047238 89
0.0481183 89
0.0518202 89
0.0494015 89
0.0508185 89
0.0496896 89
0.050969 89
0.0495822 89
0.0513338 89
0.0474394 89
0.0483304 89
0.0474305 89
0.0462484 89
0.0482907 89
0.0475123 89
0.0475892 89
0.0502846 89
0.047489 89
0.0481425 89
0.0474689 89
0.0467019 89
0.0481457 89
0.0492469 89
0.0496374 89
0.0539113 89
0.0513924 89
0.0553579 89
0.0552217 89
0.0483714 88
0.0485139 88
0.0479193 88
0.0485803 88
0.04741 88
0.0465021 88
0.0497444 88
0.047624 88
0.0476932 88
0.0479003 88
0.047815 88
0.0481317 88
0.0478151 88
0.0467169 88
0.0535136 88
0.0527614 88
0.0533022 88
0.0501031 88
0.0550516 88
0.051069 88
0.0522244 88
0.0512789 88
0.0476989 88
0.0490603 88
0.0478656 88
0.0479897 88
0.0541256 88
0.0494083 88
0.0479669 88
0.0479097 88
0.0520673 88
0.0498255 88
0.0495568 88
0.047968 88
0.0499358 88
0.0507252 88
0.0507358 88
0.0504967 88
0.0507172 88
0.0509435 88
0.0479845 88
0.0484481 87
0.050773 87
0.0516571 87
0.0477821 87
0.0501064 87
0.0478499 87
0.048743 87
0.0477592 87
0.0488653 87
0.0496117 87
0.0479651 87
0.0476362 87
0.0497422 87
0.0490873 87
0.0519271 87
0.0505331 87
0.0532093 87
0.0510265 87
0.0503449 87
0.050821 87
0.0511401 87
0.0473167 87
0.0497813 87
0.047579 87
0.0484967 87
0.0477707 87
0.0481405 87
0.0527334 87
0.0501102 87
0.0497181 87
0.0483276 87
0.0504615 87
0.0481261 87
0.0489134 87
0.0515981 87
0.0507785 87
0.0513338 87
0.0505994 87
0.0509251 87
0.0477139 87
0.0499755 87
0.0484912 88
0.0514276 88
0.0482231 88
0.0523931 88
0.0501813 88
0.0510761 88
0.0480849 88
0.0497815 88
0.0485669 88
0.0482477 88
0.0506345 88
0.0518247 88
0.0532574 88
0.0510716 88
0.0512694 88
0.0510553 88
0.0509625 88
0.0547463 88
0.0499303 88
0.0575843 88
0.0546717 85
0.049969 85
0.050092 85
0.0483055 85
0.0483105 85
0.0483155 85
0.0518117 85
0.0522795 85
0.0485545 85
0.050635 85
0.0488697 85
0.0509537 85
0.0536045 85
0.0541096 85
0.0528342 85
0.0516348 85
0.0567015 85
0.0510236 85
0.0502721 85
0.0484092 85
0.0483953 85
0.0480581 85
0.0499281 85
0.0485619 85
0.0491081 85
0.0487416 85
0.0486273 85
0.050795 85
0.04857 85
0.0516539 85
0.0487145 85
0.0495564 85
0.0515488 85
0.0526055 85
0.0513217 85
0.0534009 85
0.0520515 85
0.0546405 85
0.051943 85
0.0488069 85
0.0496171 86
0.0486732 86
0.0489661 86
0.0516323 86
0.048559 86
0.0522526 86
0.0488496 86
0.052206 86
0.0491734 86
0.0515449 86
0.0491788 86
0.0515838 86
0.051764 86
0.0558185 86
0.0523931 86
0.0517922 86
0.0530627 86
0.0484138 86
0.0523218 86
0.052103 86
0.0507104 85
0.0515476 85
0.0509852 85
0.0490628 85
0.0505221 85
0.0490367 85
0.0510401 85
0.0490589 85
0.0502052 85
0.0492413 85
0.0498702 85
0.05159 85
0.051981 85
0.0553317 85
0.0530432 85
0.0516672 85
0.0505785 85
0.0500716 85
0.0491411 85
0.0491448 86
0.0516656 86
0.0491187 86
0.0508891 86
0.0491282 86
0.0546441 86
0.0492029 86
0.0535674 86
0.0495766 86
0.049631 86
0.0492724 86
0.0514194 86
0.0517754 86
0.0548429 86
0.0554356 86
0.0534212 86
0.0529287 86
0.0499948 86
0.0506824 86
0.0502197 86
0.0493143 85
0.0496091 85
0.0501453 85
0.0491329 85
0.051245 85
0.0490999 85
0.05191 85
0.0497889 85
0.0520598 85
0.0491886 85
0.0510787 85
0.0515747 85
0.0552796 85
0.0545608 85
0.0542704 85
0.0548237 85
0.0544531 85
0.0506271 85
0.0520095 85
0.0493757 85
0.0511497 84
0.0496337 84
0.0515659 84
0.0503489 84
0.0520634 84
0.0496707 84
0.0509305 84
0.0495962 84
0.0521464 84
0.0495457 84
0.0525116 84
0.0528066 84
0.0536309 84
0.0557387 84
0.0544985 84
0.052055 84
0.0497964 84
0.0508978 84
0.0525566 84
0.0504679 84
0.0532634 84
0.0506166 84
0.0518872 84
0.0497865 84
0.0519879 84
0.0497594 84
0.0518107 84
0.0498359 84
0.0516241 84
0.0501468 84
0.0540078 84
0.0525408 84
0.0528163 84
0.0550478 84
0.0524268 84
0.0507162 84
0.0509015 84
0.0530394 84
0.0527319 84
0.0505986 84
0.0504443 84
0.0504019 84
0.050963 84
0.0509679 84
0.0507975 84
0.0502177 84
0.0510536 84
0.0504709 84
0.0514348 84
0.0520613 84
0.0546619 84
0.0524865 84
0.0527733 84
0.0557416 84
0.0523662 84
0.050535 84
0.0500907 84
0.0504449 84
0.0501381 84
0.0521364 84
0.0507223 84
0.0503386 84
0.0501987 84
0.0507855 84
0.0503369 84
0.0509464 84
0.0503764 84
0.0519479 84
0.051616 84
0.0552147 84
0.0563917 84
0.0530814 84
0.0540116 84
0.0548524 84
0.0503202 84
0.0511793 84
0.0543638 84
0.0508274 84
0.057227 83
0.053437 83
0.0507494 83
0.0538193 83
0.0523923 83
0.0542832 83
0.0502234 83
0.0504202 83
0.050399 83
0.0513507 83
0.0536272 83
0.0532666 83
0.0541373 83
0.0538979 83
0.053179 83
0.0521496 83
0.0564034 83
0.0570377 83
0.0555431 83
0.0517186 82
0.0506167 82
0.0526962 82
0.0514864 82
0.0533104 82
0.0535395 82
0.0525639 82
0.0524739 82
0.0507887 82
0.0541276 82
0.0558843 82
0.0546983 82
0.0544546 82
0.0576052 82
0.0532754 82
0.050958 82
0.0520816 82
0.0509203 82
0.0537113 82
0.0538527 82
0.0544531 82
0.0515387 82
0.0510231 82
0.0526346 82
0.051485 82
0.0533314 82
0.0508443 82
0.0505189 82
0.0533532 82
0.0535647 82
0.0554989 82
0.0547754 82
0.0536724 82
0.054912 82
0.0521208 82
0.0512823 82
0.0524153 82
0.0515059 82
0.0532325 82
0.0508505 82
0.0544303 82
0.0540292 82
0.0516067 82
0.053228 82
0.0511224 82
0.0511076 82
0.0511221 82
0.0539713 82
0.0554198 82
0.0572579 82
0.0550777 82
0.0557501 82
0.0530629 82
0.0524543 82
0.0531216 82
0.0512033 82
0.0514492 82
0.0514192 82
0.0512819 82
0.0522438 82
0.0513406 82
0.0545198 82
0.0508581 82
0.0515744 82
0.0511906 82
0.0515473 82
0.0546733 82
0.0549606 82
0.0542181 82
0.0673864 82
0.0574452 82
0.0531651 82
0.051981 82
0.0510945 82
0.051355 82
0.0513204 82
0.0523606 82
0.0513031 81
0.0539589 81
0.0511193 81
0.0528656 81
0.0516195 81
0.051476 81
0.0515187 81
0.0516645 81
0.0556551 81
0.0547464 81
0.0539765 81
0.0561435 81
0.0547647 81
0.0511893 81
0.0540142 81
0.0517028 81
0.0516001 81
0.05168 81
0.0514707 81
0.0537949 82
0.051562 82
0.0560637 82
0.0546705 82
0.0522452 82
0.0532153 82
0.0517672 82
0.0529726 82
0.0559483 82
0.0576044 82
0.0570365 82
0.0563712 82
0.0575289 82
0.0548356 82
0.0519119 82
0.0518501 82
0.0517311 82
0.0513932 82
0.0528593 82
0.0515739 80
0.0544456 80
0.0515215 80
0.052469 80
0.0526504 80
0.0521817 80
0.0536568 80
0.0544454 80
0.0546268 80
0.0579115 80
0.0555427 80
0.0554238 80
0.052305 80
0.0551594 80
0.0518484 80
0.0519644 80
0.0542059 80
0.0518357 80
0.0534871 80
0.0526939 81
0.0518222 81
0.0530354 81
0.0527876 81
0.0547048 81
0.0522694 81
0.053105 81
0.0578708 81
0.0568798 81
0.0553048 81
0.055594 81
0.0558762 81
0.0588977 81
0.0546942 81
0.0545627 81
0.0553952 81
0.0546983 81
0.0519978 81
0.0539968 79
0.0524677 79
0.0521909 79
0.0550397 79
0.0521436 79
0.051974 79
0.0529706 79
0.0550599 79
0.0570919 79
0.0569353 79
0.0552157 79
0.057983 79
0.051663 79
0.0539854 79
0.0530053 79
0.0547084 79
0.0526843 79
0.0525211 79
0.056568 79
0.0567395 80
0.0520676 80
0.0533663 80
0.0529264 80
0.0531435 80
0.0539356 80
0.0541579 80
0.0553181 80
0.0586533 80
0.0565702 80
0.0573268 80
0.0534039 80
0.0569104 80
0.0529574 80
0.0527684 80
0.0523411 80
0.0531766 80
0.0524832 80
0.0548628 79
0.0547165 79
0.0522047 79
0.0545377 79
0.0525278 79
0.0528767 79
0.0552718 79
0.0586599 79
0.0571791 79
0.0608325 79
0.0607951 79
0.0546142 79
0.0559767 79
0.0536277 79
0.0527188 79
0.0549148 79
0.0540012 79
0.0525072 79
0.0536514 79
0.0525528 79
0.0524601 79
0.0545548 79
0.0526537 79
0.0541991 79
0.0537389 79
0.055752 79
0.0565646 79
0.0582686 79
0.0581415 79
0.0585968 79
0.0541664 79
0.0534657 79
0.0536312 79
0.0522103 79
0.0547199 79
0.0547699 79
0.0531005 79
0.0551716 79
0.0547568 79
0.0524249 79
0.0546936 79
0.0534107 79
0.0528516 79
0.058814 79
0.0583842 79
0.0599023 79
0.0575592 79
0.0566633 79
0.0554523 79
0.0572816 79
0.0563682 79
0.0527362 79
0.052984 79
0.0564585 79
0.0533262 79
0.0531598 79
0.0545374 78
0.0535623 78
0.0529348 78
0.0550667 78
0.0530023 78
0.0561611 78
0.0576348 78
0.0563417 78
0.0568221 78
0.0555045 78
0.0545407 78
0.0559161 78
0.0534751 78
0.0537254 78
0.0574115 78
0.0534891 78
0.0532254 78
0.0555982 78
0.0550478 78
0.0538005 78
0.0534385 78
0.054183 78
0.0541313 78
0.0546768 78
0.0589845 78
0.0584068 78
0.0567017 78
0.0569327 78
0.0548624 78
0.0557037 78
0.0548373 78
0.0531727 78
0.0553327 78
0.0551299 78
0.0532848 78
0.0556292 78
0.0547847 78
0.0542472 78
0.0532672 78
0.054977 78
0.0536488 78
0.0586037 78
0.0576504 78
0.0594863 78
0.0629362 78
0.0596991 78
0.0542792 78
0.0542556 78
0.0531927 78
0.055754 78
0.0536861 78
0.0536396 78
0.0554127 78
0.0536276 78
0.0543205 78
0.0551888 78
0.0536983 78
0.0543079 78
0.0565856 78
0.0559778 78
0.0566941 78
0.0573575 78
0.0593426 78
0.057795 78
0.059295 78
0.0559823 78
0.0561275 78
0.0565792 78
0.0538135 78
0.0567179 78
0.0547679 78
0.0536861 78
0.0586085 78
0.0597955 77
0.0552719 77
0.053507 77
0.0543187 77
0.0578774 77
0.0578549 77
0.0621317 77
0.0618881 77
0.0573552 77
0.053705 77
0.0550831 77
0.0558749 77
0.0550137 77
0.0540517 77
0.0562748 77
0.0557126 77
0.0541496 77
0.0537754 77
0.0564863 77
0.0551707 77
0.0537018 77
0.0558698 77
0.0592101 77
0.0572091 77
0.0572103 77
0.0570831 77
0.0585733 77
0.0549481 77
0.0553015 77
0.0549663 77
0.0540763 77
0.0555199 77
0.0627889 77
0.0543509 77
0.0546468 77
0.0554607 77
0.0552844 77
0.0542144 77
0.054738 77
0.0562815 77
0.0573197 77
0.0574457 77
0.0571562 77
0.0575241 77
0.0584686 77
0.0562455 77
0.0540442 77
0.0542666 77
0.0602451 77
0.0581621 77
0.0561518 77
0.0542602 77
0.0540572 77
0.0578501 77
0.0552586 77
0.0541218 77
0.0551208 77
0.0569172 77
0.0576279 77
0.0582254 77
0.0599238 77
0.0594933 77
0.0553916 77
0.0577096 77
0.0562094 77
0.0549602 77
0.0540008 77
0.0592818 77
0.0602722 77
0.056321 77
0.0555094 77
0.0543439 77
0.0551119 76
0.0571532 76
0.0544228 76
0.0574922 76
0.0586892 76
0.0600587 76
0.0611614 76
0.0593733 76
0.0553466 76
0.0557797 76
0.057761 76
0.0570537 76
0.0574922 76
0.0560771 76
0.0543693 76
0.0552507 76
0.0563791 76
0.0559455 76
0.0552861 76
0.0573941 76
0.0578769 76
0.060012 76
0.0610491 76
0.0597533 76
0.0603969 76
0.0561271 76
0.0569888 76
0.054638 76
0.0545066 76
0.0579259 76
0.0555948 76
0.0558626 76
0.0549504 76
0.0568018 76
0.0559724 76
0.0551289 76
0.0546321 76
0.0611208 76
0.061088 76
0.0606359 76
0.0606583 76
0.0579794 76
0.0598828 76
0.0547862 76
0.0569985 76
0.0603726 76
0.0611409 76
0.0549027 76
0.0581605 76
0.0556475 76
0.0547603 76
0.0556172 76
0.0565366 76
0.0559165 75
0.0590357 75
0.0592421 75
0.0587034 75
0.0610916 75
0.0604528 75
0.0586493 75
0.0559514 75
0.059881 75
0.0572421 75
0.0569339 75
0.0567882 75
0.0551092 75
0.0577618 75
0.0582257 75
0.0570105 75
0.0552253 75
0.0555776 75
0.0579199 75
0.0614726 75
0.0593148 75
0.0603141 75
0.0605066 75
0.0601616 75
0.0568254 75
0.0560939 75
0.054999 75
0.0575356 75
0.0587214 75
0.0557323 75
0.0558197 75
0.0553538 75
0.056557 75
0.0565132 75
0.0552423 75
0.0588165 75
0.0564524 75
0.0597835 75
0.0604747 75
0.061849 75
0.0619934 75
0.0628861 75
0.0565223 75
0.0569511 75
0.0564688 75
0.0554818 75
0.0548447 75
0.0603191 75
0.0554234 75
0.0563292 75
0.0552762 75
0.0590866 75
0.0603532 74
0.056743 74
0.0602877 74
0.0592172 74
0.0603597 74
0.0594071 74
0.0583201 74
0.0560135 74
0.0561419 74
0.0577328 74
0.0567126 74
0.0553546 74
0.0561948 74
0.0564859 74
0.0576927 74
0.0572402 74
0.0553837 74
0.0561363 74
0.0578733 75
0.0595397 75
0.0613693 75
0.0615984 75
0.060648 75
0.0612388 75
0.0596141 75
0.0592925 75
0.0599417 75
0.0559284 75
0.0564071 75
0.0554667 75
0.0570541 75
0.0584237 75
0.0585129 75
0.0583216 75
0.055488 75
0.0563617 74
0.0588085 74
0.0610469 74
0.0600386 74
0.060799 74
0.0602561 74
0.0573457 74
0.0577969 74
0.0573949 74
0.0564245 74
0.058101 74
0.0581554 74
0.0569105 74
0.0554645 74
0.0564238 74
0.0576176 74
0.0576318 74
0.0574662 74
0.055863 74
0.0602812 74
0.061619 74
0.0628555 74
0.0621699 74
0.0616476 74
0.0578031 74
0.0565979 74
0.0565939 74
0.0594466 74
0.0567202 74
0.0584736 74
0.0567031 74
0.0561073 74
0.0575598 74
0.0604882 74
0.0622479 74
0.0594816 73
0.064994 73
0.0627154 73
0.0602633 73
0.0592455 73
0.0619705 73
0.0593548 73
0.0582183 73
0.0588975 73
0.0585689 73
0.0574868 73
0.0562696 73
0.0569007 73
0.0566996 73
0.0577733 73
0.0587782 73
0.0561506 73
0.0572437 73
0.0591862 73
0.0600356 73
0.0594833 73
0.0615943 73
0.0607653 73
0.0567783 73
0.0594568 73
0.0578257 73
0.0574898 73
0.0562143 73
0.0571129 73
0.0573837 73
0.0585321 73
0.0586873 73
0.0573196 73
0.0580234 73
0.0573664 74
0.0603089 74
0.0596685 74
0.0603399 74
0.0609723 74
0.0610043 74
0.0575048 74
0.05915 74
0.0570626 74
0.0565358 74
0.0573578 74
0.0565638 74
0.0598039 74
0.0641997 74
0.0596289 74
0.0584208 74
0.0588002 74
0.0591453 74
0.0606819 73
0.0620951 73
0.0650032 73
0.0627379 73
0.058538 73
0.0602358 73
0.0590342 73
0.0573688 73
0.057287 73
0.0603471 73
0.0589695 73
0.0573932 73
0.0565217 73
0.0595115 73
0.0609042 73
0.0603005 73
0.0622231 72
0.0631341 72
0.0612363 72
0.0608695 72
0.0607072 72
0.0581953 72
0.0603232 72
0.0592482 72
0.0604875 72
0.0565169 72
0.0578606 72
0.0598338 72
0.0595799 72
0.0569959 72
0.0574489 72
0.0583923 72
0.0595593 72
0.0606942 72
0.0634854 73
0.0610312 73
0.0628646 73
0.0645912 73
0.058778 73
0.0582612 73
0.0606941 73
0.0621378 73
0.0606671 73
0.0597475 73
0.060418 73
0.058648 73
0.0610005 73
0.0595604 73
0.0579405 73
0.0581136 73
0.0602541 72
0.0611745 72
0.0605504 72
0.0613589 72
0.0612995 72
0.0578168 72
0.0578073 72
0.0570695 72
0.0618901 72
0.0641149 72
0.0612351 72
0.0582073 72
0.0574034 72
0.0604714 72
0.0609695 72
0.0597717 72
0.0627159 72
0.0632898 71
0.0609818 71
0.061569 71
0.0614263 71
0.060307 71
0.0604882 71
0.0581222 71
0.0620991 71
0.0585502 71
0.059325 71
0.0603908 71
0.0581697 71
0.0580789 71
0.0579986 71
0.0604175 71
0.0599285 71
0.0604195 71
0.0620327 72
0.0616342 72
0.063467 72
0.0724383 72
0.0614652 72
0.0577789 72
0.0586456 72
0.0602501 72
0.0608527 72
0.0598234 72
0.0605593 72
0.0630929 72
0.061936 72
0.0597782 72
0.0607016 72
0.0617325 72
0.0633351 70
0.0652866 70
0.0617138 70
0.0613748 70
0.0577117 70
0.0590935 70
0.0575197 70
0.060421 70
0.0596985 70
0.0606789 70
0.0617499 70
0.0625952 70
0.0616512 70
0.0600172 70
0.0606505 70
0.0617086 70
0.0642438 70
0.0613885 71
0.0622455 71
0.061587 71
0.0601101 71
0.0639037 71
0.0651977 71
0.0625112 71
0.0607129 71
0.0582674 71
0.0587342 71
0.0576749 71
0.0584178 71
0.0605272 71
0.0606547 71
0.0585006 71
0.0611813 71
0.0622019 71
0.0614691 71
0.0620217 71
0.0620344 71
0.0581641 71
0.0589666 71
0.0590253 71
0.0603654 71
0.0622383 71
0.0597578 71
0.0614257 71
0.0609503 71
0.0598193 71
0.0621996 71
0.0610469 71
0.0634612 71
0.0620776 71
0.0647836 71
0.0640047 71
0.0622035 71
0.0607395 71
0.0610417 71
0.0609888 71
0.0602595 71
0.0583733 71
0.0605045 71
0.0621381 71
0.06073 71
0.0583027 71
0.0586219 71
0.0580758 71
0.0586699 71
0.0630864 71
0.0621414 71
0.0626819 70
0.0624834 70
0.062147 70
0.0592558 70
0.0588629 70
0.0582905 70
0.0587021 70
0.0586716 70
0.0631645 70
0.0596113 70
0.0605774 70
0.061254 70
0.0610556 70
0.0603155 70
0.0634354 70
0.0626976 70
0.0620866 70
0.0645553 71
0.0641137 71
0.0591217 71
0.0597037 71
0.0588466 71
0.0589859 71
0.0584098 71
0.0592268 71
0.0588866 71
0.0615783 71
0.0608941 71
0.0613388 71
0.0602293 71
0.060383 71
0.0667651 71
0.0635519 71
0.0653042 70
0.0648136 70
0.0624067 70
0.0611146 70
0.0615476 70
0.0621489 70
0.0606511 70
0.0614011 70
0.0619876 70
0.0597028 70
0.0613781 70
0.0613847 70
0.062594 70
0.0611067 70
0.0656498 70
0.0654092 70
0.0681392 69
0.0639912 69
0.0605861 69
0.0595296 69
0.0600003 69
0.0607279 69
0.0609436 69
0.0609451 69
0.0612855 69
0.0604873 69
0.0610505 69
0.0619819 69
0.0600933 69
0.0604844 69
0.0638432 69
0.0636007 69
0.0686116 69
0.0699706 70
0.06169 70
0.0605423 70
0.0593927 70
0.0588858 70
0.0710987 70
0.0625857 70
0.0594865 70
0.0619176 70
0.06148 70
0.0598914 70
0.0587577 70
0.0596997 70
0.0623307 70
0.0634796 70
0.0635021 70
0.0714369 68
0.0667176 68
0.0607001 68
0.0597271 68
0.0585321 68
0.0600169 68
0.0586655 68
0.0600807 68
0.0588068 68
0.0600929 68
0.0600211 68
0.0608274 68
0.0610165 68
0.0642248 68
0.0634922 68
0.0634275 68
0.0630711 68
0.0688038 70
0.0665557 70
0.0597 70
0.058693 70
0.0610169 70
0.0611824 70
0.0595478 70
0.0618168 70
0.0602229 70
0.0607514 70
0.0627285 70
0.0600655 70
0.061855 70
0.0635796 70
0.0635351 70
0.0636173 70
0.0628313 70
0.0603458 70
0.061121 70
0.0595362 70
0.0602414 70
0.0600232 70
0.0591304 70
0.0601662 70
0.0596726 70
0.0601387 70
0.0599568 70
0.0695429 70
0.0657889 70
0.0639647 70
0.0643037 70
0.0639706 70
0.0644142 69
0.063438 69
0.0623525 69
0.0633363 69
0.0604335 69
0.0628871 69
0.0637621 69
0.0604321 69
0.0606679 69
0.0600862 69
0.0594081 69
0.0615689 69
0.0610482 69
0.0646293 69
0.0640162 69
0.0642358 69
0.0641145 69
0.062734 69
0.0628011 69
0.0600278 69
0.0621533 69
0.0650633 69
0.0626365 69
0.0600519 69
0.0602921 69
0.0593306 69
0.061108 69
0.0608116 69
0.0642588 69
0.0645028 69
0.0673034 69
0.0682973 69
0.0640735 69
0.0604031 69
0.0624575 69
0.0629201 69
0.0605912 69
0.0606892 69
0.059715 69
0.060764 69
0.0599621 69
0.0604386 69
0.0603547 69
0.0601058 69
0.0611948 69
0.0639516 69
0.0635296 69
0.0666267 69
0.0673533 69
0.0647667 69
0.0631898 69
0.0604237 69
0.0610167 69
0.0595464 69
0.0607612 69
0.0596774 69
0.0605635 69
0.0607701 69
0.0601015 69
0.0608941 69
0.0616194 69
0.0665509 69
0.0666304 69
0.0668465 69
0.0640664 69
0.0609441 69
0.0617329 69
0.0603074 69
0.0609858 69
0.0608294 69
0.0604597 69
0.0607365 69
0.0608591 69
0.060209 69
0.0607341 69
0.0612617 69
0.0599977 69
0.0642392 69
0.0647529 69
0.0659976 69
0.0667747 69
0.0638091 69
0.0611986 69
0.0608761 69
0.0610291 69
0.062838 69
0.0608298 69
0.0637933 69
0.0642185 69
0.0648392 69
0.0630207 69
0.0618899 69
0.0617247 69
0.0678689 69
0.0662806 69
0.0669161 69
0.0647308 69
0.0603783 69
0.0646647 68
0.0625643 68
0.0640915 68
0.064941 68
0.0606708 68
0.0639598 68
0.061908 68
0.0613363 68
0.0606857 68
0.0637739 68
0.0631991 68
0.0654431 68
0.0663433 68
0.0690215 68
0.0650762 68
0.0620703 67
0.0618584 67
0.0616165 67
0.0620901 67
0.0613279 67
0.0626688 67
0.0640787 67
0.0641911 67
0.0614768 67
0.060323 67
0.0613868 67
0.0640715 67
0.0648628 67
0.0647781 67
0.0662004 67
0.0661917 67
0.0618257 67
0.0626472 68
0.0633122 68
0.0608934 68
0.0613274 68
0.0613462 68
0.0606943 68
0.0614417 68
0.061841 68
0.0610698 68
0.0616352 68
0.0663608 68
0.0678643 68
0.0650124 68
0.065589 68
0.068088 68
0.0622838 68
0.0640659 68
0.0611631 68
0.06178 68
0.0640288 68
0.0639107 68
0.0608269 68
0.0616785 68
0.0623367 68
0.0627782 68
0.0637785 68
0.0683336 68
0.0654387 68
0.0654337 68
0.0681263 68
0.0621487 68
0.0625767 68
0.0644497 68
0.0632829 68
0.0618418 68
0.0622787 68
0.0627539 68
0.0640569 68
0.0608113 68
0.0616187 68
0.0638218 68
0.0630166 68
0.0650199 68
0.0654371 68
0.0664648 68
0.071145 68
0.0622802 68
0.0624371 68
0.0650701 68
0.0652695 68
0.0627761 68
0.0612656 68
0.061875 68
0.0621265 68
0.0620398 68
0.0611116 68
0.0617027 68
0.0649441 68
0.0659999 68
0.0686137 68
0.0656757 68
0.0656979 68
0.064052 68
0.0640967 68
0.0645495 68
0.0648707 68
0.0640577 68
0.0623005 68
0.0620193 68
0.0612729 68
0.0629577 68
0.0639703 68
0.0652686 68
0.0653223 68
0.0660983 68
0.0656762 68
0.0677345 68
0.0624782 68
0.0631637 68
0.0621049 67
0.0622479 67
0.06134 67
0.0622851 67
0.0662996 67
0.0884561 67
0.0782793 67
0.074339 67
0.0717668 67
0.0724274 67
0.0803258 67
0.0750908 67
0.0760007 67
0.0677984 67
0.0634486 60
0.0674726 60
0.065313 60
0.0623062 60
0.0616182 60
0.0683272 60
0.0710251 60
0.0704976 60
0.0645987 60
0.0688525 60
0.0665799 60
0.0669908 60
0.068637 60
0.0645244 60
0.0631931 60
0.0617185 60
0.0626824 65
0.063607 65
0.0645471 65
0.0647767 65
0.0621876 65
0.0650357 65
0.0651516 65
0.0637982 65
0.0703633 65
0.0677646 65
0.0664432 65
0.0713846 65
0.068095 65
0.0663128 65
0.062849 65
0.0628239 65
0.0627212 65
0.0645136 65
0.0626964 65
0.0622239 65
0.0661344 65
0.0645265 65
0.0627387 65
0.0631479 65
0.0662514 65
0.0696312 65
0.0720539 65
0.0685739 65
0.0645903 65
0.0733421 65
0.0685457 65
0.0673317 65
0.0690001 65
0.070783 65
0.0679543 65
0.0711449 65
0.0659977 65
0.0665995 65
0.0716258 65
0.0724319 65
0.0740978 65
0.0776822 65
0.0661939 65
0.064423 65
0.0648653 65
0.0659029 62
0.0627511 62
0.0650634 62
0.0649025 62
0.0642289 62
0.0676321 62
0.0662005 62
0.066585 62
0.0722263 62
0.0761717 62
0.0739885 62
0.0713437 62
0.0706388 62
0.065203 62
0.0660914 62
0.063119 63
0.0630527 63
0.0623072 63
0.0630112 63
0.0637263 63
0.0708737 63
0.0666625 63
0.0630648 63
0.0672156 63
0.0689026 63
0.0674229 63
0.0676779 63
0.0642699 63
0.0637447 63
0.0627676 63
0.0634458 63
0.0623341 66
0.063172 66
0.0646057 66
0.0679282 66
0.066127 66
0.0702089 66
0.0650781 66
0.0665028 66
0.0673191 66
0.0687017 66
0.0672297 66
0.0661667 66
0.0659722 66
0.0674055 66
0.0630115 66
0.0631003 65
0.0632915 65
0.062544 65
0.0646726 65
0.0653827 65
0.0639668 65
0.0632955 65
0.0647866 65
0.0674522 65
0.0706294 65
0.0696199 65
0.070945 65
0.0653549 65
0.0632986 65
0.0643701 65
0.0668301 65
0.0633362 65
0.0664345 65
0.0653048 65
0.0649503 65
0.0626195 65
0.0640095 65
0.0645672 65
0.0694956 65
0.0718889 65
0.0677527 65
0.0712813 65
0.066654 65
0.0630276 65
0.0628151 65
0.0646653 65
0.0655112 66
0.0638394 66
0.0636058 66
0.0643745 66
0.0636641 66
0.0637736 66
0.0671887 66
0.0675592 66
0.0703039 66
0.0705457 66
0.0676923 66
0.0655406 66
0.0645441 66
0.0636098 66
0.0629348 66
0.0635643 66
0.0635138 66
0.0641361 66
0.0664328 66
0.0659467 66
0.0633359 66
0.0629768 66
0.0674711 66
0.0709869 66
0.0781223 66
0.0679305 66
0.0656438 66
0.0677764 66
0.0638915 66
0.0638779 66
0.0639882 66
0.0727051 64
0.0664451 64
0.0638382 64
0.0642823 64
0.0669709 64
0.0637129 64
0.0681585 64
0.0682121 64
0.0692482 64
0.0685084 64
0.0666202 64
0.0651 64
0.0639281 64
0.0639965 64
0.0639871 64
0.0651166 65
0.0646336 65
0.0640918 65
0.0640696 65
0.0637429 65
0.0640231 65
0.0686331 65
0.06809 65
0.0680227 65
0.072681 65
0.0688866 65
0.067833 65
0.0647043 65
0.0636157 65
0.0641358 65
0.06474 65
0.0671721 65
0.0666652 65
0.066237 65
0.0656867 65
0.0678961 65
0.0672346 65
0.0682755 65
0.0697185 65
0.0682567 65
0.0676045 65
0.0649869 65
0.063952 65
0.0639401 65
0.0641901 65
0.0666484 64
0.0656747 64
0.0671186 64
0.0649317 64
0.0703076 64
0.0646397 64
0.0676968 64
0.0716978 64
0.0685113 64
0.0697801 64
0.0669815 64
0.0659015 64
0.0712832 64
0.0683471 64
0.0671155 64
0.0672254 64
0.0645113 64
0.0644493 64
0.0645347 64
0.0667451 64
0.0648416 64
0.067668 64
0.0688163 64
0.070793 64
0.0692675 64
0.0722694 64
0.0650165 64
0.0653046 64
0.0666994 64
0.0647185 64
0.0647016 64
0.0646296 64
0.0657941 64
0.0646546 64
0.0646536 64
0.0642966 64
0.0680846 64
0.0709945 64
0.0800077 64
0.070208 64
0.0696763 64
0.0657232 64
0.0642799 64
0.06472 64
0.0676464 64
0.0645583 64
0.0645577 64
0.0644884 64
0.0656162 64
0.067579 64
0.0649258 64
0.0690507 64
0.0710498 64
0.0694367 64
0.0714265 64
0.0674036 64
0.0680043 64
0.0660917 64
0.0647613 64
0.0650741 64
0.0702151 64
0.0711226 64
0.064958 64
0.0676086 64
0.0649132 64
0.0660152 64
0.0693133 64
0.0693806 64
0.0702997 64
0.069249 64
0.0697623 64
0.0677822 64
0.0677595 64
0.0675391 64
0.0700125 64
0.0672597 64
0.0653008 63
0.0674681 63
0.0652742 63
0.0651932 63
0.0680576 63
0.0721457 63
0.0702431 63
0.0718533 63
0.0699083 63
0.0683332 63
0.0658879 63
0.0643116 63
0.0664217 63
0.0648162 63
0.0649469 63
0.0649505 64
0.0653147 64
0.0675534 64
0.0650425 64
0.068527 64
0.0710256 64
0.0693884 64
0.0696803 64
0.0684299 64
0.0661643 64
0.065738 64
0.0678945 64
0.0652121 64
0.0654123 64
0.0658045 64
0.0658053 64
0.0650245 64
0.0650301 64
0.0649035 64
0.0703269 64
0.0698164 64
0.0720615 64
0.0700692 64
0.0678125 64
0.0667422 64
0.0663666 64
0.0678971 64
0.0683043 64
0.0682032 64
0.0657455 64
0.0675433 64
0.065317 64
0.0657268 64
0.0665986 64
0.0728212 64
0.0707371 64
0.0753238 64
0.0725063 64
0.0669361 64
0.0656537 64
0.0680825 64
0.0653121 64
0.0653467 64
0.0654704 64
0.0685087 64
0.0653192 63
0.0658768 63
0.0649693 63
0.0697789 63
0.070871 63
0.0714967 63
0.0721772 63
0.0741517 63
0.0667636 63
0.0710191 63
0.0677859 63
0.0657611 63
0.0692361 63
0.0654109 63
0.0653924 62
0.0670206 62
0.0663016 62
0.0658345 62
0.0694112 62
0.073255 62
0.0730369 62
0.0722117 62
0.0700499 62
0.0670104 62
0.0657866 62
0.0669518 62
0.0661709 62
0.0655574 62
0.067926 62
0.0725766 63
0.065942 63
0.0674135 63
0.0663548 63
0.072998 63
0.0735407 63
0.0711338 63
0.0699671 63
0.0670399 63
0.067922 63
0.0657755 63
0.0656584 63
0.0669308 63
0.0671952 63
0.0659328 63
0.0658576 63
0.0686801 63
0.0659171 63
0.0687548 63
0.0733765 63
0.0717508 63
0.0738131 63
0.0708002 63
0.0675436 63
0.0686007 63
0.0713374 63
0.0660504 63
0.0683327 63
0.0661816 63
0.0661162 63
0.0659399 63
0.0673203 63
0.0662264 63
0.0706839 63
0.0731488 63
0.0714113 63
0.0757218 63
0.0706959 63
0.0663603 63
0.0691761 63
0.0711611 63
0.0662908 63
0.0664462 63
0.0679924 63
0.0665482 63
0.0661442 62
0.0678709 62
0.0689089 62
0.0706679 62
0.0728686 62
0.0714552 62
0.0691666 62
0.0673039 62
0.0702186 62
0.0660445 62
0.0661229 62
0.0674934 62
0.0661474 62
0.0663025 62
0.0665756 63
0.0684897 63
0.0662577 63
0.0733863 63
0.0760382 63
0.079641 63
0.075597 63
0.0679551 63
0.0663653 63
0.0689035 63
0.0664835 63
0.0717692 63
0.0686768 63
0.0712207 63
0.0663929 63
0.066588 61
0.0684292 61
0.0729038 61
0.0733606 61
0.072058 61
0.0722796 61
0.0675975 61
0.0697306 61
0.0673123 61
0.067431 61
0.0686531 61
0.0694122 61
0.0695309 61
0.0664412 61
0.0666137 61
0.0678499 61
0.0676021 61
0.0711265 61
0.0744378 61
0.0711131 61
0.0708729 61
0.069096 61
0.0671644 61
0.0674527 61
0.067075 61
0.0691319 61
0.0665466 61
0.0664663 61
0.0695464 61
0.066583 62
0.0664985 62
0.0735357 62
0.0721791 62
0.0712328 62
0.0713835 62
0.0684823 62
0.067801 62
0.0710375 62
0.070885 62
0.0715163 62
0.0668491 62
0.0668237 62
0.0705177 62
0.0672607 62
0.0681919 62
0.0691945 62
0.0716115 62
0.0740516 62
0.0744812 62
0.0699919 62
0.0684352 62
0.0695111 62
0.067736 62
0.0712152 62
0.0670318 62
0.0682015 62
0.0675018 62
0.066953 62
0.0684393 62
0.0674536 62
0.0715425 62
0.0738116 62
0.0716463 62
0.0714223 62
0.0708466 62
0.0669048 62
0.0667885 62
0.0686088 62
0.067097 62
0.0670309 62
0.0685045 62
0.0669612 62
0.0693456 62
0.0709115 62
0.0741211 62
0.0746157 62
0.0751139 62
0.0742808 62
0.0714852 62
0.0715445 62
0.0667787 62
0.0669886 62
0.0680363 62
0.0675165 62
0.0668644 62
0.0708416 62
0.0686022 62
0.0679622 61
0.0736182 61
0.0768504 61
0.0735806 61
0.0746847 61
0.0714802 61
0.0682505 61
0.0672032 61
0.0722576 61
0.0674488 61
0.0714772 61
0.0680011 61
0.0674162 61
0.0696163 61
0.0672761 61
0.0692821 61
0.0721885 61
0.0725976 61
0.0726727 61
0.0748004 61
0.0685481 61
0.0710164 61
0.0673477 61
0.0682949 61
0.0677471 61
0.0677205 61
0.0690266 61
0.067563 61
0.0680232 61
0.0724516 61
0.0743018 61
0.0722112 61
0.0735257 61
0.0747605 61
0.0709432 61
0.069685 61
0.0701444 61
0.0700021 61
0.0711806 61
0.070917 61
0.0744294 61
0.0747984 61
0.0783613 61
0.0748933 59
0.0800489 59
0.0781476 59
0.0766034 59
0.0719252 59
0.0749083 59
0.0788981 59
0.0775684 59
0.0664598 59
0.0665067 59
0.0694888 59
0.0673116 59
0.06657 59
0.0688424 59
0.0684818 59
0.0718282 59
0.0711765 59
0.0721451 59
0.0762797 59
0.0700085 59
0.0671755 59
0.0696146 59
0.0695747 59
0.0701164 59
0.0671553 59
0.066918 59
0.0708654 59
0.0693548 59
0.0692171 59
0.0710827 61
0.0715421 61
0.0713646 61
0.0724393 61
0.0675018 61
0.0667765 61
0.0694121 61
0.0674109 61
0.0667849 61
0.0694914 61
0.0667023 61
0.0670975 61
0.0695378 61
0.0678895 61
0.071209 62
0.0715925 62
0.0734099 62
0.0719133 62
0.0721373 62
0.0682105 62
0.0710444 62
0.0678195 62
0.0708454 62
0.0694476 62
0.0669585 62
0.0703965 62
0.0669061 62
0.0679786 62
0.0689268 62
0.0719047 62
0.0724621 62
0.0738699 62
0.0740803 62
0.0714683 62
0.0690601 62
0.073332 62
0.0695915 62
0.0690385 62
0.0669577 62
0.0671487 62
0.0720868 62
0.0680995 62
0.0794717 62
0.0740682 60
0.074022 60
0.0717916 60
0.070544 60
0.0685095 60
0.0671966 60
0.0679516 60
0.0702464 60
0.0694844 60
0.0681053 60
0.067328 60
0.0676229 60
0.0687851 60
0.0672511 60
0.0792437 61
0.0728145 61
0.0750773 61
0.0738859 61
0.0688708 61
0.067978 61
0.0671009 61
0.0673931 61
0.0701697 61
0.070414 61
0.0739825 61
0.067332 61
0.0708579 61
0.0674116 61
0.0789795 61
0.0751032 61
0.0744767 61
0.0749656 61
0.073863 61
0.0677637 61
0.0700933 61
0.0679678 61
0.0671509 61
0.0683266 61
0.0680542 61
0.0676657 61
0.0688052 61
0.0676045 61
0.0710055 61
0.0725577 61
0.0715822 61
0.0726494 61
0.0722358 61
0.0684302 61
0.0688089 61
0.0672969 61
0.0675362 61
0.0682561 61
0.0677726 61
0.0675783 61
0.0686742 61
0.0674677 61
0.0689278 61
0.0764497 61
0.0749822 62
0.0724172 62
0.076546 62
0.0710483 62
0.0680242 62
0.0677129 62
0.0696753 62
0.067719 62
0.067566 62
0.0701742 62
0.0678045 62
0.0691787 62
0.069042 62
0.0730657 62
0.0724507 60
0.0728094 60
0.0749041 60
0.0716625 60
0.0706106 60
0.0718585 60
0.0678511 60
0.0696196 60
0.0678534 60
0.0682578 60
0.0678389 60
0.0686099 60
0.0691837 60
0.0753111 60
0.0762344 61
0.0731729 61
0.0722333 61
0.0735087 61
0.0676382 61
0.0696472 61
0.0680227 61
0.0679099 61
0.0694966 61
0.0689162 61
0.0688177 61
0.0678924 61
0.068132 61
0.074209 61
0.0756478 61
0.0750903 61
0.0785424 61
0.0729138 61
0.0699139 61
0.0691088 61
0.0682189 61
0.0680272 61
0.0705105 61
0.0680298 61
0.0694399 61
0.0689122 61
0.0681835 61
0.0753644 61
0.0725115 61
0.0733412 60
0.0741698 60
0.0703207 60
0.0723837 60
0.0685483 60
0.0702112 60
0.0682695 60
0.0693519 60
0.0680194 60
0.0681872 60
0.0696943 60
