=============
GeForce GTX 1660 Ti with Max-Q Design (Deferred worst case) (Deferred)
1920, 1080
Viewport maximized: true
Window fullscreen: true
Position: -70.8, 5, 21.2
Rotation: -0.0270873, -0.596798, -0.0201647, 0.801681
Seed: 1589838248
Room count: 21
Light count: 9
Sun Jan 16 16:51:15 2022
0.0915378 100
0.091986 100
0.091601 100
0.0917023 100
0.0923701 100
0.0927646 100
0.0918535 100
0.0919735 100
0.0919679 100
0.0922546 100
0.0912623 100
0.0918847 100
0.091685 100
0.0916528 100
0.0926095 100
0.0933089 100
0.0916006 100
0.0920191 100
0.092249 100
0.0915983 99
0.0918656 99
0.0918346 99
0.0915735 99
0.0918133 99
0.0916139 99
0.0918406 99
0.0924132 99
0.0920078 99
0.0923658 99
0.091593 99
0.0923806 100
0.0919729 100
0.0916426 100
0.0914238 100
0.0917748 100
0.0921583 100
0.0917949 100
0.0921626 100
0.092399 100
0.092196 100
0.0920677 100
0.0924143 100
0.0914151 100
0.0920406 100
0.0918294 100
0.0919129 100
0.092088 100
0.0920384 100
0.0924013 100
0.0918648 100
0.0924411 100
0.0914669 100
0.0921286 100
0.0919424 100
0.0920243 100
0.0924276 100
0.091372 100
0.0918941 100
0.0920213 100
0.0923481 100
0.0923248 100
0.0929355 100
0.0915415 100
0.0920695 99
0.0914712 99
0.0919841 99
0.0919998 99
0.0920578 99
0.0920673 99
0.0917968 99
0.0920899 99
0.0919407 99
0.0918977 99
0.091904 99
0.0918457 100
0.092398 100
0.0915389 100
0.0918546 100
0.0918728 100
0.0919932 100
0.0921588 100
0.0922316 100
0.0917283 100
0.0918266 100
0.092155 100
0.0917106 100
0.0922138 100
0.0915368 100
0.0919341 100
0.0918914 100
0.0921544 100
0.0919312 100
0.0919394 100
0.0921693 100
0.0920697 100
0.0924078 100
0.091928 100
0.0925125 100
0.0915774 100
0.0918551 100
0.0917945 100
0.091935 100
0.0919777 100
0.0925418 100
0.092257 100
0.0924559 100
0.0916242 100
0.0923632 99
0.0915931 99
0.0918691 99
0.0921072 99
0.0919892 99
0.0922976 99
0.09206 99
0.0918387 99
0.0920275 99
0.0919463 99
0.0920029 99
0.0922012 100
0.0924919 100
0.0919877 100
0.0917122 100
0.0920924 100
0.0919611 100
0.0919256 100
0.0918781 100
0.0920306 100
0.0924743 100
0.0919152 100
0.0927377 100
0.0914711 100
0.0918785 100
0.0922623 100
0.0915969 100
0.0919761 100
0.0919236 100
0.0918749 100
0.0917478 100
0.0923418 100
0.0923573 100
0.0918181 100
0.092365 100
0.0918395 100
0.0920709 100
0.0915272 100
0.0921072 100
0.0921191 100
0.0917299 100
0.0920644 100
0.0920505 100
0.0922979 100
0.0917876 100
0.0919492 100
0.0922915 100
0.0920824 100
0.091923 100
0.0921287 100
0.0919167 100
0.0920001 100
0.0923239 100
0.0921959 100
0.091791 100
0.0919829 100
0.0922726 100
0.092073 100
0.0920034 100
0.0921453 100
0.0919768 100
0.0917827 100
0.0918445 100
0.0919709 100
0.0921437 100
0.0919617 100
0.0919272 100
0.0920664 100
0.0923277 100
0.0921036 100
0.0921883 100
0.0923845 100
0.0919549 100
0.0920802 100
0.0918163 100
0.0919455 100
0.0918572 100
0.0921643 100
0.0920091 100
0.0926906 100
0.0917062 100
0.092768 100
0.0921116 100
0.0920942 100
0.0918338 100
0.0921599 100
0.0919621 100
0.0918793 99
0.0919605 99
0.0919542 99
0.091846 99
0.0920093 99
0.0924491 99
0.0916533 99
0.0921523 99
0.0920355 99
0.0917356 99
0.0923212 99
0.0926891 100
0.091553 100
0.0922927 100
0.092072 100
0.092652 100
0.0919272 100
0.091904 100
0.0919282 100
0.091845 100
0.0917408 100
0.0918404 100
0.0922976 100
0.0919727 100
0.0921607 100
0.0929268 100
0.0918483 100
0.0924866 100
0.0915571 100
0.0922635 100
0.0917818 100
0.0922706 100
0.0920606 100
0.0923528 99
0.0918908 99
0.092233 99
0.0930279 99
0.0919362 99
0.0918941 99
0.0920383 99
0.0920217 99
0.0920551 99
0.0923147 99
0.0919991 99
0.0921318 99
0.0917584 99
0.0924025 99
0.0919022 99
0.091849 99
0.092474 99
0.0917892 99
0.0924456 99
0.0916495 99
0.0918508 99
0.0920303 99
0.0919779 100
0.0921717 100
0.0924248 100
0.0921215 100
0.0922807 100
0.0922462 100
0.0919387 100
0.0922382 100
0.0921641 100
0.0920343 100
0.0918401 100
0.0919912 100
0.0919671 100
0.092027 100
0.0919213 100
0.0922946 100
0.0917777 100
0.0919146 100
0.0924909 100
0.091756 100
0.0918869 100
0.0919427 100
0.0922927 100
0.0918466 100
0.0927875 100
0.0920196 100
0.0921137 100
0.0919049 100
0.0918922 100
0.0919237 100
0.0918461 100
0.0919347 100
0.0919853 100
0.0915959 100
0.0922432 100
0.0926549 100
0.0916535 100
0.0918943 100
0.0919524 100
0.0921741 100
0.0919947 100
0.0920244 100
0.0921407 100
0.0919321 100
0.0919366 100
0.0920504 100
0.091745 100
0.0921838 100
0.0919511 100
0.0920758 100
0.0919459 100
0.0920011 100
0.0919058 100
0.0919255 100
0.0919785 100
0.0918212 100
0.0923527 100
0.0917086 100
0.091936 100
0.0921975 100
0.0920582 100
0.091992 100
0.0918436 100
0.0920427 100
0.0919578 100
0.0919089 100
0.0920058 100
0.0920381 100
0.0917533 100
0.0921434 100
0.0920168 100
0.0920762 100
0.0919914 100
0.0920565 100
0.0919326 100
0.0919873 100
0.0918838 100
0.0917966 100
0.0918859 100
0.0920483 100
0.0917821 100
0.0920784 100
0.0920637 100
0.0920522 100
0.0921591 100
0.092179 100
0.0922219 100
0.0916188 100
0.092144 100
0.0918484 100
0.0919459 100
0.0919547 100
0.0921025 100
0.0922579 100
0.0920964 100
0.0925655 100
0.0916603 100
0.091979 100
0.0924757 100
0.0920777 100
0.0919326 100
0.0919749 100
0.0919809 100
0.092028 100
0.0922422 100
0.0920039 100
0.0918452 100
0.092413 100
0.0922651 100
0.092027 100
0.0921086 100
0.0918236 100
0.0920362 100
0.0922534 100
0.0917019 100
0.0920713 100
0.09186 100
0.091919 100
0.0930217 100
0.0914847 100
0.0919577 100
0.0919875 100
0.0917982 100
0.0922012 100
0.0919901 100
0.0921827 100
0.0924008 100
0.0916689 100
0.0919469 100
0.0922829 100
0.0918221 100
0.0920731 100
0.092088 100
0.092098 100
0.0922785 100
0.0922019 100
0.0921285 100
0.0918273 100
0.0927161 100
0.0917953 100
0.0925705 100
0.0918336 100
0.0921252 100
0.0920111 100
0.0920112 100
0.0921302 100
0.0920652 100
0.0923843 100
0.092077 100
0.091748 100
0.0924948 100
0.0916764 100
0.0921585 100
0.0925122 100
0.0918107 100
0.092123 100
0.0918497 100
0.0918627 100
0.0920553 100
0.0924425 100
0.0924392 100
0.0918474 100
0.0921527 100
0.0920035 100
0.0924835 100
0.0919952 100
0.0921185 100
0.0919035 100
0.0919747 100
0.0920983 100
0.0923271 100
0.0919737 100
0.0923938 100
0.0923216 100
0.0924329 100
0.0921856 99
0.0919728 99
0.0919915 99
0.0921469 99
0.0919159 99
0.0920311 99
0.0920223 99
0.0920432 99
0.0924943 99
0.0922002 99
0.0919905 99
0.0920541 100
0.0918412 100
0.0922586 100
0.0922735 100
0.092235 100
0.0921293 100
0.0922468 100
0.0921635 100
0.0921424 100
0.0919866 100
0.0921247 100
0.0921476 100
0.0919924 100
0.0920698 100
0.0920819 100
0.0919401 100
0.0923308 100
0.0923455 100
0.0920224 100
0.0919287 100
0.0920058 100
0.0920287 100
0.092612 100
0.0920166 100
0.0920293 100
0.0923974 100
0.0920421 100
0.092281 100
0.0921069 100
0.0920849 100
0.0919712 100
0.0924921 100
0.0920677 100
0.0923772 99
0.0920199 99
0.0919981 99
0.0921324 99
0.0924924 99
0.0923098 99
0.0925204 99
0.0920382 99
0.0922912 99
0.0918811 99
0.0920583 99
0.0921784 99
0.0920729 99
0.0921543 99
0.0922604 99
0.0927593 99
0.0921293 99
0.0924504 99
0.0919855 99
0.0922667 99
0.0923463 99
0.0922054 99
0.0922294 99
0.0921437 99
0.091816 99
0.0921248 99
0.0920527 99
0.0925908 99
0.0919641 99
0.0921121 99
0.0922686 99
0.0917444 99
0.0922325 99
0.0925452 100
0.0916623 100
0.0919317 100
0.092057 100
0.0921489 100
0.0918875 100
0.0919923 100
0.0919995 100
0.0927457 100
0.0921409 100
0.0924132 100
0.0916651 100
0.0923296 100
0.0920601 100
0.0925176 100
0.0921553 100
0.092236 100
0.0921812 100
0.0920506 100
0.0923547 100
0.0923075 100
0.0922781 100
0.0922461 99
0.0920063 99
0.0923191 99
0.0919024 99
0.0918185 99
0.0920804 99
0.0920125 99
0.092341 99
0.0922223 99
0.0920705 99
0.0919701 99
0.0919394 100
0.0923695 100
0.0919181 100
0.091981 100
0.0920201 100
0.0920018 100
0.0922573 100
0.0922603 100
0.092301 100
0.0922237 100
0.0919488 100
0.0922904 100
0.0921822 100
0.0921354 100
0.0922522 100
0.0922033 100
0.0918529 100
0.0922709 100
0.0922118 100
0.0920129 100
0.0920094 100
0.0920835 100
0.0923162 99
0.0921558 99
0.0920999 99
0.0920678 99
0.0925926 99
0.0917632 99
0.0921857 99
0.0922429 99
0.0920905 99
0.092168 99
0.0919764 99
0.0919911 99
0.0919986 99
0.0919149 99
0.0920338 99
0.0919747 99
0.0923725 99
0.0920893 99
0.0923626 99
0.0915706 99
0.0920202 99
0.0920519 99
0.0923592 100
0.0919142 100
0.0919067 100
0.0923756 100
0.0920667 100
0.0920259 100
0.09207 100
0.0920984 100
0.0918412 100
0.0925538 100
0.0920255 100
0.0919927 100
0.0917703 100
0.0920519 100
0.0925365 100
0.0920021 100
0.0920595 100
0.0919523 100
0.0919022 100
0.0919661 100
0.0923145 100
0.0919045 100
0.0921768 100
0.092114 100
0.0920035 100
0.0924521 100
0.0922417 100
0.0916281 100
0.0921644 100
0.0921518 100
0.0918351 100
0.0925513 100
0.0917083 100
0.0920781 100
0.0917709 100
0.0921636 100
0.0919109 100
0.092097 100
0.0920159 100
0.0920489 100
0.0919909 100
0.0920111 100
0.0922267 100
0.0923325 100
0.0919498 100
0.0920597 100
0.0923182 100
0.0919792 100
0.0921088 100
0.0927329 100
0.0920865 100
0.0918717 100
0.0918752 100
0.0925911 100
0.0916738 100
0.0925147 100
0.0921953 100
0.0920572 100
0.0922729 100
0.0921245 100
0.0919263 100
0.0921145 100
0.0920512 100
0.0919168 100
0.0923021 100
0.092244 99
0.0918987 99
0.0920968 99
0.0920885 99
0.0920153 99
0.0920185 99
0.0922329 99
0.0918409 99
0.0919699 99
0.0920652 99
0.0921017 99
0.0921585 100
0.0920985 100
0.0917813 100
0.0920455 100
0.0923851 100
0.0919466 100
0.0923562 100
0.0926021 100
0.0914736 100
0.0921723 100
0.0925022 100
0.0920622 99
0.0922071 99
0.0919011 99
0.091787 99
0.0922191 99
0.0920274 99
0.0922546 99
0.0921394 99
0.0919112 99
0.0920212 99
0.0921087 99
0.0919917 100
0.0921708 100
0.0921636 100
0.0923464 100
0.0915043 100
0.0919379 100
0.0919624 100
0.0918774 100
0.0923472 100
0.0922494 100
0.0916412 100
0.0920483 100
0.0920655 100
0.0920248 100
0.0923671 100
0.092292 100
0.0926649 100
0.0926451 100
0.0921474 100
0.0920887 100
0.0920917 100
0.0925798 100
0.0919007 99
0.0921063 99
0.0920423 99
0.0920097 99
0.0920005 99
0.0919134 99
0.0918437 99
0.0923078 99
0.0920661 99
0.0919417 99
0.0921516 99
0.0919287 100
0.0920812 100
0.0920806 100
0.092016 100
0.0923528 100
0.092146 100
0.0920639 100
0.0920644 100
0.0921819 100
0.0921779 100
0.0920179 100
0.0919218 100
0.0923007 100
0.0920629 100
0.0923703 100
0.0918706 100
0.0920014 100
0.0921818 100
0.091891 100
0.0922159 100
0.0920478 100
0.0922244 100
0.0919944 100
0.0921465 100
0.091934 100
0.0921167 100
0.092399 100
0.0919286 100
0.0927053 100
0.0920686 100
0.0919965 100
0.0923088 100
0.09221 100
0.0919495 100
0.0924675 100
0.0919702 100
0.0919196 100
0.091888 100
0.0920946 100
0.0921324 100
0.0923097 100
0.0923313 100
0.0923852 100
0.0924918 100
0.0921309 99
0.0918516 99
0.091958 99
0.0923505 99
0.0921971 99
0.0921824 99
0.0933343 99
0.0919792 99
0.091756 99
0.0920419 99
0.0919296 99
0.0921803 99
0.0922149 99
0.0922329 99
0.0918746 99
0.0920327 99
0.0923326 99
0.091922 99
0.0921382 99
0.0921973 99
0.0920045 99
0.0921227 99
0.0919501 100
0.0925773 100
0.0928876 100
0.0916482 100
0.0921013 100
0.0925579 100
0.0922719 100
0.0922707 100
0.0923273 100
0.0919901 100
0.0921698 100
0.0922086 99
0.092255 99
0.0924177 99
0.0923348 99
0.0919513 99
0.0923601 99
0.0920417 99
0.0919973 99
0.0919011 99
0.0923087 99
0.0923545 100
0.0921288 100
0.0925038 100
0.0922052 100
0.0921247 100
0.0924898 100
0.0928574 100
0.0921545 100
0.0921137 100
0.0924409 100
0.0917526 100
0.0919521 99
0.0919795 99
0.0920845 99
0.0924534 99
0.0920019 99
0.0921917 99
0.0921971 99
0.0924855 99
0.0921022 99
0.0920425 99
0.0921366 99
0.0921018 100
0.0922198 100
0.0918678 100
0.0924695 100
0.0922576 100
0.0921413 100
0.0922022 100
0.0920699 100
0.0924276 100
0.0922367 100
0.0917518 100
0.0920178 100
0.0919448 100
0.0920459 100
0.0921217 100
0.091915 100
0.0920972 100
0.092404 100
0.092011 100
0.0923151 100
0.0918239 100
0.0921237 100
0.0917919 100
0.092138 100
0.0921108 100
0.0920193 100
0.0922582 100
0.092149 100
0.092092 100
0.092742 100
0.0914543 100
0.0919098 100
0.0919399 100
0.0923924 100
0.0914782 100
0.0920651 100
0.0923769 100
0.0920514 100
0.0918353 100
0.0924066 100
0.0920968 100
0.0921775 100
0.0920129 100
0.0921581 100
0.0919781 100
0.0919441 100
0.0923137 100
0.0922351 100
0.0918572 100
0.0919166 100
0.0920516 100
0.0923316 100
0.0920671 100
0.0920227 100
0.0923061 100
0.0921095 100
0.0925138 100
0.0921865 100
0.0922048 100
0.092231 100
0.0917606 100
0.0920148 100
0.0920896 100
0.0919552 100
0.0922367 100
0.0921447 100
0.0923572 100
0.0920594 100
0.0919408 100
0.0924903 100
0.0920954 100
0.0919501 100
0.0918253 100
0.0925454 100
0.0918847 100
0.0921257 100
0.0918908 100
0.0923871 99
0.0915958 99
0.0920982 99
0.091991 99
0.0922476 99
0.0923212 99
0.0920551 99
0.0919644 99
0.0920533 99
0.09242 99
0.0924136 99
0.0918083 100
0.0921979 100
0.0923018 100
0.0922042 100
0.0920812 100
0.0922082 100
0.0918873 100
0.0925179 100
0.0919561 100
0.0919938 100
0.0921576 100
0.0920547 100
0.0921947 100
0.092539 100
0.0919521 100
0.0923496 100
0.0923517 100
0.0922643 100
0.0918681 100
0.091964 100
0.0916728 100
0.0920241 100
0.0921823 100
0.092066 100
0.0922878 100
0.0920143 100
0.0920943 100
0.092156 100
0.0917865 100
0.0921333 100
0.0921097 100
0.0921471 100
0.0924786 100
0.0920268 100
0.091837 100
0.0926877 100
0.0921873 100
0.0924311 100
0.0921033 100
0.0928311 100
0.0915844 100
0.0919014 100
0.0921977 100
0.0921705 100
0.0920872 100
0.0921442 100
0.0921394 100
0.0919617 100
0.0921096 100
0.0921646 100
0.0921292 100
0.092476 100
0.0923525 100
0.0924308 100
0.0923216 100
0.0922896 100
0.0917955 100
0.0921818 100
0.0920267 100
0.0920408 100
0.092092 100
0.0919318 100
0.0918857 100
0.0921705 100
0.0920017 100
0.0919716 100
0.0921841 100
0.0923303 100
0.0921914 100
0.0921688 100
0.0922552 100
0.091992 100
0.0918686 100
0.0922397 100
0.0924378 100
0.0920891 100
0.0920689 100
0.0921632 100
0.0921169 100
0.0920963 100
0.0919394 100
0.0920817 100
0.0919012 100
0.0923212 100
0.0919216 100
0.0920597 100
0.092126 100
0.0922616 100
0.0919521 100
0.0920833 100
0.0920375 100
0.0918793 100
0.0918609 100
0.0922964 100
0.0920184 100
0.0920917 100
0.0920877 100
0.092937 100
0.0918065 100
0.0921878 100
0.0919906 100
0.0920559 100
0.0921488 100
0.0919759 100
0.0921567 100
0.092134 100
0.0921974 100
0.0920174 100
0.0920843 100
0.092217 100
0.0920453 100
0.0920811 100
0.0921745 100
0.092083 100
0.0920799 100
0.0924022 100
0.091808 100
0.0921769 100
0.0920083 100
0.0921647 100
0.0919374 100
0.0920996 100
0.0924631 100
0.0920967 100
0.0923927 100
0.0921045 100
0.0924066 100
0.0920955 100
0.0917559 100
0.0920839 100
0.0920252 100
0.0918659 100
0.0919845 100
0.0921165 100
0.092244 100
0.0926506 100
0.091899 100
0.0922658 100
0.0921947 100
0.0920329 100
0.0920327 100
0.092516 100
0.0918209 100
0.0920819 100
0.0922864 100
0.0920095 100
0.0920641 100
0.0922485 100
0.0922079 100
0.0920144 100
0.0922608 100
0.0919484 100
0.0920981 100
0.0921158 100
0.0922005 100
0.0921748 100
0.0922689 100
0.0919517 100
0.0921782 100
0.0918761 100
0.0919608 100
0.0922106 100
0.09222 100
0.0921327 100
0.092083 100
0.0922304 100
0.0921953 100
0.0926414 100
0.0919756 100
0.0921781 100
0.0924317 100
0.0923381 100
0.0922187 100
0.0920771 100
0.0918568 100
0.0919495 100
0.0919448 100
0.0924196 100
0.0923717 100
0.0920619 100
0.0922441 100
0.0920522 100
0.0918813 100
0.0925527 100
0.0918377 100
0.0922919 100
0.0918533 100
0.0921328 100
0.0922098 100
0.0922647 100
0.0919543 100
0.0921061 100
0.0921422 100
0.0925023 100
0.0919907 100
0.0923673 100
0.0922963 100
0.092011 100
0.0921339 100
0.0920846 100
0.0919153 100
0.0921479 100
0.0920256 100
0.0921409 100
0.0922193 100
0.0919184 100
0.0920282 100
0.0923461 100
0.0920088 100
0.0920983 100
0.0921944 100
0.0921273 100
0.0920588 100
0.0920011 100
0.0922501 100
0.092033 100
0.0922787 100
0.0921254 100
0.0930927 100
0.0917524 100
0.092005 100
0.0925553 100
0.0921208 100
0.0923336 100
0.0922376 100
0.0922827 100
0.0923809 100
0.0921104 100
0.0922343 100
0.092173 100
0.0922763 99
0.0919416 99
0.0927193 99
0.0918208 99
0.0920829 99
0.0923019 99
0.0917649 99
0.0922265 99
0.0925889 99
0.0924333 99
0.0921708 100
0.0920195 100
0.0923672 100
0.0919748 100
0.0921668 100
0.092402 100
0.0919797 100
0.0922277 100
0.0921045 100
0.0919915 100
0.092251 100
0.0921057 100
0.0919745 100
0.092229 100
0.0916329 100
0.0926477 100
0.0920611 100
0.0919151 100
0.0920665 100
0.0920407 100
0.0925204 100
0.091944 100
0.0921447 100
0.0924699 100
0.0919186 100
0.0921667 100
0.0923716 100
0.0920906 100
0.0922573 100
0.0919205 100
0.0920437 100
0.092257 100
0.0919963 100
0.0921213 100
0.0922066 100
0.0922326 100
0.0921518 100
0.0922713 100
0.0923264 100
0.0918669 100
0.0921429 100
0.0921312 100
0.0922935 100
0.0923068 100
0.092122 100
0.0924046 100
0.0918428 100
0.0925153 100
0.092089 100
0.0920441 100
0.0922028 100
0.0921113 100
0.0920653 100
0.0920693 100
0.0923941 100
0.092482 100
0.0916884 100
0.0926631 100
0.0918287 100
0.0921881 100
0.0922315 100
0.09238 100
0.0924134 100
0.092171 100
0.0922284 100
0.0918891 100
0.0921542 100
0.0920625 100
0.0919759 100
0.0921128 100
0.0921739 100
0.092265 100
0.0922396 100
0.0920887 100
0.0922587 100
0.092032 100
0.0919997 100
0.0919806 100
0.0922283 100
0.092015 100
0.0919335 100
0.0921569 100
0.0920769 100
0.0925529 100
0.092041 100
0.0920071 100
0.0919315 100
0.0925093 100
0.0915283 100
0.0923313 100
0.0919048 100
0.0923214 100
0.0921673 100
0.0923267 100
0.0921393 100
0.0917464 100
0.092112 100
0.0925154 100
0.0921707 100
0.0921339 100
0.0921697 100
0.092547 100
0.0923282 100
0.0923073 100
0.0921898 100
0.092246 100
0.0923636 100
0.0918231 100
0.0922033 100
0.0919496 100
0.0921037 100
0.0920811 100
0.0920764 100
0.0922417 100
0.0920158 100
0.0922033 100
0.0919692 100
0.0923441 100
0.0918353 100
0.0919898 100
0.0922066 100
0.092252 100
0.0921713 100
0.0922742 100
0.091893 100
0.0920568 100
0.0928439 100
0.0921268 100
0.0919761 100
0.0926036 100
0.0917199 100
0.0922712 100
0.092116 100
0.0922485 100
0.0925626 100
0.0919074 100
0.0923677 100
0.0924379 100
0.0921267 100
0.0921739 100
0.092131 100
0.0920639 100
0.0920916 100
0.0922622 100
0.0923751 100
0.0921897 100
0.091979 100
0.0924707 100
0.0925628 100
0.0919959 100
0.092188 100
0.0920549 100
0.0918488 100
0.0922974 100
0.0920987 100
0.0921663 100
0.0921483 100
0.0921389 100
0.0919679 100
0.0919861 100
0.0921466 100
0.0926995 100
0.0919614 100
0.0918819 100
0.0922441 100
0.0920825 100
0.0921796 100
0.0923179 100
0.0926803 100
0.0920127 100
0.0920266 100
0.0921626 100
0.0920225 100
0.0921322 100
0.0922965 100
0.0923122 100
0.0920411 100
0.0921636 100
0.0919563 100
0.0921568 100
0.0920437 100
0.0921021 100
0.0920866 100
0.0922724 100
0.0922904 100
0.0921168 100
0.0920407 100
0.0920176 100
0.0921519 100
0.0921119 100
0.0918761 100
0.0923212 100
0.0920533 100
0.0925531 100
0.0922353 100
0.0923146 100
0.0921398 100
0.09225 100
0.0929482 100
0.0920162 100
0.0921229 100
0.0922101 100
0.0917464 100
0.0922403 100
0.0923111 100
0.0925534 100
0.0922518 100
0.0917185 100
0.0923313 99
0.0920472 99
0.0921513 99
0.0921481 99
0.0920534 99
0.0921482 99
0.092336 99
0.0921862 99
0.0922861 99
0.0925613 99
0.0919653 99
0.0920786 100
0.0925206 100
0.0922076 100
0.0922128 100
0.0920921 100
0.0920187 100
0.092154 100
0.0919077 100
0.0923438 100
0.0924309 100
0.0920501 100
0.0918958 100
0.0923255 100
0.0920098 100
0.0920193 100
0.0922594 100
0.0922518 100
0.0922266 100
0.0923475 100
0.0923012 100
0.091862 100
0.0920704 100
0.0923484 100
0.0919545 100
0.092269 100
0.0922427 100
0.092049 100
0.0921113 100
0.0920057 100
0.0919644 100
0.0922901 100
0.0920987 100
0.0920234 100
0.0921046 100
0.0918976 100
0.0921479 100
0.0919761 100
0.0925676 100
0.0923908 100
0.0923194 100
0.0923269 100
0.0921533 100
0.0926591 100
0.0921988 100
0.0923367 100
0.0921554 100
0.0927053 100
0.092306 100
0.0925458 100
0.0920202 100
0.092115 100
0.0921478 100
0.0920358 100
0.0922482 100
0.0922915 100
0.092062 99
0.0921265 99
0.0921575 99
0.0920968 99
0.0919663 99
0.0921257 99
0.0924384 99
0.0921181 99
0.0923897 99
0.0922315 99
0.0921389 99
0.0922771 100
0.0919318 100
0.09232 100
0.0921514 100
0.0921623 100
0.0922635 100
0.0919523 100
0.0922662 100
0.0922338 100
0.0924348 100
0.0922891 100
0.0924722 100
0.0920936 100
0.0923325 100
0.0921966 100
0.0921915 100
0.0923678 100
0.0926004 100
0.0922335 100
0.0922176 100
0.0921717 100
0.0922179 100
0.092109 100
0.0921561 100
0.0921987 100
0.092201 100
0.0920348 100
0.0923515 100
0.0922889 100
0.0920675 100
0.0928554 100
0.092439 100
0.0920232 100
0.0925317 100
0.0921234 100
0.0920224 100
0.0923552 100
0.0921805 100
0.0921809 100
0.0923105 100
0.0925384 100
0.0917933 100
0.092666 100
0.0926762 100
0.0917129 100
0.0922828 100
0.092206 100
0.0927891 100
0.0923069 100
0.0922595 100
0.0924043 100
0.0922004 100
0.0921227 100
0.092216 100
0.0922398 100
0.0920872 100
0.0918638 100
0.0919387 100
0.0923137 100
0.0919816 100
0.092376 100
0.0924718 100
0.0920484 100
0.0921383 100
0.0920719 100
0.0922549 100
0.092381 100
0.0917518 100
0.0921066 100
0.092374 100
0.0922596 100
0.0926149 100
0.092272 100
0.0921657 100
0.0921399 100
0.0923964 100
0.0924813 100
0.0922268 100
0.0923076 100
0.092297 100
0.092187 100
0.0918526 100
0.09227 100
0.0921811 100
0.0923511 100
0.0920864 100
0.0922364 100
0.0924966 100
0.0921637 100
0.0921321 100
0.0925633 100
0.0921075 100
0.0922635 100
0.0922989 100
0.0931349 100
0.0924468 100
0.0921242 100
0.0921764 100
0.0920003 99
0.0921903 99
0.0921232 99
0.0920602 99
0.0927091 99
0.0922827 99
0.0923069 99
0.0923088 99
0.092285 99
0.0921608 99
0.0924643 99
0.0922348 100
0.0922694 100
0.0923649 100
0.0923118 100
0.0921283 100
0.0922267 100
0.0920345 100
0.0922024 100
0.0926886 100
0.0922657 100
0.0920387 100
0.0922473 100
0.0923974 100
0.0921841 100
0.0924803 100
0.0922193 100
0.0920544 100
0.0922122 100
0.0919996 100
0.0928273 100
0.0919472 100
0.0921951 100
0.0921496 100
0.0921812 100
0.0921057 100
0.092239 100
0.0927332 100
0.0920285 100
0.0924811 100
0.0921771 100
0.092247 100
0.0924522 100
0.0924942 100
0.0922089 100
0.092206 100
0.0922143 100
0.0922153 100
0.0922944 100
0.0924046 100
0.0921689 100
0.0923349 100
0.0922669 100
0.0922651 100
0.0920374 100
0.0924985 100
0.0920239 100
0.0920707 100
0.0922065 100
0.0923427 100
0.0920416 100
0.0922065 100
0.0921306 100
0.0921546 100
0.0922466 100
0.0923211 100
0.0923534 100
0.0921848 100
0.0921708 100
0.0922379 100
0.0922613 100
0.0923695 100
0.0920952 100
0.0922575 100
0.0920969 100
0.092158 100
0.0922311 100
0.0921269 100
0.0920154 100
0.0921881 100
0.0921396 100
0.0923565 100
0.0921907 100
0.0923165 100
0.0921419 100
0.0926259 100
0.0922178 100
0.0921596 100
0.0920659 100
0.0924428 100
0.0924151 100
0.092208 100
0.0920857 100
0.0922863 100
0.092086 100
0.0923273 100
0.0924875 100
0.0924423 100
0.0921729 100
0.0921234 100
0.0919966 100
0.0923506 100
0.0921025 100
0.0920445 100
0.0922992 100
0.0921785 100
0.0920713 100
0.0922634 100
0.0920719 100
0.092139 100
0.0920908 100
0.0921029 100
0.0924926 100
0.0919721 100
0.0923441 100
0.0922339 100
0.0921481 100
0.092183 100
0.0922243 100
0.0923436 100
0.092193 100
0.0927097 100
0.0918799 100
0.092007 100
0.0921606 100
0.0920684 100
0.0922406 100
0.0923168 100
0.0920316 100
0.0919593 100
0.0923629 100
0.0921436 100
0.0922353 100
0.0921649 100
0.0923601 100
0.0927046 100
0.0921944 100
0.0921969 100
0.0919408 100
0.0920893 100
0.09238 100
0.0922362 100
0.0922166 100
0.0921281 100
0.0922054 100
0.0923321 100
0.0922388 100
0.0920568 100
0.0922368 100
0.0923697 100
0.0921852 100
0.0923662 100
0.0923096 100
0.0922104 100
0.0925139 100
0.0920889 100
0.0922294 100
0.0927394 100
0.0920255 100
0.0921642 100
0.0921225 100
0.0922659 100
0.092145 100
0.092196 100
0.0921559 100
0.092412 100
0.0920721 100
0.0920055 100
0.0927303 100
0.0921633 100
0.0924368 100
0.0921692 100
0.0923206 100
0.0920025 100
0.0922715 100
0.0921819 100
0.0921751 100
0.0921105 100
0.0920763 100
0.0921735 100
0.0923836 100
0.0922121 100
0.0924282 100
0.0922843 100
0.0921605 100
0.0924219 100
0.0924383 100
0.0922919 100
0.0925649 100
0.0916925 100
0.0922885 100
0.092027 100
0.0921069 100
0.0921607 100
0.0924791 100
0.0922756 100
0.0921557 100
0.0923958 100
0.092052 100
0.0921336 100
0.0921619 100
0.0921861 100
0.0919241 100
0.0925978 100
0.0920352 100
0.0928592 100
0.0919197 100
0.0923272 100
0.0925658 100
0.0921226 100
0.0922736 100
0.0923617 100
0.0923199 100
0.0920966 100
0.0921231 100
0.0923138 100
0.0922492 100
0.0921813 100
0.092225 100
0.0922644 100
0.0925531 100
0.0922244 100
0.0921777 100
0.092321 100
0.0920876 100
0.0923344 100
0.0922316 100
0.0923548 100
0.092198 100
0.0924963 100
0.0921822 100
0.0919906 100
0.0920553 100
0.092081 100
0.0920939 100
0.0923614 100
0.0923123 100
0.0921566 100
0.0923602 100
0.0920893 100
0.0924506 100
0.0918644 100
0.0920633 100
0.0921747 100
0.0920743 100
0.0924676 100
0.0922443 100
0.0922722 100
0.0920875 100
0.0921436 100
0.0924317 100
0.0921986 100
0.0919636 100
0.0922175 100
0.0923421 100
0.0918363 100
0.0923607 100
0.0922751 100
0.0923001 100
0.0927661 100
0.0922147 100
0.092435 100
0.0921771 100
0.0919516 100
0.0921283 100
0.0918954 100
0.0920774 100
0.0927295 100
0.0919492 100
0.0922712 100
0.092212 100
0.0920534 100
0.0922387 100
0.0918523 100
0.0923772 100
0.0923721 100
0.0921096 100
0.0920623 100
0.0922044 100
0.0923818 100
0.0923987 100
0.0922663 100
0.0923105 100
0.0924491 100
0.0921288 100
0.0921324 100
0.0923042 100
0.0924043 100
0.0922444 100
0.092136 100
0.0924048 100
0.092579 100
0.0923958 100
0.0922599 100
0.0920599 100
0.0925107 100
0.0922497 100
0.092488 100
0.0923086 100
0.0921579 100
0.0921632 100
0.0923223 100
0.0923063 100
0.0920554 100
0.0923387 100
0.0923845 100
0.0919226 100
0.0921376 100
0.0922356 100
0.0924741 100
0.0920284 100
0.092098 100
0.0923034 100
0.0920006 100
0.0920973 100
0.0921918 100
0.0923 100
0.0919414 100
0.0920498 100
0.0922535 100
0.092603 100
0.0921197 100
0.0922861 100
0.0922095 100
0.0920216 100
0.0919619 100
0.0923048 100
0.0920699 100
0.0922162 100
0.0920423 100
0.0920775 100
0.0923126 100
0.0921383 100
0.0924398 100
0.092393 100
0.0925585 100
0.0921549 100
0.0920598 100
0.0922979 100
0.0920129 100
0.0922546 100
0.0922033 100
0.0923616 100
0.092324 100
0.0925638 100
0.0918879 100
0.0921085 100
0.0920889 100
0.0920786 100
0.0925874 100
0.0925337 100
0.0921817 100
0.0921538 100
0.0921397 100
0.0924713 100
0.092308 100
0.092075 100
0.0922298 100
0.0922221 100
0.0923858 100
0.0920711 100
0.0925131 100
0.0919008 100
0.0921524 100
0.0929493 100
0.0918485 100
0.0926765 100
0.0920572 100
0.0921317 100
0.0920873 100
0.0921954 100
0.0922668 100
0.0920786 100
0.0925955 100
0.0923241 100
0.0922348 100
0.0928921 100
0.092202 100
0.0925819 100
0.0921924 100
0.092037 100
0.0921169 100
0.0922396 100
0.0922549 99
0.0922345 99
0.0922119 99
0.0921139 99
0.0921996 99
0.0921825 99
0.0922742 99
0.0919335 99
0.0925971 99
0.092094 99
0.0922238 99
0.0923612 100
0.0923021 100
0.0926041 100
0.0921376 100
0.092432 100
0.0922664 100
0.0921543 100
0.0925486 100
0.0923676 100
0.0920818 100
0.0922842 100
0.0922443 100
0.0921891 100
0.0921622 100
0.0920747 100
0.0926072 100
0.0920781 100
0.0922895 100
0.0926272 100
0.0922056 100
0.092002 100
0.0925051 100
0.0924659 100
0.0921228 100
0.092425 100
0.0920984 100
0.0920508 100
0.0921941 100
0.0924992 100
0.091965 100
0.0922712 100
0.0922757 100
0.0922305 100
0.0922348 100
0.092299 100
0.0921697 100
0.0921174 100
0.0920633 100
0.0923028 100
0.092577 100
0.0922851 100
0.0922073 100
0.0921552 100
0.0922605 100
0.0926048 100
0.0922936 100
0.0920052 100
0.0920828 100
0.0922184 100
0.0925517 100
0.0921218 100
0.0920383 100
0.0922035 100
0.092249 100
0.0925842 100
0.0920013 100
0.0923121 100
0.0918698 100
0.0922332 100
0.0919646 100
0.0920024 100
0.0920132 100
0.0920014 100
0.0924386 100
0.0925655 100
0.0921884 100
0.0925437 100
0.0923092 100
0.092669 100
0.0920274 100
0.0920941 100
0.092143 100
0.092026 100
0.0923488 100
0.0925289 100
0.0920295 100
0.0920724 100
0.0923502 100
0.0925638 100
0.0922739 100
0.09209 100
0.0920227 100
0.0923213 100
0.0921406 100
0.0922395 100
0.0921528 100
0.0921529 100
0.092294 100
0.0922029 100
0.092176 100
0.0918421 100
0.0924017 100
0.0921671 100
0.0919751 100
0.0922368 100
0.0921433 100
0.0923085 100
0.0924037 100
0.0922199 100
0.0922458 100
0.0924462 100
0.092002 100
0.0920885 100
0.0921174 100
0.0924541 100
0.0921319 100
0.0922303 100
0.0920394 100
0.0921718 100
0.0920637 100
0.0922928 100
0.0926916 100
0.0920766 100
0.092075 100
0.0928053 100
0.0920135 100
0.0921765 100
0.0922241 100
0.092356 100
0.0923499 100
0.0922916 100
0.0925392 100
0.0917941 100
0.0924863 100
0.0920349 100
0.0920949 100
0.0923728 100
0.0920103 100
0.0920364 100
0.0924377 100
0.0923078 100
0.092161 100
0.0922254 100
0.092358 100
0.0923513 100
0.0920017 100
0.0922151 100
0.0923015 100
0.092011 100
0.0920407 100
0.0923644 100
0.0923973 100
0.0927195 100
0.092332 100
0.092171 100
0.0921356 100
0.0921778 100
0.0922226 100
0.091943 100
0.0919699 100
0.0922651 100
0.0924244 100
0.0922243 100
0.0921871 100
0.0921902 100
0.092167 100
0.0926125 100
0.0923295 100
0.0921072 100
0.0922748 100
0.0926708 100
0.0921872 100
0.0925624 100
0.0925006 100
0.092161 100
0.091994 100
0.0922111 100
0.0921724 100
0.0924054 100
0.092133 100
0.0921861 100
0.0923134 100
0.0925133 100
0.0922528 100
0.0923095 100
0.0922197 100
0.0920259 100
0.0923296 100
0.0921655 100
0.0923445 100
0.092603 100
0.0921591 100
0.0921902 100
0.0921394 100
0.0925319 100
0.0924311 100
0.0921222 99
0.0921931 99
0.092744 99
0.0918539 99
0.0922515 99
0.0920975 99
0.0922599 99
0.0921595 99
0.0922343 99
0.0924662 99
0.0919661 99
0.0919843 100
0.0923401 100
0.0919801 100
0.0924649 100
0.0922697 100
0.0924961 100
0.0921435 100
0.0924063 100
0.0921419 100
0.0919568 100
0.0923519 100
0.0922708 100
0.0923077 100
0.0925038 100
0.0924951 100
0.0920434 100
0.0923558 100
0.0922101 100
0.0922947 100
0.0920566 100
