=============
GeForce GTX 1660 Ti with Max-Q Design (Deferred average case) (Deferred)
1920, 1080
Viewport maximized: true
Window fullscreen: true
Position: 6.8, 2, 0
Rotation: 0, 0.707107, 0, 0.707107
Seed: 3789060008
Room count: 9
Light count: 9
Sat Jan 15 20:56:57 2022
0.0420038 99
0.0416737 99
0.0414944 99
0.0413138 99
0.0412994 99
0.0412389 99
0.0414947 99
0.0413419 99
0.0414644 99
0.0413163 99
0.0414363 99
0.0413738 99
0.0412624 99
0.0416218 99
0.0411868 99
0.041409 99
0.0414568 99
0.0415835 99
0.0414909 99
0.0415231 99
0.0414189 99
0.0414507 99
0.04138 99
0.0415006 99
0.0413672 99
0.0414199 99
0.0414383 99
0.0412969 99
0.0413401 99
0.0414661 99
0.0413533 99
0.0413526 99
0.0413763 99
0.0413258 99
0.0413196 99
0.0414496 99
0.0413223 99
0.0413993 99
0.0414294 99
0.0417618 99
0.0413883 99
0.0414599 99
0.0415491 99
0.0418061 99
0.0414405 99
0.041319 99
0.0413426 99
0.0415468 99
0.0412698 99
0.0416194 99
0.0412768 99
0.0414355 99
0.0413808 99
0.0412616 99
0.0412294 99
0.0415202 99
0.0411776 99
0.041442 99
0.0411466 99
0.041525 99
0.0415848 99
0.0414536 99
0.0414601 99
0.0412157 99
0.041385 99
0.0415312 99
0.0415083 99
0.0415472 99
0.0415464 99
0.0414151 99
0.0414916 99
0.0416648 99
0.0414049 99
0.0414602 99
0.0417988 99
0.0414014 99
0.0413592 99
0.0423319 99
0.0413225 99
0.0413521 99
0.0412827 99
0.0414246 99
0.0413995 99
0.0413531 99
0.0414859 99
0.0414967 99
0.0414169 99
0.0414458 99
0.0415298 99
0.0416914 99
0.0414222 99
0.0416844 99
0.0413979 99
0.0416505 99
0.0414851 99
0.0419124 99
0.0414796 99
0.0414298 99
0.0419423 99
0.0416257 99
0.0411597 99
0.0415415 99
0.0413538 99
0.0413443 99
0.0413513 99
0.0413687 99
0.0413861 99
0.041418 99
0.0414775 99
0.0420117 99
0.0411783 99
0.0420122 99
0.0411905 99
0.0413539 99
0.0415883 99
0.0414061 99
0.0415339 99
0.0413002 99
0.0414405 99
0.0415943 99
0.0413369 99
0.0418541 99
0.0416847 99
0.0414585 99
0.0415604 99
0.0414957 99
0.0416338 99
0.0419741 99
0.0420387 99
0.0420248 99
0.0423782 99
0.0413972 99
0.0413371 99
0.0414149 99
0.0414363 99
0.0418767 99
0.0418406 99
0.0415103 99
0.0413251 99
0.0416388 99
0.0415938 99
0.0415259 99
0.0412703 99
0.0415998 99
0.0413108 99
0.0415325 99
0.0414203 99
0.0414967 99
0.0414238 99
0.041475 99
0.0415279 99
0.0413802 99
0.0413027 99
0.0414542 99
0.0415107 99
0.0414115 99
0.0418038 99
0.0411725 99
0.0413893 99
0.0414433 99
0.0416002 99
0.0414356 99
0.0414881 99
0.0414881 99
0.0414901 99
0.0413681 99
0.0413401 99
0.0415589 99
0.0419984 99
0.0413429 99
0.041277 99
0.0416571 99
0.041339 99
0.0414224 99
0.0413759 99
0.0413772 99
0.041414 99
0.0413885 99
0.0414271 99
0.0415001 99
0.0412383 99
0.0412668 99
0.0414621 99
0.041542 99
0.0413602 99
0.0415148 99
0.0413186 99
0.0414085 99
0.0414724 99
0.0415849 99
0.0412859 99
0.0414989 99
0.0412145 99
0.0418878 99
0.0415844 99
0.0412308 99
0.0413889 99
0.0415873 99
0.0411439 99
0.0415724 99
0.041251 99
0.0416956 99
0.0411981 99
0.041669 99
0.0413143 99
0.0413687 99
0.0413659 99
0.0416507 99
0.0414249 99
0.0414989 99
0.0414999 99
0.0415746 99
0.0414097 99
0.0414915 99
0.041467 99
0.0413411 99
0.0415575 99
0.0417015 99
0.0415399 99
0.0414171 99
0.0411252 99
0.0414093 99
0.0413411 99
0.0414554 99
0.0414092 99
0.0414968 99
0.0415477 99
0.0413396 99
0.0414019 99
0.04136 99
0.0414574 99
0.0413192 99
0.0415436 99
0.0415198 99
0.0413152 99
0.0414231 99
0.0413172 99
0.0414527 99
0.0414966 99
0.0414007 99
0.0414902 99
0.0414539 99
0.041484 99
0.0415195 99
0.0414515 99
0.0418168 99
0.0413753 99
0.041291 99
0.0417272 99
0.0414733 99
0.041267 99
0.0413003 99
0.041994 99
0.0413319 99
0.0416196 99
0.0419587 99
0.0414882 99
0.0412948 99
0.0415576 99
0.0418287 99
0.0417521 99
0.0411935 99
0.0415375 99
0.0418881 99
0.0411497 99
0.0414516 99
0.0413846 99
0.0414761 99
0.0412436 99
0.0415276 99
0.0413714 99
0.0417081 99
0.0412992 99
0.0417493 99
0.0410654 99
0.0414234 99
0.0414976 99
0.041274 99
0.0415558 99
0.0418066 99
0.0411497 99
0.0413083 99
0.0416482 99
0.0413426 99
0.0412696 99
0.0414283 99
0.0414822 99
0.0414635 99
0.041543 99
0.0413296 99
0.0415152 99
0.0414425 99
0.0413928 99
0.0414371 99
0.0414483 99
0.0417727 99
0.0410967 99
0.0415682 99
0.0415641 99
0.0413744 99
0.041181 99
0.0413645 99
0.0415337 99
0.0416865 99
0.0411979 99
0.0414068 99
0.0415096 99
0.0420255 99
0.0417568 99
0.0415382 99
0.0416152 99
0.0414995 99
0.0414784 99
0.0412922 99
0.0416519 99
0.0415217 99
0.0415217 99
0.0415066 99
0.0414143 99
0.0414544 99
0.0414677 99
0.0413346 99
0.0420286 99
0.0416481 99
0.0416453 99
0.0410411 99
0.0421987 99
0.0412733 99
0.0415739 99
0.0413581 99
0.0414546 99
0.0414857 99
0.041508 99
0.0413619 99
0.0416578 99
0.0415216 99
0.0413875 99
0.0414366 99
0.0414046 99
0.041562 99
0.0414394 99
0.0414419 99
0.0415813 99
0.0415891 99
0.0415651 99
0.0414647 99
0.0414669 99
0.0414904 99
0.041504 99
0.0414767 99
0.0415979 99
0.0417238 99
0.0413189 99
0.0415002 99
0.0414505 99
0.0420346 99
0.0413965 99
0.0412895 99
0.0413866 99
0.0417467 99
0.0416804 99
0.0412051 99
0.0413764 99
0.041547 99
0.041614 99
0.0415018 99
0.0414869 99
0.0414454 99
0.0415299 99
0.0418831 99
0.0410441 99
0.0414945 99
0.041392 99
0.0414527 99
0.0414846 99
0.0412788 99
0.0416971 99
0.0415804 99
0.0415406 99
0.0414284 99
0.0414174 99
0.0414256 99
0.0413703 99
0.0415384 99
0.0414762 99
0.0414283 99
0.0415646 99
0.0414064 99
0.041394 99
0.0415053 99
0.0415005 99
0.0414688 99
0.0415594 99
0.0414358 99
0.0421042 99
0.0414801 99
0.0414442 99
0.041361 99
0.041614 99
0.0416248 99
0.0414601 99
0.0414439 99
0.0414272 99
0.0414548 99
0.0415079 99
0.0414584 99
0.0413341 99
0.0414708 99
0.0413245 99
0.0415352 99
0.0413534 99
0.0414895 99
0.0413383 99
0.0414602 99
0.0414676 99
0.0415145 99
0.0416002 99
0.0414785 99
0.0414368 99
0.0414379 99
0.0414744 99
0.0416535 99
0.0414402 99
0.0415739 99
0.0414983 99
0.0416934 99
0.0415287 99
0.0414528 99
0.0416909 99
0.0415026 99
0.0414711 99
0.0415725 99
0.0414482 99
0.0413721 99
0.0415364 99
0.04154 99
0.041486 99
0.041568 99
0.0414519 99
0.0414394 99
0.0413998 99
0.0413815 99
0.0416197 99
0.0415753 99
0.0415469 99
0.0416156 99
0.0414534 99
0.0415123 99
0.0413586 99
0.0415045 99
0.0420395 99
0.0418276 99
0.0414621 99
0.0414675 99
0.041425 99
0.0414233 99
0.0415376 99
0.0414281 99
0.0414077 99
0.0414234 99
0.0414124 99
0.0414494 99
0.0415455 99
0.0413208 99
0.0414274 99
0.0415364 99
0.0414979 99
0.0414617 99
0.041497 99
0.0414888 99
0.0415551 99
0.0416809 99
0.0414183 99
0.0413957 99
0.0415539 99
0.0418131 99
0.0414028 99
0.0414304 99
0.0414789 99
0.0415898 99
0.0414672 99
0.0414113 99
0.0412869 99
0.0414416 99
0.0416466 99
0.0413082 99
0.0416253 99
0.0414888 99
0.0415683 99
0.0414004 99
0.0414642 99
0.0414511 99
0.0414183 99
0.0416864 99
0.0413254 99
0.0414959 99
0.0414025 99
0.0414799 99
0.0414603 99
0.0414098 99
0.0418647 99
0.0413866 99
0.0414254 99
0.0415822 99
0.041421 99
0.0415242 99
0.0414457 99
0.0416472 99
0.0412212 99
0.0415087 99
0.0415601 99
0.0414826 99
0.0415862 99
0.041525 99
0.0415549 99
0.0414861 99
0.0414066 99
0.0415194 99
0.0414656 99
0.0414648 99
0.0415026 99
0.0416047 99
0.0413187 99
0.0415611 99
0.0414156 99
0.0418625 99
0.0412349 99
0.0413988 99
0.0414932 99
0.0415321 99
0.0414011 99
0.0414508 99
0.0415258 99
0.0416773 99
0.0413475 99
0.0415354 99
0.0414868 99
0.041496 99
0.041504 99
0.0414322 99
0.0415137 99
0.0415116 99
0.0414838 99
0.0416532 99
0.0412689 99
0.0415331 99
0.0415767 99
0.0413723 99
0.0416241 99
0.0415361 99
0.04241 99
0.0416986 99
0.0412776 99
0.0417708 99
0.0410844 99
0.0415924 99
0.0415076 99
0.0414246 99
0.0415021 99
0.041503 99
0.0416559 99
0.0414373 99
0.0414632 99
0.0414773 99
0.0416283 99
0.0414667 99
0.041393 99
0.0415091 99
0.0414276 99
0.041687 99
0.041292 99
0.0416143 99
0.0415283 99
0.041486 99
0.0414843 99
0.0414397 99
0.0414418 99
0.0415268 99
0.0414596 99
0.0414578 99
0.0413827 99
0.0414508 99
0.041655 99
0.0415027 99
0.0416655 99
0.0416069 99
0.0413572 99
0.041516 99
0.0415089 99
0.0415255 99
0.0415384 99
0.0415758 99
0.0415164 99
0.041404 99
0.0415314 99
0.0415574 99
0.0415537 99
0.0414407 99
0.0417966 99
0.041542 99
0.041751 99
0.041414 99
0.0414177 99
0.041372 99
0.0414567 99
0.0415823 99
0.0413938 99
0.041547 99
0.0415862 99
0.04144 99
0.0415339 99
0.0414623 99
0.0415589 99
0.0414309 99
0.0414869 99
0.0414496 99
0.0413485 99
0.0414979 99
0.0415423 99
0.0414486 99
0.041485 99
0.0413665 99
0.0413818 99
0.0413961 99
0.0414792 99
0.0415715 99
0.0414256 99
0.041282 99
0.041624 99
0.0417545 99
0.041347 99
0.0414867 99
0.0414138 99
0.0414846 99
0.0415661 99
0.0415416 99
0.0415288 99
0.0414648 99
0.0413991 99
0.0414613 99
0.0415326 99
0.04139 99
0.0415651 99
0.0415687 99
0.0415921 99
0.0414793 99
0.0415077 99
0.0417495 99
0.0415102 99
0.0412908 99
0.0414571 99
0.0413351 99
0.0416716 99
0.0413336 99
0.0416471 99
0.041379 99
0.0415912 99
0.0415993 99
0.0412691 99
0.0416068 99
0.0415904 99
0.0413624 99
0.0415682 99
0.0415364 99
0.0414721 99
0.0415194 99
0.0414059 99
0.0413594 99
0.0414865 99
0.0414142 99
0.0413472 99
0.0414055 99
0.0413749 99
0.0415565 99
0.0414309 99
0.0415263 99
0.0414682 99
0.0414434 99
0.0415483 99
0.0415788 99
0.0415237 99
0.0414958 99
0.0415302 99
0.041369 99
0.0415238 99
0.0415525 99
0.0415637 99
0.0415806 99
0.0414772 99
0.0413672 99
0.0414402 99
0.0414677 99
0.0415358 99
0.0413773 99
0.0415455 99
0.041541 99
0.0417236 99
0.0413613 99
0.0414928 99
0.0414264 99
0.0414119 99
0.0415682 99
0.0415885 99
0.0414616 99
0.0414298 99
0.041736 99
0.0414636 99
0.041494 99
0.0414777 99
0.0414754 99
0.0414388 99
0.0414572 99
0.0413491 99
0.0415581 99
0.0413906 99
0.0415302 99
0.0413875 99
0.0415436 99
0.04154 99
0.0414343 99
0.0414923 99
0.0414452 99
0.0418895 99
0.0414316 99
0.0414795 99
0.0415017 99
0.0414652 99
0.0416931 99
0.0412593 99
0.0417738 99
0.0413203 99
0.0415289 99
0.0414988 99
0.0413943 99
0.0416101 99
0.0414619 99
0.041531 99
0.041497 99
0.0415429 99
0.0415019 99
0.0415325 99
0.0414568 99
0.0415449 99
0.0414715 99
0.0415113 99
0.0414767 99
0.0415204 99
0.0418068 99
0.0417018 99
0.0414397 99
0.0414836 99
0.0415181 99
0.0413615 99
0.0415851 99
0.0414711 99
0.0415061 99
0.0414572 99
0.041517 99
0.0415023 99
0.0415437 99
0.041592 99
0.04148 99
0.0415296 99
0.0415781 99
0.041504 99
0.0414361 99
0.0415591 99
0.0414504 99
0.0415013 99
0.0415014 99
0.0414258 99
0.0412594 99
0.0415594 99
0.0415197 99
0.0415678 99
0.0414381 99
0.0414845 99
0.0414953 99
0.0416259 99
0.0414695 99
0.0415847 99
0.0414808 99
0.041399 99
0.0415909 99
0.0414529 99
0.041524 99
0.0415145 99
0.0414816 99
0.0415605 99
0.0414429 99
0.0414885 99
0.0413293 99
0.0415363 99
0.041496 99
0.0415858 99
0.0415136 99
0.0415555 99
0.0419247 99
0.041424 99
0.0415247 99
0.041444 99
0.0416538 99
0.0413189 99
0.0414528 99
0.0414971 99
0.0417056 99
0.0412845 99
0.0416409 99
0.0415091 99
0.0414812 99
0.0415646 99
0.0414889 99
0.0416987 99
0.0416762 99
0.0412936 99
0.0413804 99
0.0415244 99
0.0415484 99
0.0414307 99
0.0415904 99
0.041371 99
0.0415134 99
0.0419633 99
0.0414294 99
0.0415834 99
0.0414505 99
0.0415845 99
0.0415233 99
0.041532 99
0.0415751 99
0.041514 99
0.0417968 99
0.0412792 99
0.041527 99
0.0414195 99
0.0415384 99
0.0414225 99
0.0414922 99
0.0414581 99
0.0415609 99
0.0414837 99
0.0416079 99
0.0416188 99
0.0414624 99
0.0413599 99
0.0415067 99
0.0416347 99
0.041877 99
0.0414249 99
0.0414437 99
0.0414837 99
0.041458 99
0.0413547 99
0.041483 99
0.041685 99
0.0414873 99
0.0414999 99
0.0415622 99
0.0414315 99
0.0414907 99
0.0414907 99
0.0414906 99
0.0415726 99
0.0416068 99
0.0414877 99
0.0414148 99
0.0414604 99
0.0415897 99
0.0415719 99
0.0413942 99
0.0415986 99
0.0414708 99
0.0420094 99
0.0413437 99
0.0414668 99
0.0416461 99
0.0414805 99
0.0415577 99
0.0414523 99
0.0415182 99
0.0416937 99
0.0416866 99
0.0413575 99
0.0414853 99
0.0414771 99
0.0415635 99
0.0414577 99
0.0415261 99
0.0414615 99
0.041576 99
0.0414593 99
0.0416931 99
0.0412499 99
0.0416279 99
0.0416765 99
0.0414331 99
0.0416985 99
0.0413726 99
0.0414894 99
0.0414588 99
0.0415878 99
0.0414479 99
0.0414587 99
0.0415794 99
0.0414803 99
0.0416528 99
0.0415925 99
0.0415405 99
0.0415268 99
0.0414625 99
0.0415601 99
0.0413182 99
0.0416376 99
0.0416578 99
0.0415721 99
0.0413839 99
0.0415361 99
0.0416272 99
0.041569 99
0.0414675 99
0.0414991 99
0.0414614 99
0.041907 99
0.0416248 99
0.0414662 99
0.0415638 99
0.0414043 99
0.0416469 99
0.041569 99
0.0416948 99
0.041428 99
0.0415863 99
0.0416244 99
0.0416583 99
0.0411718 99
0.0415118 99
0.0416462 99
0.0415368 99
0.0415008 99
0.0416214 99
0.0415906 99
0.0413328 99
0.0417647 99
0.0415175 99
0.0414922 99
0.0416165 99
0.0415294 99
0.0415482 99
0.0416197 99
0.0415042 99
0.0414717 99
0.0414273 99
0.041487 99
0.0416821 99
0.0415971 99
0.0414743 99
0.0416414 99
0.0413965 99
0.0416238 99
0.041512 99
0.0414852 99
0.0414909 99
0.041508 99
0.0416182 99
0.0415599 99
0.041618 99
0.0414007 99
0.0415285 99
0.0416202 99
0.0415635 99
0.0415982 99
0.0412128 99
0.0419439 99
0.041918 99
0.0414758 99
0.0414651 99
0.0414592 99
0.0415587 99
0.0415598 99
0.0415953 99
0.0415426 99
0.0416137 99
0.0414907 99
0.0415002 99
0.0415808 99
0.0414422 99
0.0416279 99
0.0415078 99
0.0415755 99
0.041346 99
0.0416876 99
0.0415896 99
0.0414937 99
0.0415138 99
0.0415039 99
0.0415921 99
0.0415155 99
0.042084 99
0.0413737 99
0.0415455 99
0.0416255 99
0.0414799 99
0.0415236 99
0.0415481 99
0.0414251 99
0.041486 99
0.0415413 99
0.0414824 99
0.0413446 99
0.041575 99
0.0414914 99
0.0415023 99
0.0414858 99
0.0415637 99
0.0415462 99
0.0415084 99
0.0414721 99
0.0414609 99
0.0415364 99
0.0416373 99
0.0414476 99
0.0414932 99
0.0419685 99
0.0414843 99
0.0415841 99
0.0413564 99
0.0414676 99
0.0416269 99
0.0414382 99
0.0416458 99
0.0416349 99
0.0414662 99
0.0415345 99
0.041523 99
0.0414918 99
0.0415674 99
0.0415118 99
0.0415119 99
0.0413816 99
0.041495 99
0.0416309 99
0.0415988 99
0.0415686 99
0.0415752 99
0.0415372 99
0.0415602 99
0.0415893 99
0.0419936 99
0.0414189 99
0.0414992 99
0.0413368 99
0.0415348 99
0.0415307 99
0.0414773 99
0.0417651 99
0.041406 99
0.0416577 99
0.0415252 99
0.0413872 99
0.0415462 99
0.0415593 99
0.0415283 99
0.0414381 99
0.0414838 99
0.041722 99
0.0415422 99
0.0414702 99
0.0414925 99
0.0416982 99
0.0414794 99
0.041671 99
0.0415698 99
0.0413512 99
0.0415126 99
0.0414769 99
0.0415012 99
0.0415507 99
0.0414695 99
0.0415284 99
0.0414651 99
0.0414021 99
0.0416557 99
0.0415537 99
0.0415445 99
0.0414933 99
0.0414535 99
0.0416501 99
0.0415759 99
0.0413304 99
0.0417725 99
0.0415837 99
0.0414525 99
0.0415445 99
0.0414811 99
0.0415904 99
0.0414172 99
0.0416309 99
0.0414175 99
0.041737 99
0.0414708 99
0.0415763 99
0.041646 99
0.0414181 99
0.0416603 99
0.0414415 99
0.041513 99
0.0417585 99
0.0415229 99
0.0414621 99
0.0415903 99
0.0414881 99
0.041374 99
0.0415775 99
0.0414597 99
0.0416514 99
0.0414568 99
0.0414892 99
0.0414725 99
0.0416846 99
0.0413499 99
0.0414829 99
0.0415706 99
0.0415155 99
0.0416855 99
0.0415757 99
0.0414552 99
0.0415955 99
0.0414375 99
0.0413703 99
0.0417817 99
0.0416376 99
0.0416156 99
0.0415362 99
0.0415446 99
0.0414348 99
0.04149 99
0.0414437 99
0.0414814 99
0.0416229 99
0.0414184 99
0.0415613 99
0.0414323 99
0.0414933 99
0.0415381 99
0.0415338 99
0.0414344 99
0.0417105 99
0.0416191 99
0.0415701 99
0.0415691 99
0.0415761 99
0.0415738 99
0.041409 99
0.0416697 99
0.0415827 99
0.0414789 99
0.0415505 99
0.0414383 99
0.0414474 99
0.0414949 99
0.0415016 99
0.0415777 99
0.041499 99
0.0415138 99
0.0415159 99
0.041592 99
0.0416221 99
0.041532 99
0.0414966 99
0.0416206 99
0.0415149 99
0.0419401 99
0.0420614 99
0.0413634 99
0.0414959 99
0.0416048 99
0.0416438 99
0.0415664 99
0.0414997 99
0.041503 99
0.0415611 99
0.0416262 99
0.041377 99
0.0415791 99
0.0414736 99
0.0414245 99
0.0414267 99
0.0415231 99
0.0414783 99
0.0415875 99
0.0413088 99
0.0417943 99
0.0416251 99
0.0416314 99
0.0415391 99
0.0416112 99
0.0421441 99
0.0413815 99
0.0414075 99
0.0417471 99
0.041675 99
0.04158 99
0.0415431 99
0.0415549 99
0.0414356 99
0.0413854 99
0.0417599 99
0.0414628 99
0.0414077 99
0.044306 99
0.0384188 99
0.0417843 99
0.0417001 99
0.0414977 99
0.0414631 99
0.0416562 99
0.0415989 99
0.0415395 99
0.0416467 99
0.0414562 99
0.0416117 99
0.0419006 99
0.0416027 99
0.0415948 99
0.0416106 99
0.0415535 99
0.041644 99
0.0416407 99
0.0416354 99
0.0414355 99
0.0415066 99
0.0413574 99
0.0414702 99
0.0415674 99
0.0414925 99
0.0415271 99
0.0414333 99
0.0414519 99
0.0416359 99
0.0415182 99
0.0416358 99
0.0416034 99
0.0415864 99
0.0416699 99
0.0416916 99
0.041477 99
0.0419657 99
0.0413616 99
0.0418097 99
0.0416018 99
0.0413662 99
0.0415275 99
0.0415601 99
0.0416308 99
0.0417524 99
0.0411861 99
0.0416819 99
0.0415468 99
0.041563 99
0.0414936 99
0.0415305 99
0.0414753 99
0.0415852 99
0.0415186 99
0.0415433 99
0.0415617 99
0.0415977 99
0.0416571 99
0.0416346 99
0.0414657 99
0.041281 99
0.0417315 99
0.0413766 99
0.0416614 99
0.0415212 99
0.0414888 99
0.0415691 99
0.0414874 99
0.0415363 99
0.0416276 99
0.0415021 99
0.0415563 99
0.0416517 99
0.0413752 99
0.0414849 99
0.0415938 99
0.0414313 99
0.0415789 99
0.041678 99
0.0416477 99
0.0416252 99
0.041836 99
0.0413344 99
0.0414327 99
0.0415475 99
0.0414835 99
0.041972 99
0.04139 99
0.0415965 99
0.0414752 99
0.0415514 99
0.0416179 99
0.0415135 99
0.0416618 99
0.0414667 99
0.0415772 99
0.041499 99
0.0415874 99
0.0414229 99
0.0417477 99
0.0415587 99
0.0415775 99
0.0416113 99
0.04179 99
0.0415317 99
0.0416556 99
0.0415174 99
0.0413678 99
0.0415271 99
0.0416142 99
0.041591 99
0.0421308 99
0.041331 99
0.0416547 99
0.0414985 99
0.0416146 99
0.0416298 99
0.0416712 99
0.0414514 99
0.0417001 99
0.0415739 99
0.0414772 99
0.0416554 99
0.041672 99
0.041558 99
0.0415413 99
0.0416383 99
0.041662 99
0.0415465 99
0.0416385 99
0.0414956 99
0.0413718 99
0.0416804 99
0.0415423 99
0.0415875 99
0.0414247 99
0.0420455 99
0.0414361 99
0.041603 99
0.0412597 99
0.0418724 99
0.0417956 99
0.0414259 99
0.0415711 99
0.041503 99
0.0415263 99
0.0414289 99
0.0416949 99
0.0416086 99
0.0415866 99
0.0416685 99
0.0416124 99
0.0414826 99
0.0415953 99
0.0415585 99
0.0416745 99
0.041502 99
0.0415671 99
0.0412962 99
0.0417755 99
0.0416508 99
0.0420363 99
0.0413232 99
0.041631 99
0.0416901 99
0.041331 99
0.0415574 99
0.0415152 99
0.0414839 99
0.0416304 99
0.0415792 99
0.041603 99
0.0417165 99
0.0416593 99
0.0415246 99
0.0413168 99
0.0418369 99
0.0415146 99
0.0415591 99
0.0414746 99
0.0415621 99
0.0414408 99
0.0416966 99
0.0415888 99
0.0414248 99
0.0414304 99
0.0421774 99
0.0414151 99
0.0415918 99
0.0416005 99
0.0414509 99
0.041539 99
0.0415542 99
0.0418218 99
0.0416183 99
0.0416241 99
0.0415976 99
0.041449 99
0.0415417 99
0.0417494 99
0.0414422 99
0.0417104 99
0.041631 99
0.0414188 99
0.0414981 99
0.0414051 99
0.041631 99
0.0414957 99
0.0415488 99
0.0415751 99
0.0414989 99
0.0414254 99
0.0416803 99
0.0414234 99
0.0415951 99
0.0414004 99
0.0413453 99
0.0418014 99
0.0415413 99
0.0416269 99
0.041683 99
0.041276 99
0.0417321 99
0.0416149 99
0.0415481 99
0.0416074 99
0.0416389 99
0.0414973 99
0.0414081 99
0.0415293 99
0.0415601 99
0.0415863 99
0.0416737 99
0.0413391 99
0.0417665 99
0.041851 99
0.0413371 99
0.0418108 99
0.0414621 99
0.041531 99
0.0416277 99
0.0416429 99
0.0415922 99
0.0415149 99
0.0416003 99
0.0415533 99
0.0415463 99
0.0416752 99
0.041538 99
0.0415744 99
0.0415567 99
0.0415248 99
0.0415778 99
0.0414594 99
0.0415977 99
0.0415308 99
0.0414117 99
0.0418246 99
0.0416972 99
0.0415679 99
0.0419877 99
0.0415025 99
0.0413379 99
0.0416794 99
0.0414544 99
0.0417855 99
0.041438 99
0.0416424 99
0.0415343 99
0.0414412 99
0.0416333 99
0.0415655 99
0.0415993 99
0.0417091 99
0.041428 99
0.0417307 99
0.0414997 99
0.041651 99
0.0415535 99
0.041497 99
0.0414674 99
0.0415006 99
0.0414867 99
0.0415867 99
0.0414338 99
0.0418546 99
0.0416053 99
0.0415758 99
0.0415795 99
0.0416729 99
0.0415419 99
0.0416148 99
0.0419941 99
0.0416691 99
0.0415665 99
0.0415222 99
0.0412756 99
0.0414831 99
0.0416539 99
0.0414695 99
0.0416831 99
0.0415098 99
0.0414884 99
0.0414348 99
0.0416447 99
0.0414824 99
0.0416666 99
0.0415556 99
0.0416479 99
0.0415537 99
0.0420469 99
0.0415524 99
0.0416367 99
0.04124 99
0.041621 99
0.0413884 99
0.0417109 99
0.0416187 99
0.0416041 99
0.0415521 99
0.0414911 99
0.0415393 99
0.0415475 99
0.0417867 99
0.0414523 99
0.0414821 99
0.0416374 99
0.0416103 99
0.0413788 99
0.0415208 99
0.0417891 99
0.0415473 99
0.0416587 99
0.0415276 99
0.041647 99
0.0420647 99
0.0415023 99
0.0415939 99
0.0415505 99
0.041729 99
0.0416515 99
0.0413842 99
0.0415661 99
0.0415306 99
0.0416319 99
0.0415592 99
0.0416951 99
0.0416822 99
0.0416273 99
0.0414229 99
0.0417999 99
0.0414932 99
0.0415102 99
0.0416237 99
0.0416559 99
0.0417113 99
0.0416573 99
0.0418708 99
0.0412168 99
0.0417337 99
0.0420224 99
0.0414171 99
0.0416694 99
0.0414652 99
0.041464 99
0.0416014 99
0.0416152 99
0.0415594 99
0.0418856 99
0.0415398 99
0.0415046 99
0.0413677 99
0.0417469 99
0.0413961 99
0.0416023 99
0.0415011 99
0.0415661 99
0.0416565 99
0.0414821 99
0.0414033 99
0.0417838 99
0.041391 99
0.0417721 99
0.0415152 99
0.0415378 99
0.0421756 99
0.0414389 99
0.0416118 99
0.0414691 99
0.0414885 99
0.0418561 99
0.0415592 99
0.0417768 99
0.041304 99
0.0416183 99
0.0413692 99
0.0415843 99
0.0414466 99
0.0417155 99
0.0416122 99
0.0414851 99
0.041701 99
0.0415386 99
0.041701 99
0.0415541 99
0.0414967 99
0.0418569 99
0.0416182 99
0.0414824 99
0.0416534 99
0.0417352 99
0.0413893 99
0.0416335 99
0.0414772 99
0.0417774 99
0.0415268 99
0.0416698 99
0.041543 99
0.041332 99
0.0415073 99
0.041678 99
0.0414083 99
0.0417807 99
0.0415183 99
0.0416714 99
0.0415326 99
0.0415228 99
0.04166 99
0.0414143 99
0.0416729 99
0.0416219 99
0.0414706 99
0.0417162 99
0.0415088 99
0.0415513 99
0.0413507 99
0.0417275 99
0.0416054 99
0.0414606 99
0.0414288 99
0.0417575 99
0.0415242 99
0.0415143 99
0.0417043 99
0.0418904 99
0.0413892 99
0.0415886 99
0.0416586 99
0.0413866 99
0.0419532 99
0.0414929 99
0.041684 99
0.0417135 99
0.0416261 99
0.0415523 99
0.0418104 99
0.041396 99
0.0418463 99
0.0415935 99
0.0415095 99
0.0420405 99
0.0414317 99
0.0416715 99
0.0412821 99
0.0418325 99
0.0418434 99
0.0414843 99
0.0414448 99
0.0416373 99
0.0414412 99
0.0416695 99
0.0413429 99
0.0417346 99
0.0415477 99
0.0416662 99
0.0416857 99
0.0416851 99
0.0414919 99
0.0417032 99
0.0415148 99
0.0417714 99
0.0414583 99
0.0414051 99
0.0416616 99
0.0417296 99
0.041892 99
0.0413036 99
0.0416801 99
0.0415453 99
0.0417849 99
0.0414793 99
0.0415608 99
0.0417533 99
0.0414527 99
0.0417944 99
0.0413638 99
0.0416544 99
0.041668 99
0.0414364 99
0.0416617 99
0.0416048 99
0.0416939 99
0.0418901 99
0.0414472 99
0.0417244 99
0.041386 99
0.0416177 99
0.0416091 99
0.0413889 99
0.04176 99
0.041874 99
0.041629 99
0.0416564 99
0.041797 99
0.041606 99
0.04153 99
0.0418941 99
0.0414547 99
0.0414962 99
0.0417918 99
0.0417592 99
0.0414706 99
0.0416667 99
0.0414909 99
0.0416516 99
0.0416697 99
0.0415234 99
0.0415939 99
0.0414159 99
0.0417562 99
0.0414596 99
0.0415781 99
0.0415249 99
0.0416835 99
0.0417043 99
0.0419415 99
0.0416699 99
0.0415707 99
0.0416837 99
0.0415141 99
0.0417575 99
0.0415293 99
0.0415611 99
0.0417583 99
0.0413947 99
0.0416623 99
0.0414619 99
0.0416736 99
0.0415107 99
0.0417444 99
0.0416034 99
0.0414612 99
0.0415912 99
0.0416752 99
0.0414856 99
0.0416088 99
0.0414193 99
0.0416563 99
0.0415427 99
0.0418721 99
0.041855 99
0.041552 99
0.0419392 99
0.0413829 99
0.0417277 99
0.0415284 99
0.041627 99
0.0413874 99
0.0415197 99
0.0417222 99
0.0414406 99
0.041912 99
0.0416507 99
0.0417558 99
0.0416575 99
0.041694 99
0.0414289 99
0.0416912 99
0.0415697 99
0.0415786 99
0.0417719 99
0.0416116 99
0.0416554 99
0.041513 99
0.0416941 99
0.0420714 99
0.0420889 99
0.0415582 99
0.0416108 99
0.0416388 99
0.0416176 99
0.0418401 99
0.0413776 99
0.0417678 99
0.0414119 99
0.0416398 99
0.041703 99
0.0417518 99
0.0414697 99
0.0416207 99
0.0416189 99
0.0415631 99
0.0415705 99
0.0416813 99
0.0415347 99
0.0416501 99
0.0417243 99
0.04163 99
0.0416363 99
0.0418443 99
0.0416769 99
0.0418303 99
0.0414727 99
0.041755 99
0.0415595 99
0.0415915 99
0.0415442 99
0.0416771 99
0.0415639 99
0.0418161 99
0.0414795 99
0.0416549 99
0.0415025 99
0.0416666 99
0.0415272 99
0.0414743 99
0.0417071 99
0.0421338 99
0.0415456 99
0.0417255 99
0.0416281 99
0.0415986 99
0.0416185 99
0.0419816 99
0.0415985 99
0.0415897 99
0.0417314 99
0.0414063 99
0.0417072 99
0.041645 99
0.0414872 99
0.041715 99
0.0417949 99
0.0415039 99
0.0416141 99
0.0416464 99
0.0415478 99
0.0415426 99
0.0414062 99
0.0417299 99
0.0414315 99
0.041862 99
0.0414245 99
0.0416901 99
0.0415826 99
0.04161 99
0.041652 99
0.0418418 99
0.0419111 99
0.0415128 99
0.0414911 99
0.04173 99
0.041197 99
0.0418734 99
0.0416803 99
0.0416284 99
0.041524 99
0.0416443 99
0.0414978 99
0.0416253 99
0.0415499 99
0.0416571 99
0.0416245 99
0.0415884 99
0.0416754 99
0.0417195 99
0.0414633 99
0.0416836 99
0.0413458 99
0.0416601 99
0.041624 99
0.0417124 99
0.0415213 99
0.0415817 99
0.0416251 99
0.0414596 99
0.0416956 99
0.0416528 99
0.0415321 99
0.0417333 99
0.0413899 99
0.0418201 99
0.041426 99
0.0416923 99
0.0415081 99
0.0415032 99
0.0417353 99
0.0416489 99
0.0415189 99
0.0418831 99
0.0415651 99
0.0416433 99
0.0414551 99
0.041724 99
0.0415171 99
0.0416522 99
0.0415573 99
0.0415254 99
0.0421126 99
0.0416203 99
0.04156 99
0.0418297 99
0.0416037 99
0.0415497 99
0.0415873 99
0.0416909 99
0.0414279 99
0.0415406 99
0.0416813 99
0.0416082 99
0.0416302 99
0.0415501 99
0.0416739 99
0.0415342 99
0.0417872 99
0.0415923 99
0.0415417 99
0.0416933 99
0.041609 99
0.0414971 99
0.0416496 99
0.0416979 99
0.0415193 99
0.0420777 99
0.0416837 99
0.0414532 99
0.0415665 99
0.0417324 99
0.041545 99
0.0416438 99
0.0417983 99
0.0414862 99
0.0417612 99
0.0415927 99
0.0417211 99
0.0416173 99
0.0415864 99
0.0417218 99
0.0415295 99
0.0416367 99
0.0417413 99
0.041624 99
0.0416625 99
0.0416125 99
0.0415286 99
0.041711 99
0.0416382 99
0.0416125 99
0.042143 99
0.0414022 99
0.0416876 99
0.0416709 99
0.0415573 99
0.0417491 99
0.0416436 99
0.0416796 99
0.0416075 99
0.0417583 99
0.0416373 99
0.0417682 99
0.0417319 99
0.0417961 99
0.0415558 99
0.0417723 99
0.041433 99
0.0418981 99
0.0415943 99
0.041686 99
0.0417052 99
0.0417146 99
0.0415247 99
0.0416756 99
0.0416364 99
0.0420257 99
0.0415373 99
0.0416533 99
0.0416188 99
0.0415775 99
0.0418207 99
0.0415118 99
0.0415393 99
0.0417078 99
0.0418023 99
0.041627 99
0.0415943 99
0.0416138 99
0.0415438 99
0.0416245 99
0.0414988 99
0.0416466 99
0.0415722 99
0.0416281 99
0.0416695 99
0.0416372 99
0.0415868 99
0.0415579 99
0.0416128 99
0.0416576 99
0.0420812 99
0.0414962 99
0.041489 99
0.0415943 99
0.0415974 99
0.0416398 99
0.0416919 99
0.0416335 99
0.0416748 99
0.0416195 99
0.0416045 99
0.0416715 99
0.041575 99
0.0414936 99
0.041726 99
0.0416198 99
0.0416953 99
0.0416562 99
0.0416331 99
0.041565 99
0.0415916 99
0.0416489 99
0.0416146 99
0.0414979 99
0.0415962 99
0.0421408 99
0.0415325 99
0.0416136 99
0.0415449 99
0.0415796 99
0.0415909 99
0.0415144 99
0.0416912 99
0.0416394 99
0.0417139 99
0.0415992 99
0.0415477 99
0.041726 99
0.0416147 99
0.0414465 99
0.0415913 99
0.041636 99
0.0416282 99
0.041589 99
0.0418131 99
0.0414361 99
0.041653 99
0.0416141 99
0.0416466 99
0.0417079 99
0.0420721 99
0.0416065 99
0.041579 99
0.0415506 99
0.0416002 99
0.0415766 99
0.0415723 99
0.0414959 99
0.0416702 99
0.041533 99
0.0416144 99
0.0416076 99
0.0416383 99
0.0416551 99
0.0415877 99
0.0415857 99
0.0416683 99
0.0416931 99
0.0416344 99
0.0415485 99
0.0417352 99
0.0416326 99
0.0416016 99
0.0416105 99
0.0416207 99
0.0420054 99
0.0417146 99
0.0415942 99
0.041659 99
0.0416151 99
0.0415895 99
0.0416166 99
0.0415399 99
0.0416271 99
0.0416559 99
0.041667 99
0.0416309 99
0.0414266 99
0.0416606 99
0.0416001 99
0.0416331 99
0.0415858 99
0.0415976 99
0.0416227 99
0.0416131 99
0.0416494 99
0.0415884 99
0.0416461 99
0.0416238 99
0.0415998 99
0.041992 99
0.0417458 99
0.0415999 99
0.0417039 99
0.0416338 99
0.0416395 99
0.0416432 99
0.0417594 99
0.0415595 99
0.0416575 99
0.0415259 99
0.0415585 99
0.0416151 99
0.0416877 99
0.0415853 99
0.0417038 99
0.0415315 99
0.0416683 99
0.041634 99
0.0416255 99
0.0415964 99
0.041568 99
0.041609 99
0.0416762 99
0.0416186 99
0.0420311 99
0.0415142 99
0.0415497 99
0.0417371 99
0.0415705 99
0.0415456 99
0.041666 99
0.0417111 99
0.0418134 99
0.0415863 99
0.0415816 99
0.0415559 99
0.0416357 99
0.0416042 99
0.0417248 99
0.04162 99
0.0417092 99
0.0416271 99
0.0416135 99
0.0415651 99
0.0416636 99
0.0416039 99
0.041588 99
0.0415149 99
0.0416503 99
0.0419626 99
0.0416771 99
0.0417075 99
0.0415551 99
0.0416256 99
0.0415842 99
0.0417758 99
0.0416167 99
0.0416219 99
0.0416955 99
0.0415957 99
0.0416089 99
0.0415809 99
0.041631 99
0.0416423 99
0.0415659 99
0.0415966 99
0.0416609 99
0.0414534 99
0.0415773 99
0.0416074 99
0.0417017 99
0.0416053 99
0.0417288 99
0.041496 99
0.0416816 99
0.0416335 99
0.0414246 99
0.0419395 99
0.0420975 99
0.0413821 99
0.0416371 99
0.0416457 99
0.0416186 99
0.0416953 99
0.0414384 99
0.0416982 99
0.0416565 99
0.0416727 99
0.0416769 99
0.0416562 99
0.0416068 99
0.0415401 99
0.0413879 99
0.0418596 99
0.0415749 99
0.0416657 99
0.0416364 99
0.0416402 99
0.0419109 99
0.0417464 99
0.041726 99
0.0416863 99
0.0417335 99
0.0416643 99
0.0416566 99
0.0415824 99
0.0417313 99
0.041589 99
0.0415327 99
0.0416571 99
0.041683 99
0.0416568 99
0.0416896 99
0.0416564 99
0.0416284 99
0.0415353 99
0.0415953 99
0.0417557 99
0.0415332 99
0.0416938 99
0.0416124 99
0.0416115 99
0.0415605 99
0.0421754 99
0.0416216 99
0.0416913 99
0.0417498 99
0.0416325 99
0.0416187 99
0.0416433 99
0.0416394 99
0.0416209 99
0.0416576 99
0.0416887 99
0.0416795 99
0.0416286 99
0.0416001 99
0.0415589 99
0.041512 99
0.0416914 99
0.0416127 99
0.0417601 99
0.041666 99
0.0416285 99
0.0416314 99
0.0417485 99
0.0415974 99
0.0415636 99
0.0419944 99
0.0415728 99
0.0416811 99
0.0416504 99
0.0415699 99
0.0415775 99
0.0415807 99
0.0416646 99
0.041626 99
0.0415429 99
0.0418991 99
0.0413858 99
0.0416497 99
0.0414681 99
0.0415774 99
0.0416488 99
0.0416152 99
0.041606 99
0.0416485 99
0.0416469 99
0.0416228 99
0.0419568 99
0.0415669 99
0.0415678 99
0.0415758 99
0.0420672 99
0.0414397 99
0.0416394 99
0.0416831 99
0.041596 99
0.0415739 99
0.0416869 99
0.041665 99
0.0416992 99
0.041451 99
0.0417782 99
0.0417332 99
0.0415239 99
0.0415396 99
0.0415625 99
0.0416067 99
0.041584 99
0.0415983 99
0.0416874 99
0.0416925 99
0.0416691 99
0.0416346 99
0.0415666 99
0.0415079 99
0.0415929 99
0.0418779 99
0.0415758 99
0.041398 99
0.0418357 99
0.0416687 99
0.0416102 99
0.0415329 99
0.0416111 99
0.0416582 99
0.0415299 99
0.0415103 99
0.0414882 99
0.0416845 99
0.0416498 99
0.0415688 99
0.0415897 99
0.0416347 99
0.04172 99
0.0415941 99
0.0415769 99
0.0416892 99
0.0416694 99
0.0416405 99
0.0417291 99
0.0414502 99
0.0419425 99
0.0414849 99
0.0416661 99
0.0415948 99
0.0415985 99
0.0415648 99
0.0416586 99
0.0416372 99
0.0415233 99
0.041648 99
0.0417014 99
0.0416937 99
0.041633 99
0.0417282 99
0.0416086 99
0.0415274 99
0.0415965 99
0.0415602 99
0.0415568 99
0.0416544 99
0.0415259 99
0.0416619 99
0.0415082 99
0.0416847 99
0.0415807 99
0.0415859 99
0.0414605 99
0.0416371 99
0.0418705 99
0.0414793 99
0.0416229 99
0.0415504 99
0.0415916 99
0.0415757 99
0.0416133 99
0.0421019 99
0.0416184 99
0.0415449 99
0.0415024 99
0.0417397 99
0.0415823 99
0.04166 99
0.0416145 99
0.0416277 99
0.041691 99
0.041668 99
0.0415033 99
0.0416246 99
0.041578 99
0.0439076 99
0.0393448 99
0.0416802 99
0.041506 99
0.0414161 99
0.0416 99
0.0415693 99
0.0416052 99
0.0417365 99
0.0414981 99
0.0417074 99
0.0416323 99
0.0418056 99
0.0415893 99
0.0416562 99
0.0415875 99
0.0416419 99
0.0417288 99
0.0416027 99
0.0415262 99
0.0417167 99
0.0415824 99
0.0416227 99
0.0416771 99
0.0417523 99
0.0415071 99
0.0415174 99
0.0415647 99
0.0416112 99
0.0416791 99
0.0416045 99
0.0415995 99
0.0417382 99
0.0415161 99
0.041592 99
0.0417203 99
0.0416675 99
0.0417864 99
0.0415138 99
0.0416692 99
0.0416413 99
0.0417011 99
0.0414919 99
0.0415935 99
0.0416804 99
0.0416869 99
0.0415886 99
0.0416646 99
0.0416284 99
0.0425713 99
0.0416023 99
0.0409893 99
0.0415598 99
0.041538 99
0.041411 99
0.0418385 99
0.0417662 99
0.0416252 99
0.0415402 99
0.0416237 99
0.0416376 99
0.0415097 99
0.0416599 99
0.0416972 99
0.0416372 99
0.0416516 99
0.0418374 99
0.0415178 99
0.0416435 99
0.0416134 99
0.0415304 99
0.0416808 99
0.0415009 99
0.0416217 99
0.0415663 99
0.0417079 99
0.0420914 99
0.0417936 99
0.0414911 99
0.0416915 99
0.0416844 99
0.041535 99
0.0416011 99
0.0415884 99
0.041586 99
0.0416628 99
0.0416264 99
0.0416354 99
0.0416721 99
0.0416336 99
0.0413851 99
0.0420483 99
0.0416854 99
0.0416204 99
0.041633 99
0.0415792 99
0.0417209 99
0.0415879 99
0.041458 99
0.0416082 99
0.0416009 99
0.0420332 99
0.0415665 99
0.0416911 99
0.0416888 99
0.0415925 99
0.041408 99
0.0417895 99
0.0417217 99
0.0416664 99
0.0415426 99
0.041523 99
0.0417244 99
0.0415976 99
0.0416303 99
0.0417119 99
0.0416153 99
0.0416776 99
0.041699 99
0.0416401 99
0.0416596 99
0.0415421 99
0.0415921 99
0.0416348 99
0.0415194 99
0.0416117 99
0.0415931 99
0.0415966 99
0.0416046 99
0.0416405 99
0.0417183 99
0.0415751 99
0.0415486 99
0.0417148 99
0.041553 99
0.0416217 99
0.0416794 99
0.0415736 99
0.0416381 99
0.041645 99
0.0416914 99
0.0416933 99
0.0412884 99
0.0417345 99
0.0417481 99
0.0416289 99
0.0416917 99
0.0415109 99
0.0416664 99
0.0416358 99
0.0416024 99
0.0419963 99
0.0416412 99
0.0416396 99
0.0416061 99
0.0415385 99
0.041626 99
0.0417194 99
0.0416821 99
0.0416261 99
0.0415858 99
0.0415679 99
0.0416708 99
0.0415411 99
0.0415441 99
0.0415841 99
0.0416871 99
0.0415862 99
0.0415818 99
0.0416452 99
0.0416754 99
0.0416601 99
0.0416125 99
0.041753 99
0.0416175 99
0.0416827 99
0.042164 99
0.041599 99
0.0416165 99
0.0416355 99
0.041549 99
0.0416884 99
0.0416063 99
0.0416236 99
0.0415331 99
0.0416449 99
0.0415957 99
0.0416178 99
0.0415499 99
0.0417038 99
0.0416071 99
0.0417404 99
0.041576 99
0.0414724 99
0.041686 99
0.0415478 99
0.0416599 99
0.0416294 99
0.041703 99
0.0419374 99
0.0416652 99
0.0415359 99
0.0415916 99
0.0416278 99
0.0416124 99
0.0415886 99
0.0416563 99
0.0416378 99
0.0416256 99
0.0416305 99
0.041667 99
0.0415715 99
0.0416814 99
0.0416729 99
0.0415523 99
0.0416618 99
0.0415896 99
0.0416131 99
0.0416169 99
0.0416356 99
0.0415744 99
0.0416093 99
0.0416311 99
0.0416771 99
0.0415558 99
0.0418677 99
0.0418499 99
0.0415889 99
0.0416014 99
0.0415442 99
0.0416673 99
0.0417516 99
0.0416345 99
0.0415041 99
0.0417336 99
0.0416975 99
0.0415502 99
0.041606 99
0.0415259 99
0.0415661 99
0.041663 99
0.0416455 99
0.0416074 99
0.0416257 99
0.0416805 99
0.041607 99
0.0416751 99
0.0415902 99
0.0417274 99
0.0417343 99
0.0415308 99
0.0420024 99
0.0418539 99
0.0415079 99
0.0415373 99
0.0414867 99
0.0415198 99
0.0415878 99
0.0416385 99
0.0415698 99
0.0416718 99
0.0415219 99
0.0416209 99
0.0416649 99
0.0416139 99
0.0416935 99
0.041604 99
0.0415905 99
0.0416793 99
0.0414064 99
0.041846 99
0.0417687 99
0.0416167 99
0.0416695 99
0.0416641 99
0.0416115 99
0.0421853 99
0.0419678 99
0.0414944 99
0.0416062 99
0.0416318 99
0.0416382 99
0.0415322 99
0.0415528 99
0.041638 99
0.0416427 99
0.0415248 99
0.0416596 99
0.0416517 99
0.0415861 99
0.0416055 99
0.0415676 99
0.0416393 99
0.0416947 99
0.041637 99
0.0415499 99
0.0415794 99
0.0417376 99
0.0416332 99
0.0416835 99
0.0439109 99
0.0422616 99
0.0394293 99
0.0418946 99
0.0414471 99
0.0411566 99
0.0416372 99
0.0415652 99
0.0416435 99
0.0415585 99
0.0415149 99
0.0416971 99
0.0416472 99
0.0417056 99
0.0416587 99
0.0416158 99
0.0416495 99
0.0415401 99
0.0416064 99
0.0416327 99
0.0416636 99
0.0416445 99
0.0417638 99
0.0422166 99
0.0415924 99
0.0415843 99
0.0420366 99
0.0416154 99
0.0416321 99
0.0415497 99
0.0417763 99
0.041694 99
0.0416093 99
0.0415322 99
0.0416754 99
0.0415966 99
0.041461 99
0.0414567 99
0.0416437 99
0.0418374 99
0.0415494 99
0.0416503 99
0.0415438 99
0.0416003 99
0.0417631 99
0.0417646 99
0.0416709 99
0.0417673 99
0.0440007 99
0.0404578 99
0.0428794 99
0.0433669 99
0.0421579 99
0.0415386 99
0.0402298 99
0.0386692 99
0.0413816 99
0.0418749 99
0.0417257 99
0.0416002 99
0.0415155 99
0.0415539 99
0.0416338 99
0.0417114 99
0.0416086 99
0.0416465 99
0.0417847 99
0.0415507 99
0.0415363 99
0.0416425 99
0.0417308 99
0.0416725 99
0.0416606 99
0.0415925 99
0.0417427 99
0.0439367 99
0.0440231 99
0.0415649 99
0.039262 99
0.0390831 99
0.0416891 99
0.0415675 99
0.0416919 99
0.0416441 99
0.0415426 99
0.0416387 99
0.0417045 99
0.0415739 99
0.0416495 99
0.0416503 99
0.0416303 99
0.0416902 99
0.0417065 99
0.0417273 99
0.0420927 99
0.0413028 99
0.0416791 99
0.0428822 99
0.0405222 99
0.0419819 99
0.042898 99
0.0434253 99
0.041139 99
0.0411384 99
0.0397225 99
0.0411468 99
0.0415647 99
0.0416251 99
0.0416706 99
0.0417375 99
0.0414301 99
0.0418183 99
0.0420381 99
0.0412146 99
0.0417508 99
0.0414968 99
0.0416576 99
0.0415356 99
0.0417589 99
0.0416142 99
0.0421196 99
0.0430908 99
0.0407693 99
0.0432796 99
0.0433391 99
0.0401851 99
0.0407348 99
0.040002 99
0.0416668 99
0.0415884 99
0.0416603 99
0.0414986 99
0.0424793 99
0.0409151 99
0.0414301 99
0.0416159 99
0.0423436 99
0.0418162 99
0.0406368 99
0.0416219 99
0.0429697 99
0.041811 99
0.040364 99
0.0416701 99
0.04168 99
0.041789 99
0.0414717 99
0.0458976 99
0.0409495 99
0.040717 99
0.0403496 99
0.040294 99
0.0416127 99
0.0416839 99
0.0415061 99
0.0416501 99
0.0421178 99
0.0417827 99
0.0411559 99
0.041631 99
0.0416465 99
0.0416953 99
0.0416237 99
0.0416555 99
0.0416134 99
0.0432635 99
0.0401129 99
0.0415784 99
0.0417522 99
0.0439032 99
0.0406935 99
0.0428676 99
0.0405756 99
0.0413662 99
0.0415542 99
0.040354 99
0.0422046 99
0.041573 99
0.0416297 99
0.0415604 99
0.0416226 99
0.04195 99
0.0414112 99
0.0416169 99
0.0416563 99
0.0416248 99
0.041694 99
0.0418379 99
0.0418889 99
0.0422411 99
0.0409007 99
0.0415159 99
0.0417898 99
0.0447514 99
0.0437503 99
0.0452141 99
0.0427741 99
0.0415638 99
0.0414528 99
0.038581 99
0.0432216 99
0.039474 99
0.0397533 99
0.0390575 99
0.0405556 99
0.0415524 99
0.0416476 99
0.0415475 99
0.0415171 99
0.0416158 99
0.0416076 99
0.0416219 99
0.0422117 99
0.0427296 99
0.0400993 99
0.0417151 99
0.0428838 99
0.0455549 99
0.0436956 99
0.0444507 99
0.044202 99
0.0434954 99
0.0431224 99
0.042466 99
0.0402271 99
0.0431813 99
0.0398567 99
0.0417295 99
0.0396001 99
0.0413569 99
0.0401571 99
0.0398355 99
0.0403016 99
0.0399688 99
0.0399822 99
0.041867 99
0.0415025 99
0.040221 99
0.0397269 99
0.0411224 99
0.0424207 99
0.0451178 99
0.0440958 99
0.0436307 99
0.0429097 99
0.0434877 99
0.0426148 99
0.0406653 99
0.0390591 99
0.0401412 99
0.0403515 99
0.0400894 99
0.0405222 99
0.0399747 99
0.0403346 99
0.041668 99
0.0415523 99
0.0416147 99
0.0427363 99
0.0420744 99
0.0401588 99
0.0416355 99
0.041765 99
0.0415913 99
0.0427199 99
0.0417068 99
0.0446122 99
0.0458867 99
0.0427036 99
0.0417949 99
0.0447393 99
0.0444289 99
0.0439144 99
0.0431758 99
0.0403365 99
0.0440736 99
0.040763 99
0.0409473 99
0.0398013 99
0.0414725 99
0.0401115 99
0.0415453 99
0.040085 99
0.0414118 99
0.0403379 99
0.0413786 99
0.0401959 99
0.0404732 99
0.0403659 99
0.0415284 99
0.0438448 99
0.0448687 99
0.0439457 99
0.0464443 99
0.0437741 99
0.0444331 99
0.0418525 99
0.0402905 99
0.042231 99
0.0410277 99
0.0424075 99
0.0413034 99
0.0437237 99
0.042251 99
0.0420285 99
0.0405557 99
0.0415064 99
0.0406281 99
0.041882 99
0.040719 99
0.0420286 99
0.0409891 99
0.0418212 99
0.0430601 99
0.0453763 99
0.0491555 99
0.0468592 98
0.0448009 98
0.0439609 98
0.0407885 98
0.0429983 98
0.0410205 98
0.041967 98
0.0418459 98
0.0408442 98
0.041516 98
0.0412052 98
0.0415303 98
0.0411778 98
0.0416966 98
0.0411647 98
0.0411939 98
0.0422337 98
0.0417707 98
0.0413137 98
0.0409633 98
0.0431772 98
0.0470967 98
0.0450237 98
0.0439152 98
0.048113 98
0.0466386 98
0.0437382 98
0.0433566 98
0.0419255 98
0.0407465 98
0.0433317 98
0.0443922 98
0.0451007 98
0.0421339 98
0.0412941 98
0.0420106 98
0.0412694 98
0.0420793 98
0.041611 98
0.041927 98
0.0416164 98
0.0430355 98
0.0423004 98
0.0432355 98
0.0449452 98
0.0490038 98
0.0442618 98
0.0455747 96
0.0429577 96
0.0439934 96
0.0429957 96
0.0415048 96
0.0422435 96
0.0418288 96
0.0430087 96
0.0427006 96
0.0446705 96
0.0415376 96
0.0423551 96
0.0449766 96
0.043559 96
0.0430786 96
0.0421726 96
0.0422159 96
0.0417186 96
0.0423417 96
0.042631 96
0.0455235 96
0.0453826 96
0.0470635 96
0.0466498 96
0.0467202 96
0.0443882 96
0.0433131 96
0.0431283 96
0.0422265 96
0.0440719 96
0.044002 96
0.0419923 96
0.0445174 96
0.0458227 96
0.0421196 96
0.0417043 96
0.0421763 96
0.0420109 96
0.0422401 96
0.0418131 96
0.0425634 96
0.0415493 96
0.0443122 96
0.0449327 96
0.0456207 96
0.0441341 96
0.0432137 97
0.0454827 97
0.0480794 97
0.0427638 97
0.0417859 97
0.042857 97
0.0417947 97
0.0440137 97
0.0422907 97
0.0445934 97
0.0430308 97
0.0420066 97
0.0427831 97
0.0419181 97
0.0427268 97
0.0419068 97
0.044013 97
0.0444876 97
0.0424262 97
0.0433182 97
0.0437909 97
0.0458136 97
0.0479609 97
0.0457592 97
0.0436669 96
0.0439087 96
0.0419709 96
0.0429074 96
0.0426656 96
0.0424573 96
0.0431084 96
0.0418799 96
0.042705 96
0.0425919 96
0.0421326 96
0.0428368 96
0.0428626 96
0.0430286 96
0.0430793 96
0.0426897 96
0.0420366 96
0.0429922 96
0.043297 96
0.044308 96
0.0472212 96
0.0447268 96
0.0441296 96
0.0448478 97
0.0478525 97
0.0418826 97
0.0425411 97
0.0431266 97
0.0423785 97
0.0434009 97
0.0449059 97
0.0465328 97
0.0431238 97
0.0421374 97
0.0430048 97
0.0428986 97
0.0424126 97
0.0441521 97
0.0430224 97
0.043348 97
0.0422852 97
0.044205 97
0.0455416 97
0.0458632 97
0.0469045 97
0.0450852 97
0.0450814 95
0.0432035 95
0.0479416 95
0.0434299 95
0.0421247 95
0.0433629 95
0.0431422 95
0.0429273 95
0.0449736 95
0.0427886 95
0.045922 95
0.0451801 95
0.0424266 95
0.0444436 95
0.0453088 95
0.0423625 95
0.0432642 95
0.0429357 95
0.0469585 95
0.048083 95
0.0457074 95
0.0455294 95
0.0450446 95
0.0464802 94
0.0426966 94
0.0477573 94
0.0445288 94
0.0460752 94
0.0432569 94
0.0427248 94
0.0436041 94
0.0424085 94
0.0437806 94
0.0449731 94
0.0433919 94
0.0435752 94
0.0430222 94
0.0427688 94
0.0463067 94
0.0456466 94
0.0452536 94
0.0454227 94
0.047271 94
0.0452375 94
0.0453515 94
0.0454888 94
0.0444912 94
0.0434254 94
0.0438578 94
0.0434229 94
0.0429401 94
0.0439064 94
0.0429864 94
0.0449727 94
0.0446784 94
0.0427835 94
0.0435662 94
0.0428331 94
0.0437243 94
0.0446885 94
0.0447672 94
0.0436764 94
0.0436304 94
0.0452216 94
0.0477747 94
0.0501093 94
0.0457945 94
0.0479361 94
0.0443818 94
0.0426485 94
0.0441234 94
0.0430609 94
0.0443954 94
0.0456715 94
0.0445911 94
0.0439369 94
0.043922 94
0.044032 94
0.0441928 94
0.0434879 94
0.0433316 94
0.0485594 94
0.0502958 94
0.0450385 94
0.0436067 94
0.0465009 94
0.0472664 94
0.0461319 94
0.0449137 94
0.0478081 94
0.0458295 93
0.0433125 93
0.0429122 93
0.0451008 93
0.0467393 93
0.0459703 93
0.0457658 93
0.0450504 93
0.0446708 93
0.0431725 93
0.0442556 93
0.044015 93
0.0440715 93
0.0462524 93
0.0440302 93
0.0436166 93
0.0441275 93
0.0461581 93
0.0465589 93
0.0464951 93
0.0462117 93
0.0500413 93
0.0476981 93
0.044109 93
0.048747 93
0.0463845 93
0.0452771 93
0.0451993 93
0.0445675 93
0.044385 93
0.0441164 93
0.0460332 93
0.0477374 93
0.0444299 93
0.0438595 93
0.0440253 93
0.0451182 93
0.0446181 93
0.043775 93
0.0462216 93
0.0487469 93
0.0458625 93
0.0461242 93
0.0460386 93
0.0491389 93
0.043766 92
0.0432444 92
0.0447074 92
0.0471664 92
0.0470125 92
0.0452653 92
0.0454692 92
0.044406 92
0.0441625 92
0.0444577 92
0.0447611 92
0.0445464 92
0.0446191 92
0.0445249 92
0.0442905 92
0.0443539 92
0.0471065 92
0.0483659 92
0.0464498 92
0.0464993 92
0.0468876 92
0.0468263 92
0.0467138 93
0.0471088 93
0.043919 93
0.0448273 93
0.0451808 93
0.0450517 93
0.0473594 93
0.0467359 93
0.0456959 93
0.0449516 93
0.0447788 93
0.0447789 93
0.0449245 93
0.0448396 93
0.0446786 93
0.044529 93
0.0468439 93
0.0497897 93
0.0468565 93
0.047077 93
0.0486064 93
0.0465659 93
0.0431414 92
0.045547 92
0.0453924 92
0.0440488 92
0.0450883 92
0.0449656 92
0.0461675 92
0.0441527 92
0.0450724 92
0.0447434 92
0.0451634 92
0.0450786 92
0.045011 92
0.0477224 92
0.04843 92
0.0456859 92
0.0468717 92
0.050279 92
0.047186 92
0.0478496 92
0.0479047 92
0.0457257 92
0.0443452 92
0.0462039 92
0.0449897 92
0.0442413 92
0.045005 92
0.0453909 92
0.0446321 92
0.0451659 92
0.0447544 92
0.0446389 92
0.0474133 92
0.0480169 92
0.0471219 92
0.0477732 92
0.0445223 92
0.0465404 92
0.0483538 92
0.0486911 92
0.0475197 92
0.0500566 92
0.0472484 92
0.0468673 92
0.0464432 91
0.0453807 91
0.0453423 91
0.0472952 91
0.0445722 91
0.0481228 91
0.046063 91
0.0448762 91
0.0457847 91
0.0455286 91
0.0459073 91
0.045956 91
0.0446664 91
0.0455195 91
0.0464695 91
0.0475638 91
0.0484418 91
0.0485756 91
0.0477292 91
0.0475226 91
0.0493328 91
0.0443678 91
0.045207 91
0.045131 91
0.0465694 91
0.0461688 91
0.0456832 91
0.0456363 91
0.0457676 91
0.0455898 91
0.0455515 91
0.0451155 91
0.0468136 91
0.0452966 91
0.0448437 91
0.046427 91
0.0505461 91
0.0480264 91
0.0534557 91
0.0487492 91
0.049458 91
0.0515281 91
0.0465861 91
0.0455055 90
0.0458676 90
0.045673 90
0.0464077 90
0.0458153 90
0.045732 90
0.0459519 90
0.0455106 90
0.0461709 90
0.0458102 90
0.0494642 90
0.0477047 90
0.045995 90
0.0477546 90
0.0467044 90
0.0484343 90
0.0508935 90
0.047794 90
0.0510406 90
0.0500267 90
0.04707 90
0.0444812 90
0.0489276 89
0.050269 89
0.0485583 89
0.0471837 89
0.0523433 89
0.0453818 89
0.0466987 89
0.0453292 89
0.0461428 89
0.04584 89
0.0478368 89
0.0454109 89
0.0458511 89
0.0473093 89
0.0495216 89
0.0497751 89
0.0502959 89
0.0489015 89
0.0494551 89
0.0457177 89
0.0454889 89
0.0501633 88
0.047869 88
0.0485566 88
0.0500264 88
0.0464428 88
0.0469256 88
0.0461866 88
0.0454253 88
0.0491717 88
0.0493113 88
0.0462441 88
0.0468631 88
0.0461831 88
0.0472514 88
0.0482494 88
0.050708 88
0.0488108 88
0.0501518 88
0.049015 88
0.0466204 88
0.0505667 88
0.0491435 88
0.0459109 88
0.0458364 88
0.0460842 88
0.0480665 88
0.0461323 88
0.0461791 88
0.0463006 88
0.046453 88
0.0462701 88
0.0459026 88
0.0485509 88
0.0458507 88
0.0481437 88
0.0504194 88
0.0501126 88
0.0509697 88
0.0512319 88
0.0512666 88
0.0456006 88
0.0477084 88
0.0463265 89
0.0468668 89
0.0468322 89
0.0466171 89
0.046769 89
0.0463439 89
0.0500444 89
0.0465552 89
0.0460387 89
0.0506584 89
0.046556 89
0.0472068 89
0.0464555 89
0.0490853 89
0.0512781 89
0.049167 89
0.049564 89
0.0489958 89
0.0489831 89
0.0479512 89
0.0459321 89
0.0463934 89
0.0493307 88
0.0496906 88
0.0492552 88
0.04636 88
0.0462673 88
0.0465608 88
0.046604 88
0.0467372 88
0.0467319 88
0.0528203 88
0.0491083 88
0.0489761 88
0.049152 88
0.0518645 88
0.049127 88
0.0502859 88
0.0489606 88
0.0494401 88
0.0458401 88
0.0459327 88
0.0474192 87
0.0480683 87
0.0463151 87
0.0469546 87
0.0484069 87
0.0495152 87
0.0493643 87
0.0469581 87
0.0467257 87
0.0487015 87
0.0468828 87
0.0471761 87
0.0499064 87
0.0517194 87
0.0551378 87
0.0493057 87
0.0506886 87
0.0490738 87
0.0477959 87
0.0467365 87
0.0465854 87
0.0492394 87
0.0466824 87
0.0471415 87
0.0489134 87
0.0469664 87
0.0479514 87
0.0465606 87
0.0471055 87
0.0477884 87
0.0470643 87
0.0616547 87
0.0528535 87
0.0527815 87
0.0510283 87
0.0510048 87
0.0497825 87
0.0510589 87
0.0480298 87
0.0478863 87
0.0471667 87
0.0472633 87
0.0483023 85
0.047321 85
0.0502293 85
0.049736 85
0.0499074 85
0.0491677 85
0.0471892 85
0.048214 85
0.0502045 85
0.0470032 85
0.0497082 85
0.0493937 85
0.0531257 85
0.0499499 85
0.0522139 85
0.0496002 85
0.0514103 85
0.0463416 85
0.0482041 85
0.0470355 85
0.0466694 85
0.0484306 86
0.0503856 86
0.0480509 86
0.0511563 86
0.0475731 86
0.0509962 86
0.0494506 86
0.0486749 86
0.0474109 86
0.0475225 86
0.0509323 86
0.0506678 86
0.0535602 86
0.0497849 86
0.0510562 86
0.0498986 86
0.0487724 86
0.0478416 86
0.0483849 86
0.0475267 86
0.0480091 85
0.0472394 85
0.0474719 85
0.0476293 85
0.0488293 85
0.0477347 85
0.0476656 85
0.0494861 85
0.0478086 85
0.0475955 85
0.0478432 85
0.0530181 85
0.0544041 85
0.0529843 85
0.0517444 85
0.0548564 85
0.0499156 85
0.0467492 85
0.0483579 85
0.0487549 85
0.0481761 85
0.0478751 85
0.0505889 85
0.0477905 85
0.0487546 85
0.0466627 85
0.0481413 85
0.0488208 85
0.047979 85
0.0482043 85
0.0496123 85
0.0502042 85
0.0532284 85
0.0505243 85
0.0523361 85
0.0503966 85
0.050395 85
0.0468216 85
0.0500315 85
0.048385 85
0.0493912 85
0.0483221 85
0.048115 85
0.0501812 85
0.0481799 85
0.0490193 85
0.0479298 85
0.0471209 85
0.0501394 85
0.0480903 85
0.0522464 85
0.0500627 85
0.0541835 85
0.0536816 85
0.0516551 85
0.0511748 85
0.0525373 85
0.0496038 85
0.0480214 85
0.0481598 85
0.0508936 85
0.0482852 84
0.0514234 84
0.0483962 84
0.0492789 84
0.048342 84
0.0483085 84
0.0511193 84
0.0482812 84
0.0490189 84
0.0499426 84
0.0514049 84
0.0522066 84
0.0591501 84
0.0572999 84
0.0516791 84
0.0493279 84
0.0478102 84
0.0515206 84
0.0483174 84
0.0503858 84
0.0485038 84
0.0486933 83
0.0486078 83
0.0484979 83
0.0499405 83
0.0484525 83
0.049655 83
0.0486677 83
0.0485936 83
0.0488354 83
0.0509333 83
0.0553506 83
0.0518199 83
0.0553419 83
0.0555743 83
0.050703 83
0.0479979 83
0.0510918 83
0.0507862 83
0.0525791 83
0.0492133 83
0.0490318 83
0.0493812 83
0.0490214 83
0.0522366 83
0.0492764 83
0.0515095 83
0.0489479 83
0.0513066 83
0.0491688 83
0.053032 83
0.0550137 83
0.0524526 83
0.0523323 83
0.051292 83
0.0515136 83
0.0486549 83
0.0499157 83
0.0488901 83
0.0492831 83
0.0488027 83
0.0489213 83
0.0500644 83
0.0490303 83
0.0498465 83
0.0488699 83
0.0486938 83
0.0489029 83
0.0483507 83
0.0523924 83
0.0521411 83
0.0546387 83
0.0527749 83
0.0570504 83
0.0573907 83
0.049805 83
0.0487802 83
0.0503666 83
0.0491314 83
0.0502005 83
0.0488836 83
0.0489834 83
0.0505273 83
0.0486152 83
0.0512038 83
0.0488968 83
0.0509241 83
0.0488717 83
0.0499119 83
0.0537839 83
0.0566239 83
0.0530316 83
0.0516819 83
0.0579729 83
0.0523581 83
0.0511145 83
0.050196 83
0.0504594 83
0.0505154 83
0.0491497 83
0.0502238 82
0.0492583 82
0.0489585 82
0.0495237 82
0.0491539 82
0.052136 82
0.0490144 82
0.050642 82
0.0497291 82
0.0534947 82
0.0534809 82
0.0526599 82
0.0529258 82
0.0521894 82
0.0505604 82
0.0488229 82
0.0504956 82
0.0495135 82
0.0507236 82
0.0490733 82
0.0499646 83
0.0498255 83
0.0492901 83
0.0513997 83
0.0490446 83
0.0521302 83
0.0492067 83
0.0545214 83
0.0542181 83
0.0534222 83
0.0533955 83
0.0519386 83
0.0523682 83
0.0528371 83
0.0492117 83
0.0500109 83
0.0495777 83
0.0506066 83
0.0492873 83
0.0493393 83
0.0498261 82
0.0498454 82
0.0513379 82
0.0493555 82
0.0516177 82
0.0522767 82
0.051965 82
0.0504602 82
0.0524207 82
0.054372 82
0.0525112 82
0.0546558 82
0.0539596 82
0.0492978 82
0.0500774 82
0.0496816 82
0.0503819 82
0.0538382 82
0.0532964 82
0.0498139 82
0.0505354 82
0.0495201 82
0.0506413 82
0.0502059 82
0.0508274 82
0.0501641 82
0.0503654 82
0.0525876 82
0.0553042 82
0.0533062 82
0.0524814 82
0.0564428 82
0.0549648 82
0.0516484 82
0.0509048 82
0.0507714 82
0.0505536 82
0.0498719 82
0.0509356 82
0.0495766 81
0.0508442 81
0.0500009 81
0.0505435 81
0.0506119 81
0.050944 81
0.0500286 81
0.0515765 81
0.0525433 81
0.0579938 81
0.0533318 81
0.0529318 81
0.0542422 81
0.0502399 81
0.0495833 81
0.0500688 81
0.0522838 81
0.0501815 81
0.0499702 81
0.0500084 81
0.0522602 81
0.0499229 81
0.0523612 81
0.0502289 81
0.0503232 81
0.0503259 81
0.051199 81
0.0530541 81
0.0543108 81
0.058199 81
0.0555954 81
0.0529401 81
0.0518108 81
0.049865 81
0.0504215 81
0.0500737 81
0.0510438 81
0.0501527 81
0.0516402 81
0.0507557 81
0.0503111 81
0.0504523 81
0.0507579 81
0.0504216 81
0.0505003 81
0.0505787 81
0.0531382 81
0.0553792 81
0.0536732 81
0.0562242 81
0.0552797 81
0.0532758 81
0.0496232 81
0.0504989 81
0.050631 81
0.0510469 81
0.050177 81
0.0511844 81
0.0505956 81
0.0513353 81
0.0507712 81
0.0518019 81
0.0506864 81
0.0513517 81
0.0504695 81
0.0536013 81
0.054004 81
0.0546511 81
0.0552022 81
0.0533172 81
0.0542368 81
0.051615 81
0.0502449 81
0.0526413 81
0.0528101 81
0.053267 81
0.051313 81
0.0515096 81
0.0517696 81
0.0506148 80
0.0517392 80
0.050254 80
0.0531662 80
0.0506917 80
0.0535494 80
0.0539642 80
0.0578428 80
0.0545516 80
0.0550602 80
0.0543494 80
0.0498816 80
0.0514657 80
0.0508631 80
0.0521351 80
0.0505525 80
0.0514231 80
0.050996 80
0.0527395 80
0.0511755 80
0.0529527 80
0.0510579 80
0.0506816 80
0.0511345 80
0.0514269 80
0.0540553 80
0.0548851 80
0.0550389 80
0.0542822 80
0.0533383 80
0.0512826 80
0.0505995 80
0.0509924 80
0.0508342 80
0.0518109 80
0.0519143 80
0.0508137 80
0.0519383 80
0.0551029 80
0.0548803 80
0.0529803 80
0.0509597 80
0.0532648 80
0.0516472 80
0.0554816 80
0.0572414 80
0.0545171 80
0.053914 80
0.0550247 80
0.0556514 80
0.0524123 80
0.0537092 80
0.0516089 80
0.0512152 80
0.0531229 80
0.050921 80
0.0541705 80
0.0509413 78
0.0518523 78
0.0513544 78
0.0515065 78
0.0520967 78
0.0524276 78
0.0571707 78
0.0620504 78
0.062288 78
0.0584155 78
0.054151 78
0.0510476 78
0.0537591 78
0.0519252 78
0.054387 78
0.053874 78
0.0514365 78
0.053007 78
0.0515451 78
0.0519415 77
0.0526131 77
0.0515868 77
0.0532136 77
0.0514867 77
0.0580149 77
0.0618403 77
0.0579311 77
0.0566017 77
0.0543079 77
0.0559763 77
0.0555841 77
0.0563021 77
0.0529379 77
0.0547491 77
0.0531687 77
0.0516514 77
0.0537067 77
0.0525175 77
0.0549452 77
0.0551171 77
0.0537594 77
0.0541941 77
0.0568817 77
0.0578869 77
0.0552425 77
0.0547374 77
0.0567756 77
0.0551469 77
0.0510783 77
0.0517474 77
0.0518026 77
0.0519579 77
0.0527953 77
0.0527539 77
0.0561465 77
0.0550514 77
0.0514683 77
0.0540365 77
0.052957 77
0.0516975 77
0.0542485 77
0.0548934 77
0.056889 77
0.0566866 77
0.0613297 77
0.0626612 77
0.0536778 77
0.0512859 77
0.0521258 77
0.0518234 77
0.0518467 77
0.0529339 77
0.0526925 77
0.0535371 77
0.0518196 77
0.0517894 77
0.053046 77
0.0519339 77
0.0545926 77
0.0554923 77
0.0558999 77
0.0555486 77
0.0578309 77
0.0562421 77
0.0532159 77
0.0520274 77
0.0524936 77
0.052309 77
0.0545752 77
0.0521004 77
0.0527477 77
0.0530764 77
0.0518032 77
0.05434 77
0.0518971 78
0.0521707 78
0.0540691 78
0.0555556 78
0.0549256 78
0.0582492 78
0.0573815 78
0.055382 78
0.055278 78
0.0531119 78
0.0521445 78
0.0520259 78
0.0538854 78
0.0528505 78
0.0553303 78
0.0532493 78
0.0522207 78
0.0551313 78
0.0524299 78
0.0523053 77
0.0537608 77
0.0520383 77
0.0559792 77
0.0595339 77
0.0563942 77
0.0614567 77
0.0604182 77
0.0530643 77
0.0516752 77
0.0531435 77
0.0536455 77
0.0546265 77
0.0529957 77
0.0523132 77
0.0558788 77
0.053474 77
0.0526645 77
0.0544902 76
0.0528081 76
0.0533713 76
0.0548076 76
0.0557786 76
0.0571475 76
0.058817 76
0.0584391 76
0.0564693 76
0.0523226 76
0.052433 76
0.0552459 76
0.0527536 76
0.0564801 76
0.0567462 76
0.0535502 76
0.0552337 76
0.0566217 76
0.0543907 76
0.0522427 76
0.0543998 76
0.0542269 76
0.0567541 76
0.057256 76
0.0577682 76
0.0592749 76
0.0552947 76
0.0532166 76
0.0523228 76
0.0529628 76
0.0553655 76
0.0566824 76
0.0533784 76
0.0530198 76
0.0547599 76
0.0575746 76
0.0551902 76
0.0526703 76
0.057903 76
0.0545224 76
0.0556333 76
0.0580608 76
0.0578965 76
0.0588562 76
0.056721 76
0.0528916 76
0.0528835 76
0.0536488 76
0.0531095 76
0.0555137 76
0.0548016 76
0.0529097 76
0.0534968 76
0.0538396 76
0.0536326 76
0.0572803 76
0.056082 76
0.0542572 76
0.0592745 76
0.0585696 76
0.0587916 76
0.0577681 76
0.0616489 76
0.0570623 76
0.0532191 76
0.0527499 76
0.0557193 76
0.0538107 76
0.0529688 76
0.0553462 76
0.0534423 76
0.0538857 76
0.054752 76
0.05342 75
0.0529924 75
0.0573578 75
0.0570807 75
0.0577824 75
0.0570625 75
0.0589619 75
0.0588728 75
0.0547219 75
0.055556 75
0.0529629 75
0.05424 75
0.0541941 75
0.0536647 75
0.0536328 75
0.054449 75
0.0533917 75
0.054596 75
0.0540764 75
0.0536404 76
0.0555425 76
0.058049 76
0.0585358 76
0.0576134 76
0.0590117 76
0.0592735 76
0.0527405 76
0.0548516 76
0.0537953 76
0.0533329 76
0.0545853 76
0.053426 76
0.0544546 76
0.0571064 76
0.0555453 76
0.0538887 76
0.0580717 76
0.0584277 75
0.0557991 75
0.0566792 75
0.0609049 75
0.0631323 75
0.0573309 75
0.0559195 75
0.0585124 75
0.0563692 75
0.0592919 75
0.0535791 75
0.0540613 75
0.055974 75
0.053491 75
0.0538656 75
0.0581787 75
0.0544586 75
0.0536588 75
0.0540949 74
0.0564248 74
0.0599305 74
0.0578627 74
0.0585196 74
0.0574452 74
0.0559055 74
0.0566276 74
0.0538845 74
0.0538918 74
0.0582822 74
0.0589975 74
0.0543076 74
0.054271 74
0.0558575 74
0.0546083 74
0.0543035 74
0.0539085 74
0.0562068 74
0.056576 74
0.0588643 74
0.0570696 74
0.0577329 74
0.0609391 74
0.0576209 74
0.0570848 74
0.0544321 74
0.054173 74
0.0553645 74
0.055904 74
0.0537592 74
0.0548845 74
0.0567976 74
0.0538963 74
0.0537295 74
0.0585626 74
0.0586591 74
0.0603758 74
0.0597325 74
0.0603184 74
0.0592379 74
0.0576761 74
0.0583205 74
0.0546968 74
0.0585849 74
0.0568266 74
0.05411 74
0.0539473 74
0.0559551 74
0.0565 74
0.0537245 74
0.0544758 74
0.0624824 74
0.0622452 72
0.0618848 72
0.0661139 72
0.0587075 72
0.0569879 72
0.0616567 72
0.0553823 72
0.0563747 72
0.0541529 72
0.0542052 72
0.0579348 72
0.0542934 72
0.0542421 72
0.0574415 72
0.0571464 72
0.0558671 72
0.0544019 72
0.0546258 72
0.0552228 74
0.0587242 74
0.060849 74
0.0587055 74
0.0581046 74
0.0583254 74
0.0547097 74
0.0565149 74
0.0544488 74
0.0545124 74
0.0578068 74
0.055309 74
0.0543498 74
0.0550903 74
0.057326 74
0.055129 74
0.0551026 74
0.0546452 74
0.0559996 74
0.0588058 74
0.0587655 74
0.0631522 74
0.0615956 74
0.0621545 74
0.0578596 74
0.0559707 74
0.0551492 74
0.0561836 74
0.055682 74
0.0548757 74
0.0546242 74
0.0571127 74
0.0563475 74
0.054591 74
0.0550433 74
0.0580843 74
0.0607417 72
0.0635657 72
0.0631398 72
0.0595517 72
0.0591691 72
0.0565968 72
0.054694 72
0.0546184 72
0.0588622 72
0.0558461 72
0.0544034 72
0.0558559 72
0.056869 72
0.0578673 72
0.0546196 72
0.0546073 72
0.0622274 72
0.0580372 72
0.063977 72
0.0591623 72
0.0625712 72
0.0604456 72
0.0571112 72
0.0563563 72
0.0554942 72
0.055691 72
0.0551434 72
0.0566148 72
0.0566528 72
0.0547958 72
0.0550652 72
0.0586715 72
0.0558725 72
0.0554421 72
0.055891 72
0.0619591 73
0.0624821 73
0.0593366 73
0.0624589 73
0.0592702 73
0.0561313 73
0.0572633 73
0.0552679 73
0.0559008 73
0.055146 73
0.0573401 73
0.0576599 73
0.0548093 73
0.056686 73
0.0584503 73
0.0563338 73
0.0570935 73
0.0612469 73
0.0629048 72
0.0593445 72
0.0590082 72
0.0644795 72
0.0554582 72
0.0554198 72
0.0557516 72
0.0620607 72
0.0575759 72
0.0577384 72
0.0552937 72
0.0561927 72
0.0559618 72
0.0590613 72
0.0576044 72
0.0552175 72
0.0600512 72
0.0602851 71
0.0590822 71
0.058459 71
0.0664704 71
0.0582128 71
0.0566511 71
0.0650281 71
0.0562993 71
0.0576154 71
0.0583177 71
0.0562994 71
0.0552838 71
0.056273 71
0.0579087 71
0.058481 71
0.0562701 71
0.0583122 71
0.0609085 72
0.0595312 72
0.0593303 72
0.0599674 72
0.0595153 72
0.0605502 72
0.0581586 72
0.0580514 72
0.0575724 72
0.0551393 72
0.0555331 72
0.0584083 72
0.058883 72
0.0589307 72
0.0561352 72
0.0563337 72
0.0574437 72
0.060478 72
0.0603539 72
0.0637346 72
0.0608244 72
0.0574202 72
0.0582802 72
0.0601753 72
0.0618258 72
0.0598722 72
0.0593062 72
0.0608574 72
0.0587751 72
0.0574824 72
0.0557438 72
0.0569744 72
0.0585211 72
0.0600751 72
0.0666145 72
0.0612524 70
0.0599171 70
0.0594636 70
0.0565643 70
0.0600015 70
0.0595643 70
0.0573256 70
0.0569184 70
0.0559061 70
0.0571666 70
0.0581802 70
0.0587744 70
0.0576155 70
0.056812 70
0.0561665 70
0.0589693 70
0.0620467 70
0.0629519 71
0.0611573 71
0.0610676 71
0.0598529 71
0.0562388 71
0.0598267 71
0.058688 71
0.0591663 71
0.057425 71
0.0573047 71
0.0559558 71
0.0572047 71
0.0580173 71
0.0574453 71
0.0568662 71
0.0593031 71
0.0621653 71
0.0647528 71
0.0625896 71
0.0607323 71
0.0572893 71
0.0561461 71
0.0573113 71
0.0561609 71
0.0605257 71
0.0586544 71
0.0584849 71
0.0571671 71
0.0569944 71
0.0563559 71
0.0576508 71
0.0598733 71
0.0623926 71
0.0639178 71
0.0608333 71
0.0627984 71
0.0599367 71
0.0608002 71
0.0575756 71
0.0592454 71
0.0593877 71
0.0585955 71
0.0585911 71
0.0594212 71
0.0589658 71
0.0568278 71
0.0576448 71
0.0574688 71
0.0598066 71
0.061979 71
0.065809 71
0.0624795 70
0.0622818 70
0.0623254 70
0.0588944 70
0.0575038 70
0.056824 70
0.0619332 70
0.0613876 70
0.0632657 70
0.0574093 70
0.058251 70
0.0596021 70
0.0578309 70
0.0576098 70
0.0580353 70
0.0631381 70
0.0640066 70
0.0603997 69
0.0609547 69
0.0611072 69
0.0578306 69
0.0574553 69
0.0567064 69
0.0612226 69
0.0598968 69
0.0608679 69
0.0599584 69
0.058802 69
0.0610867 69
0.0566256 69
0.0583378 69
0.059788 69
0.0651864 69
0.0643526 69
0.0630399 69
0.0635522 69
0.0570065 69
0.0604369 69
0.0608449 69
0.063513 69
0.0622303 69
0.0615424 69
0.0681653 69
0.0685236 69
0.0661371 69
0.058912 69
0.0606665 69
0.075714 69
0.0759276 69
0.066609 69
0.0730211 65
0.0658917 65
0.0644088 65
0.0705804 65
0.0674997 65
0.063006 65
0.0629838 65
0.0679709 65
0.0621659 65
0.0616436 65
0.0644015 65
0.0623785 65
0.0659392 65
0.0748579 65
0.0656068 65
0.0718629 62
0.0703246 62
0.066041 62
0.0628188 62
0.0626917 62
0.0634149 62
0.0624758 62
0.0614373 62
0.0608835 62
0.0649556 62
0.0646863 62
0.0684715 62
0.0700668 62
0.0707711 62
0.070981 62
0.0685139 63
0.0714502 63
0.124454 63
0.0633501 63
0.058424 63
0.0574133 63
0.055954 63
0.0571579 63
0.0564556 63
0.0659739 63
0.0620761 63
0.0625283 63
0.064287 63
0.0686443 63
0.0742436 63
0.0711518 60
0.0670537 60
0.0609841 60
0.0651007 60
0.0612711 60
0.0598325 60
0.0680792 60
0.0675763 60
0.0600111 60
0.0630367 60
0.0627536 60
0.0602935 60
0.0607218 60
0.0670908 60
0.0771036 60
0.0682583 60
0.0639839 61
0.0660491 61
0.058237 61
0.0589717 61
0.0623838 61
0.0574025 61
0.0664155 61
0.0597737 61
0.0631004 61
0.0575089 61
0.0590643 61
0.0589252 61
0.0604636 61
0.0609054 61
0.061124 61
0.0602993 61
0.0604542 61
0.0609415 67
0.0588406 67
0.0581112 67
0.0574516 67
0.0578045 67
0.0563775 67
0.0576808 67
0.0578635 67
0.0592401 67
0.0571147 67
0.0568577 67
0.0567167 67
0.059152 67
0.0630537 67
0.062445 67
0.0602345 67
0.0608737 67
0.060688 68
0.0568949 68
0.0582242 68
0.0586772 68
0.0585038 68
0.0566393 68
0.0574806 68
0.0565504 68
0.0591851 68
0.0580822 68
0.0603719 68
0.0582747 68
0.059931 68
0.0613553 68
0.0668995 68
0.063445 68
0.0618328 68
0.0583138 67
0.0593749 67
0.0610544 67
0.0586839 67
0.0587831 67
0.0580212 67
0.0582406 67
0.0578366 67
0.0583155 67
0.0631905 67
0.0574892 67
0.0600498 67
0.0637364 67
0.0630466 67
0.0611805 67
0.061367 67
0.0617813 67
0.0574529 67
0.0576037 67
0.0606401 67
0.0587469 67
0.0599342 67
0.0607478 67
0.0585092 67
0.0588141 67
0.0569665 67
0.0586343 67
0.0625467 67
0.0585177 67
0.0606514 67
0.0623568 67
0.0609111 67
0.0604103 67
0.0609369 67
0.0571353 67
0.0567649 67
0.0615533 67
0.0596911 67
0.0606304 67
0.0588407 67
0.0598821 67
0.0634994 67
0.0641673 67
0.0592013 67
0.0611628 67
0.0702594 67
0.0684774 67
0.0704578 67
0.0618901 67
0.0598853 67
0.0578698 64
0.0577739 64
0.0592741 64
0.0608209 64
0.0588 64
0.063315 64
0.0621483 64
0.0595898 64
0.0598633 64
0.061989 64
0.059126 64
0.0625689 64
0.063926 64
0.0614197 64
0.0606581 64
0.0613582 64
0.0596606 64
0.0574849 66
0.0660177 66
0.0581586 66
0.0580139 66
0.0605304 66
0.0587256 66
0.0597272 66
0.0582663 66
0.0584821 66
0.0576941 66
0.058154 66
0.0601346 66
0.0632064 66
0.0616049 66
0.0606495 66
0.0616668 66
0.0581989 66
0.0575329 67
0.0587 67
0.0594484 67
0.0612194 67
0.0604417 67
0.0612184 67
0.0609731 67
0.0591518 67
0.0599835 67
0.0600946 67
0.0605507 67
0.0631491 67
0.0658566 67
0.065989 67
0.0674027 67
0.060478 67
0.0598631 65
0.058435 65
0.0577207 65
0.0582078 65
0.0591941 65
0.0594793 65
0.0599617 65
0.0609425 65
0.0612736 65
0.0598148 65
0.0617874 65
0.0630946 65
0.064161 65
0.0625315 65
0.0629861 65
0.0625551 65
0.0579059 65
0.0585396 66
0.059403 66
0.0590364 66
0.0584371 66
0.0601324 66
0.0609877 66
0.0595304 66
0.0607309 66
0.0594535 66
0.0603882 66
0.0620411 66
0.0654182 66
0.0619548 66
0.0618832 66
0.0619151 66
0.0592311 66
0.0588237 66
0.0590141 66
0.0594976 66
0.0615435 66
0.0597897 66
0.061146 66
0.0615285 66
0.0618459 66
0.0617066 66
0.0598403 66
0.0616701 66
0.0641329 66
0.0666074 66
0.0630539 66
0.0632997 66
0.0617069 66
0.0607934 66
0.0604484 65
0.059384 65
0.0593847 65
0.0589579 65
0.0592225 65
0.0595869 65
0.0581319 65
0.0590646 65
0.0585026 65
0.0611627 65
0.0614212 65
0.0640952 65
0.0631345 65
0.0622566 65
0.0627199 65
0.0610694 65
0.0589785 65
0.0581964 66
0.0592569 66
0.0584737 66
0.0593109 66
0.0627879 66
0.0588751 66
0.0602501 66
0.060739 66
0.0619495 66
0.0599951 66
0.0640268 66
0.0704171 66
0.0688751 66
0.0641227 66
0.0593177 66
0.0589166 66
0.0608692 66
0.0615835 65
0.0600755 65
0.0611389 65
0.0597421 65
0.0621497 65
0.0615094 65
0.0598725 65
0.0617 65
0.0602214 65
0.0658427 65
0.0652532 65
0.0627274 65
0.0633637 65
0.0634014 65
0.0609495 65
0.0604235 65
0.0606221 65
0.0592941 65
0.0602764 65
0.0586132 65
0.0593196 65
0.0594865 65
0.0602695 65
0.0609851 65
0.0587118 65
0.0618414 65
0.0647066 65
0.067882 65
0.0728894 65
0.0632992 65
0.0590991 65
0.05945 65
0.0592502 65
0.0585953 65
0.0598902 65
0.0588135 65
0.0593047 65
0.0606707 65
0.0600204 65
0.0630966 65
0.060491 65
0.0618315 65
0.065897 65
0.06344 65
0.0635981 65
0.0639515 65
0.0620992 65
0.0627034 65
0.0625244 65
0.0606983 65
0.0610936 65
0.0607078 65
0.0610571 65
0.0622125 65
0.0607117 65
0.0599439 65
0.0603206 65
0.0627727 65
0.0650276 65
0.0628783 65
0.0635042 65
0.0632617 65
0.062782 65
0.0619388 65
0.0618837 65
0.0609171 65
0.0609244 65
0.0604889 65
0.061163 65
0.061807 65
0.0622957 65
0.062001 65
0.0607273 65
0.062503 65
0.0667875 65
0.0642584 65
0.0638933 65
0.0667311 65
0.0616823 65
0.0601978 65
0.059924 65
0.0622784 64
0.0602796 64
0.0596938 64
0.0612036 64
0.0600279 64
0.0625548 64
0.0601624 64
0.0596751 64
0.061971 64
0.064179 64
0.0655859 64
0.0627596 64
0.0636032 64
0.0638079 64
0.0624901 64
0.0624635 64
0.0614375 64
0.0613333 65
0.0606971 65
0.0604831 65
0.0610825 65
0.0609795 65
0.060494 65
0.061424 65
0.0608176 65
0.065351 65
0.0656361 65
0.0636471 65
0.0646632 65
0.0691001 65
0.0607242 65
0.0618359 65
0.0597508 65
0.0602316 64
0.0601817 64
0.0600064 64
0.060674 64
0.0599488 64
0.0618887 64
0.0603711 64
0.0605729 64
0.0664906 64
0.0672627 64
0.0653651 64
0.0673195 64
0.0633885 64
0.0598274 64
0.0595741 64
0.061821 64
0.0612437 65
0.0595331 65
0.0603877 65
0.061169 65
0.0598935 65
0.0607146 65
0.0596768 65
0.0612401 65
0.0663878 65
0.0662974 65
0.0651096 65
0.065757 65
0.0635528 65
0.0692346 65
0.0663451 65
0.0604172 65
0.0631239 63
0.0634306 63
0.0609255 63
0.0604507 63
0.0616854 63
0.0618914 63
0.0603303 63
0.061437 63
0.0649473 63
0.0663405 63
0.0663586 63
0.0679869 63
0.0621159 63
0.0599638 63
0.0606669 63
0.0624674 63
0.0608342 63
0.0605348 64
0.0604743 64
0.0600464 64
0.0609376 64
0.0604027 64
0.0610568 64
0.0608588 64
0.0642003 64
0.0670505 64
0.0788661 64
0.0660011 64
0.0622082 64
0.0627873 64
0.060556 64
0.0610806 64
0.0607806 64
0.060187 64
0.0633341 64
0.0613162 64
0.0614982 64
0.0605548 64
0.0630775 64
0.0633236 64
0.0661512 64
0.0659999 64
0.064438 64
0.0643954 64
0.0619511 64
0.061022 64
0.0604502 64
0.0610201 64
0.0610387 64
0.060684 63
0.0611596 63
0.0612143 63
0.0606047 63
0.0609017 63
0.0613479 63
0.0610537 63
0.0649886 63
0.0679185 63
0.0662212 63
0.0646885 63
0.0640046 63
0.0626125 63
0.0615348 63
0.0625985 63
0.0636496 63
0.0634881 64
0.061695 64
0.06056 64
0.0620373 64
0.0611431 64
0.0608842 64
0.0637562 64
0.0671025 64
0.0652637 64
0.0662802 64
0.0649623 64
0.0623161 64
0.060212 64
0.0614894 64
0.0612642 64
0.0606375 64
0.0613272 64
0.0621927 64
0.0604498 64
0.0615985 64
0.0615042 64
0.0608083 64
0.062693 64
0.0680235 64
0.0652047 64
0.0651891 64
0.0649806 64
0.0662429 64
0.0648986 64
0.0608939 64
0.0656568 64
0.0626073 64
0.061334 63
0.0607426 63
0.0618401 63
0.061721 63
0.0625456 63
0.0616672 63
0.0656604 63
0.0693973 63
0.0651251 63
0.0654279 63
0.0671975 63
0.0616029 63
0.0616257 63
0.0644221 63
0.0620748 63
0.0630168 63
0.0627175 63
0.0609521 63
0.0620413 63
0.0628518 63
0.0629749 63
0.0631457 63
0.0678979 63
0.067296 63
0.0660146 63
0.0680551 63
0.0642633 63
0.0621613 63
0.0616424 63
0.0617944 63
0.0614475 63
0.0620414 63
0.0622963 63
0.0627901 63
0.0645461 63
0.0646245 63
0.0621259 63
0.063093 63
0.0674755 63
0.0653559 63
0.0670516 63
0.0665817 63
0.0615161 63
0.0622204 63
0.0620908 63
0.0635297 63
0.0629672 63
0.0646393 63
0.0646643 62
0.0632387 62
0.062339 62
0.0622855 62
0.0612736 62
0.0648738 62
0.0696201 62
0.0667743 62
0.0668862 62
0.0679982 62
0.0630408 62
0.0619284 62
0.0623542 62
0.0623845 62
0.0629872 62
0.0620351 62
0.0619971 63
0.0617341 63
0.0629764 63
0.063759 63
0.0647521 63
0.0679951 63
0.0677316 63
0.0673872 63
0.0660028 63
0.0638612 63
0.0613858 63
0.0620988 63
0.0622369 63
0.0630482 63
0.0625394 63
0.0648733 63
0.0634399 63
0.0625568 63
0.0633572 63
0.0624195 63
0.0641659 63
0.0685504 63
0.0674301 63
0.066064 63
0.0658887 63
0.0711494 63
0.0631983 63
0.0625624 63
0.0624378 63
0.0627662 63
0.0624788 63
0.0658248 61
0.0661897 61
0.0629787 61
0.0625551 61
0.0632425 61
0.065877 61
0.0706595 61
0.0678343 61
0.0674824 61
0.0663571 61
0.0624353 61
0.0618246 61
0.0628447 61
0.0627 61
0.0628046 61
0.0618039 61
0.0637316 62
0.0650003 62
0.0642974 62
0.0627211 62
0.0653109 62
0.0675774 62
0.0713478 62
0.0687547 62
0.0693855 62
0.0622761 62
0.0641636 62
0.0629386 62
0.0620188 62
0.062731 62
0.0626463 62
0.0638777 62
0.0644284 62
0.0649397 62
0.0630543 62
0.0637136 62
0.0677387 62
0.070263 62
0.068107 62
0.0665623 62
0.0675845 62
0.0634261 62
0.0628764 62
0.0629366 62
0.0630867 62
0.0620167 62
0.0647348 62
0.0657494 61
0.0629974 61
0.0630168 61
0.0640358 61
0.0657179 61
0.0698488 61
0.0685373 61
0.06933 61
0.067539 61
0.0630079 61
0.0644166 61
0.0629961 61
0.0642951 61
0.0654859 61
0.0640841 61
0.0629779 61
0.063441 61
0.062883 61
0.0634414 61
0.0657098 61
0.0721409 61
0.0676559 61
0.0694704 61
0.0691672 61
0.0625313 61
0.0631568 61
0.0655515 61
0.0641414 61
0.0632846 61
0.0632922 61
0.0634724 61
0.0627039 61
0.0637267 61
0.0654482 61
0.0666987 61
0.0678903 61
0.0697348 61
0.0670327 61
0.0718478 61
0.067431 61
0.062925 61
0.0623424 61
0.063291 61
0.0636438 61
0.0642765 61
0.0669804 61
0.0639173 61
0.0630753 61
0.0638705 61
0.0638987 61
0.0683158 61
0.0692843 61
0.0678324 61
0.0710976 61
0.0665673 61
0.0632754 61
0.0648231 61
0.0656806 61
0.063422 61
0.0636563 61
0.0635925 61
0.0645195 61
0.0639917 61
0.0681666 61
0.0641805 61
0.0664803 61
0.0710367 61
0.067838 61
0.0674065 61
0.0692714 61
0.0633136 61
0.0630209 61
0.0634823 61
0.063672 61
0.0647864 61
0.0661886 61
0.0636409 61
0.0639131 61
0.0629676 61
0.0644855 61
0.0665714 61
0.0695858 61
0.0678403 61
0.0687928 61
0.0673801 61
0.0639404 61
0.0643114 61
0.0661495 61
0.0636553 61
0.0648704 61
0.0645949 61
0.0636548 61
0.0650249 61
0.0632901 61
0.0644179 61
0.0647857 61
0.0680158 61
0.0726436 61
0.0676894 61
0.0685405 61
0.0651942 61
0.06393 61
0.0630732 61
0.0636381 61
0.0656029 61
0.0657646 61
0.0642391 61
0.0638683 61
0.0639116 61
0.0633804 61
0.0659994 61
0.069529 61
0.0697205 61
0.0701344 61
0.0723397 61
0.0714682 61
0.0652987 61
0.0647205 61
0.066519 61
0.0655126 61
0.0649323 61
0.0639682 61
0.0653066 61
0.0657787 61
0.0661565 59
0.0653904 59
0.0694025 59
0.0698317 59
0.0681336 59
0.072138 59
0.0656704 59
0.0639943 59
0.0658894 59
0.0644056 59
0.0642461 59
0.0640568 59
0.0639568 59
0.0641755 59
0.0673782 59
0.064373 60
0.0644111 60
0.0684319 60
0.072759 60
0.0694876 60
0.0713774 60
0.0662602 60
0.0659875 60
0.0642044 60
0.0645651 60
0.0643246 60
0.0643407 60
0.0638643 60
0.0665599 60
0.0648344 60
0.064739 60
0.0645749 60
0.070473 60
0.0704186 60
0.0693774 60
0.0688109 60
0.0683808 60
0.0682719 60
0.0643011 60
0.0645656 60
0.0645645 60
0.0643618 60
0.0683537 60
0.0646386 60
0.0644002 60
0.0643956 60
0.0657954 60
0.0685346 60
0.0702983 60
0.0713264 60
0.0724088 60
0.0681231 60
0.0641638 60
0.0656463 60
0.0659557 60
0.0674148 60
0.0646456 60
0.0648657 60
0.0646894 60
0.0672781 60
0.0645286 60
0.0646147 60
0.0691383 60
0.0731054 60
0.0690861 60
0.0740839 60
0.0669504 60
0.0673227 60
0.0645145 60
0.064828 60
0.06467 60
0.0660511 60
0.0645382 60
0.0647987 60
0.0647926 60
0.070116 60
0.072725 59
0.0744102 59
0.0693571 59
0.0702813 59
0.0696168 59
0.0700207 59
0.0656379 59
0.0649781 59
0.0647245 59
0.0656077 59
0.0663685 59
0.0647788 59
0.0649285 59
0.064872 59
0.0665865 59
0.0667185 59
0.0705274 59
0.0710391 59
0.068788 59
0.0702666 59
0.0657007 59
0.0643916 59
0.064727 59
0.0663518 59
0.0683965 59
0.0666386 59
0.0680473 59
0.0670135 59
0.0649548 59
0.0652667 59
0.0688601 59
0.072086 59
0.0707806 59
0.0686998 59
0.0688453 59
0.0642878 59
0.0653413 59
0.0650658 59
0.0650426 59
0.0667016 59
0.0661382 59
0.0652409 59
0.0652257 59
0.0663675 59
0.0655193 59
0.0671301 60
0.0713714 60
0.069177 60
0.0699545 60
0.0726414 60
0.0652204 60
0.0663363 60
0.0653334 60
0.0652368 60
0.0653839 60
0.066197 60
0.0688786 60
0.0658689 60
0.0650566 60
0.0679345 60
0.0695861 59
0.0713498 59
0.0717262 59
0.0715973 59
0.068667 59
0.0704488 59
0.066802 59
0.0661582 59
0.0655845 59
0.0679404 59
0.0662765 59
0.0662061 59
0.0662764 59
0.0653648 59
0.066777 59
0.0720422 58
0.072326 58
0.0707133 58
0.0699425 58
0.0668356 58
0.0676585 58
0.0656806 58
0.0656078 58
0.0652695 58
0.068338 58
0.0662439 58
0.0648395 58
0.0665676 58
0.0668303 58
0.0674162 58
0.0722742 59
0.0731327 59
0.0709499 59
0.0694787 59
0.0691143 59
0.066065 59
0.0674232 59
0.0667685 59
0.0657274 59
0.0658534 59
0.0669468 59
0.0682267 59
0.0657039 59
0.0659371 59
0.0690597 59
0.0711612 59
0.0696539 59
0.0697546 59
0.071041 59
0.0682101 59
0.0659468 59
0.0658365 59
0.0677972 59
0.0657676 59
0.0659212 59
0.0664005 59
0.0690993 59
0.0677138 59
0.0661197 59
0.0774526 59
0.0772033 58
0.0704931 58
0.071208 58
0.0736254 58
0.0666848 58
0.066066 58
0.0674193 58
0.0665136 58
0.0658121 58
0.0665128 58
0.0680765 58
0.0661354 58
0.0660349 58
0.0685173 58
0.0776896 58
0.0799997 58
0.0732075 58
0.0680486 58
0.0732236 58
0.0666153 58
0.0679667 58
0.0664521 58
0.066133 58
0.0662162 58
0.0682923 58
0.0661033 58
0.0663476 58
0.0681819 58
0.0712814 58
0.0728812 57
0.0709765 57
0.07237 57
0.0708676 57
0.0734572 57
0.0672555 57
0.0678207 57
0.0691955 57
0.0679343 57
0.0687512 57
0.0672593 57
0.0669462 57
0.0687332 57
0.0709406 57
0.073649 57
0.0717842 57
0.0778231 57
0.0693855 57
0.0666637 57
0.066639 57
0.0678783 57
0.0665945 57
0.067317 57
0.0678578 57
0.0670835 57
0.0662623 57
0.0669025 57
0.0701168 57
0.0723251 57
0.0734297 58
0.0702231 58
0.0716595 58
0.0682104 58
0.0663381 58
0.0664876 58
0.0665525 58
0.0685505 58
0.0672899 58
0.0674196 58
0.0692717 58
0.0665294 58
0.0667781 58
0.071748 58
0.0731213 58
0.0712544 59
0.0707408 59
0.0725433 59
0.0687682 59
0.0695655 59
0.0664748 59
0.066965 59
0.0686356 59
0.066455 59
0.0675002 59
0.0693533 59
0.0664588 59
0.0676102 59
0.0750903 59
0.0715571 57
0.0708652 57
0.0707907 57
0.0663537 57
0.0666019 57
0.0676518 57
0.0671846 57
0.0669167 57
0.0674722 57
0.0689665 57
0.0667859 57
0.0674469 57
0.0668608 57
0.0698454 57
0.0740884 57
0.0711333 59
0.0769839 59
0.0711338 59
0.0680847 59
0.0722708 59
0.0679108 59
0.0677867 59
0.0681121 59
0.0668226 59
0.0668118 59
0.0694588 59
0.0675426 59
0.0697686 59
0.0758548 59
0.0730958 59
0.071598 57
0.0728548 57
0.0701381 57
0.0686942 57
0.0683828 57
0.0671247 57
0.0697635 57
0.0678772 57
0.0674408 57
0.0683412 57
0.0676817 57
0.0681165 57
0.0726905 57
0.0755383 57
0.0716838 57
0.0733879 57
0.0681375 57
0.0696338 57
0.0670633 57
0.067452 57
0.0699193 57
0.0683309 57
0.0702106 57
0.0670553 57
0.0675402 57
0.0699238 57
0.0704795 57
0.0760951 57
0.0729723 57
0.0716027 57
0.0703568 57
0.067811 57
0.067082 57
0.0684095 57
0.0670006 57
0.0672899 57
0.0689926 57
0.0674478 57
0.0673021 57
0.0689598 57
0.0684993 57
0.073667 57
0.0722512 57
0.0726705 57
0.0720347 57
0.0692778 57
0.0687623 57
0.0679696 57
0.0671855 57
0.0674005 57
0.0686439 57
0.0676385 57
0.0677343 57
0.0699062 57
0.0675938 57
0.071776 57
0.0735746 57
0.0736979 57
0.0720609 57
0.0728157 57
0.0678499 57
0.0697188 57
0.0676464 57
0.0678195 57
0.0707506 57
0.0684363 57
0.0691318 57
0.068828 57
0.0680386 57
0.0739558 57
0.0731459 57
0.0731273 57
0.0761008 57
0.072142 57
0.0683391 57
0.0680488 57
0.0701229 57
0.067947 57
0.0680326 57
0.0701943 57
0.0693021 57
0.0700466 57
0.0683071 57
0.0703942 57
0.0745547 57
0.0766826 57
0.072586 57
0.0733341 57
0.0694179 57
0.0684823 57
0.0681664 57
0.0700658 57
0.068923 57
0.0708632 57
0.0685474 57
0.0689091 57
0.0682285 57
0.0703565 57
0.0772607 57
0.0756445 57
0.0726141 57
0.0732964 56
0.0689266 56
0.0683121 56
0.067947 56
0.0694485 56
0.0680504 56
0.0683985 56
0.0711282 56
0.0679053 56
0.0706136 56
0.0688467 56
0.0728777 56
0.074323 56
0.0760947 56
0.0718844 57
0.0682258 57
0.0678113 57
0.0703546 57
0.067892 57
0.0712872 57
0.0688741 57
0.0689199 57
0.0681701 57
0.0687209 57
0.0690279 57
0.0729291 57
0.0755419 57
0.0731134 57
0.073139 57
0.0718326 57
0.0685969 57
0.0684843 57
0.070164 57
0.0695116 57
0.0719795 57
0.0690291 57
0.0700084 57
0.0681386 57
0.0679972 57
0.075129 57
0.0749868 57
0.072371 57
0.0776943 57
0.0704451 55
0.0689342 55
0.0682632 55
0.0709783 55
0.0691876 55
0.0711899 55
0.0688379 55
0.0692589 55
0.0688166 55
0.0684915 55
0.0746858 55
0.0767489 55
0.0730205 55
0.0731539 55
0.0713927 57
0.0707905 57
0.0682676 57
0.0691024 57
0.0683959 57
0.0697609 57
0.0682485 57
0.0683815 57
0.0707291 57
0.069818 57
0.076986 57
0.0815867 57
0.0743636 57
0.0761785 57
0.070421 57
0.06852 55
0.0721649 55
0.0684841 55
0.0707084 55
0.0688228 55
0.0708636 55
0.070107 55
0.0696412 55
0.0688457 55
0.0721839 55
0.0745461 55
0.0773535 55
0.0757157 55
0.0723929 55
0.0700691 56
0.0691818 56
0.0709128 56
0.0686781 56
0.0694225 56
0.0689169 56
0.0691415 56
0.0730089 56
0.0687403 56
0.0743719 56
0.0759146 56
0.0738031 56
0.0762015 56
0.0712555 56
0.0686076 55
0.0697694 55
0.0687372 55
0.0688893 55
0.0707724 55
0.0689539 55
0.0698541 55
0.0694997 55
0.0688936 55
0.0721894 55
0.0763071 55
0.074392 55
0.073034 55
0.0735611 55
0.0707322 56
0.0706767 56
0.0705716 56
0.0705477 56
0.0694047 56
0.069915 56
0.0697513 56
0.0696424 56
0.0691306 56
0.0722333 56
0.0772323 56
0.0756814 56
0.0733401 56
0.0715474 56
0.068944 56
0.0689654 56
0.0702112 56
0.072744 56
0.0690324 56
0.0721304 56
0.0692174 56
0.0736455 56
0.069438 56
0.0750678 56
0.0763294 56
0.0736694 56
0.0750448 56
0.074046 56
0.0705304 55
0.0710094 55
0.0693803 55
0.0709871 55
0.0696252 55
0.0716188 55
0.0698612 55
0.0703336 55
0.0692977 55
0.0755205 55
0.076208 55
0.0748468 55
0.0752366 55
0.0787369 55
0.0702932 55
0.0717532 55
0.0694292 55
0.0708942 55
0.0715444 55
0.072095 55
0.0694304 55
0.0716922 55
0.0700178 55
0.0758829 55
0.0754977 55
0.0742336 55
0.076238 55
0.0708847 55
0.0693125 55
0.069491 55
0.0713792 55
0.0704483 55
0.0720914 55
0.0694974 55
0.0724203 55
0.0705373 55
0.0735889 55
0.0760631 55
0.0746103 55
0.0775742 55
0.0778812 55
0.0706559 55
0.0694589 55
0.0713493 55
0.070365 55
0.0700885 55
0.0696791 55
0.0695664 55
0.0722796 55
0.0697706 55
0.0757756 55
0.0758885 55
0.0746475 55
0.0737706 55
0.0783722 55
0.069741 55
0.0705706 55
0.0694942 55
0.0729855 55
0.0699301 55
0.0732027 55
0.0695583 55
0.0719678 55
0.0696087 55
0.0736596 55
0.0759571 55
0.0750338 55
0.0738003 55
0.0737224 55
0.0712826 55
0.0748546 55
0.071117 55
0.0702639 55
0.0703661 55
0.0726404 55
0.0717244 55
0.0709123 55
0.0711333 55
0.0754883 55
0.0795141 55
0.0785577 55
0.0815518 55
0.0791479 55
0.0706197 55
0.07105 54
0.0706448 54
0.0707251 54
0.0700448 54
0.0761836 54
0.0726102 54
0.0700413 54
0.0743528 54
0.0772701 54
0.0760046 54
0.076996 54
0.0754092 54
0.0703001 54
0.0710606 54
0.0702053 54
0.0722151 54
0.0704067 54
0.0709283 54
0.0699901 54
0.0701247 54
0.07042 54
0.0767696 54
0.0780837 54
0.0755528 54
0.0741913 54
0.0761303 54
0.0705164 54
0.0708361 54
0.0706936 55
0.0703507 55
0.071296 55
0.0723574 55
0.0717269 55
0.0705485 55
0.0736519 55
0.0763992 55
0.0764114 55
0.0795041 55
0.0773974 55
0.0709323 55
0.0715421 55
0.0704176 55
0.070559 55
0.0705692 55
0.0714086 55
0.0708344 55
0.0722248 55
0.0729019 55
0.0716718 55
0.0797482 55
0.076926 55
0.0756395 55
0.0754594 55
0.073268 55
0.0708005 55
0.0712414 55
0.071963 55
0.0708828 55
0.0713225 55
0.0712263 55
0.0726684 55
0.0722331 55
0.0768013 55
0.0800245 55
0.0815688 55
0.0756484 55
0.072289 55
0.0781483 55
0.0720491 55
0.0714762 54
0.0735334 54
0.0709879 54
0.0748223 54
0.0726245 54
0.0717135 54
0.0749704 54
0.0773077 54
0.0757597 54
0.0779602 54
0.078109 54
0.0729735 54
0.0708852 54
0.0716886 54
0.0712948 53
0.0729982 53
0.0708239 53
0.0743961 53
0.0708542 53
0.0709668 53
0.074572 53
0.0773484 53
0.0766671 53
0.0775817 53
0.0750953 53
0.0716229 53
0.0746932 53
0.0724016 53
0.071339 55
0.0713184 55
0.0704682 55
0.0709252 55
0.0713251 55
0.0717349 55
0.077177 55
0.07794 55
0.0783186 55
0.077877 55
0.0767876 55
0.0709146 55
0.0750064 55
0.0707826 55
0.0707356 54
0.0719189 54
0.0709229 54
0.070728 54
0.0716968 54
0.0733052 54
0.0770545 54
0.0811157 54
0.0762015 54
0.0766224 54
0.071382 54
0.0794087 54
0.0734278 54
0.071635 54
0.0715722 54
0.0721007 54
0.0714727 54
0.0752313 54
0.0719023 54
0.0769696 54
0.0820428 54
0.0797291 54
0.0782311 54
0.0719968 54
0.0712739 54
0.0732456 54
0.0718297 54
0.0753129 54
0.0713205 54
0.0711452 54
0.0719846 54
0.0709358 54
0.0746141 54
0.0789866 54
0.076106 54
0.0763978 54
0.0771417 54
0.0718732 54
0.0718479 54
0.0717645 54
0.0712836 54
0.0732064 54
0.0717 54
0.0737462 54
0.0722952 54
0.0716062 54
0.0760931 54
0.0798911 54
0.0779159 54
0.0760573 54
0.075512 54
0.0710724 54
0.0720711 54
0.0714975 54
0.0714034 54
0.0751512 54
0.0744579 54
0.0723604 54
0.0712418 54
0.0740557 54
0.080893 54
0.0774512 54
0.0767111 54
0.0755866 54
0.0727212 54
0.0733441 54
0.0714004 54
0.0734982 54
0.0720515 53
0.0718345 53
0.071652 53
0.0726484 53
0.0719388 53
0.0763931 53
0.0789988 53
0.0804747 53
0.0787534 53
0.0730686 53
0.07212 53
0.0757218 53
0.0719449 53
0.0726612 53
0.0724307 54
0.0734469 54
0.075687 54
0.0720973 54
0.0755565 54
0.0801675 54
0.0793738 54
0.0794924 54
0.075648 54
0.0714753 54
0.0737942 54
0.0725412 54
0.0714527 54
0.0730591 53
0.0718582 53
0.0733538 53
0.0723828 53
0.0729063 53
0.0785215 53
0.0775845 53
0.0773972 53
0.0763047 53
0.0744186 53
0.0719398 53
0.0725784 53
0.0717014 53
0.072 53
0.0736107 54
0.0729497 54
0.0765982 54
0.0736056 54
0.0760187 54
0.0786895 54
0.0808952 54
0.0827893 54
0.0745524 54
0.0719979 54
0.0717447 54
0.0740304 54
0.0721735 54
0.0743743 53
0.0727908 53
0.0721358 53
0.0756155 53
0.07561 53
0.079926 53
0.0773639 53
0.0811194 53
0.0777777 53
0.0732721 53
0.072311 53
0.0753723 53
0.0730325 53
0.0721532 53
0.0743909 53
0.0724514 53
0.0729006 53
0.0743464 53
0.0797293 53
0.0785447 53
0.0781209 53
0.0844697 53
0.0777984 53
0.0752082 53
0.0736593 53
0.0732408 53
0.0764548 53
0.0721302 52
0.0722308 52
0.0746139 52
0.0724951 52
0.0797219 52
0.0805867 52
0.0798664 52
0.0787284 52
0.0725191 52
0.0723151 52
0.0739894 52
0.0732633 52
0.072598 52
0.0737802 52
0.073526 54
0.0756486 54
0.0744679 54
0.0780495 54
0.0793375 54
0.0804674 54
0.080188 54
0.0766944 54
0.0735911 54
0.0733761 54
0.0729569 54
0.0726039 54
0.0733042 54
0.0742796 52
0.0734372 52
0.0734371 52
0.0767123 52
0.0796917 52
0.0784711 52
0.0775187 52
0.0751572 52
0.0744973 52
0.0723341 52
0.0728995 52
0.0733826 52
0.0726871 52
0.0781419 52
0.073521 53
0.0733252 53
0.0765807 53
0.0818056 53
0.0817335 53
0.0791984 53
0.0806087 53
0.073255 53
0.0726489 53
0.0744403 53
0.0726709 53
0.0743428 53
0.0737159 53
0.0731176 52
0.07651 52
0.0747412 52
0.0772432 52
0.0791024 52
0.0782867 52
0.0814597 52
0.0766928 52
0.0747859 52
0.0724422 52
0.0748117 52
0.0739688 52
0.0730597 52
0.0790385 53
0.0746446 53
0.0743215 53
0.0790673 53
0.0827721 53
0.080084 53
0.0803912 53
0.0764665 53
0.0739046 53
0.0734766 53
0.0726143 53
0.0733671 53
0.0741605 53
0.0755117 53
0.0746412 52
0.0736752 52
0.0831217 52
0.0830303 52
0.0788986 52
0.0794206 52
0.0744959 52
0.0763981 52
0.0738193 52
0.0764474 52
0.0735641 52
0.0740794 52
0.0767748 52
0.0815733 52
0.0756125 52
0.0809332 52
0.0799587 52
0.0786842 52
0.0785216 52
0.0748778 52
0.0768385 52
0.0731213 52
0.0737865 52
0.0766589 52
0.0741953 52
0.0735912 52
0.0798653 51
0.0751103 51
0.0793868 51
0.0832758 51
0.0815738 51
0.0790435 51
0.0727824 51
0.074423 51
0.074314 51
0.0748723 51
0.0738664 51
0.0753579 51
0.0741223 51
0.0763677 53
0.0757871 53
0.0784424 53
0.0792396 53
0.0781571 53
0.07853 53
0.075739 53
0.0762331 53
0.0738867 53
0.0734289 53
0.0764066 53
0.073867 53
0.0746638 53
0.077288 52
0.0765147 52
0.0775935 52
0.0808099 52
0.0789635 52
0.0781412 52
0.0745039 52
0.0757215 52
0.0735849 52
0.0834563 52
0.0746684 52
0.0764211 52
0.0746585 52
0.0734376 52
0.0765069 53
0.0784004 53
0.0841948 53
0.0855976 53
0.208238 53
0.08472 53
0.078901 53
0.0788477 53
0.0761789 53
0.0789325 53
0.0758261 53
0.080064 45
0.145509 45
0.0833076 45
0.0799222 45
0.0761658 45
0.0815625 45
0.0780978 45
0.0772056 45
0.201228 45
0.0839992 45
0.0796372 41
0.0850403 41
0.0829626 41
0.0822828 41
0.0811005 41
0.0761575 41
0.0758126 41
0.0762934 41
0.0784299 41
