=============
GeForce GTX 1660 Ti with Max-Q Design (Deferred worst case) (Deferred)
1920, 1080
Viewport maximized: true
Window fullscreen: true
Position: -38.8, 5, -21.2
Rotation: 0, 0.874642, 0, -0.484769
Seed: 3596198240
Room count: 9
Light count: 9
Sat Jan 15 23:49:07 2022
0.0434213 99
0.0431622 99
0.0423183 99
0.0427226 99
0.0426863 99
0.0431155 99
0.0425063 99
0.0427718 99
0.0426171 99
0.0426307 99
0.0426601 99
0.0426808 99
0.0426133 99
0.0432717 99
0.0424078 99
0.0429123 99
0.0424993 99
0.0429622 99
0.0428522 99
0.0428512 99
0.0427895 99
0.0427847 99
0.0428667 99
0.0427454 99
0.0426258 99
0.0426326 99
0.0425982 99
0.0428185 99
0.0427711 99
0.042933 99
0.0425702 99
0.0431305 99
0.0425796 99
0.0428693 99
0.0432289 99
0.0424834 99
0.0426191 99
0.0427824 99
0.0428183 99
0.0428158 99
0.0426958 99
0.0426806 99
0.0425724 99
0.0429549 99
0.0426865 99
0.0429243 99
0.0428517 99
0.0427126 99
0.0427597 99
0.0427919 99
0.0427768 99
0.0427014 99
0.0430503 99
0.0423082 99
0.0427623 99
0.042932 99
0.0424622 99
0.0429298 99
0.042523 99
0.0425081 99
0.0427316 99
0.0428241 99
0.0426419 99
0.0427149 99
0.0427524 99
0.0426519 99
0.0427045 99
0.0427042 99
0.0427388 99
0.0426647 99
0.0427034 99
0.0427484 99
0.0427664 99
0.0427896 99
0.0425532 99
0.0427619 99
0.0426115 99
0.0427219 99
0.0426863 99
0.0427474 99
0.0427192 99
0.0426354 99
0.042648 99
0.0426964 99
0.0426702 99
0.0426823 99
0.0427709 99
0.0427918 99
0.0427662 99
0.0426854 99
0.0427207 99
0.0427859 99
0.0426736 99
0.0427687 99
0.0426885 99
0.0427249 99
0.0426749 99
0.0431054 99
0.0424245 99
0.04268 99
0.042712 99
0.0426862 99
0.0432259 99
0.0427936 99
0.0428016 99
0.0426995 99
0.0427232 99
0.0428051 99
0.0424712 99
0.0429282 99
0.0425726 99
0.0427936 99
0.0426642 99
0.0428949 99
0.0426899 99
0.0425506 99
0.0427313 99
0.0425701 99
0.0427776 99
0.0429056 99
0.0426446 99
0.0424725 99
0.0427444 99
0.042975 99
0.0424767 99
0.0427677 99
0.0429297 99
0.042505 99
0.0427653 99
0.0426335 99
0.0427304 99
0.0427167 99
0.0427557 99
0.0428267 99
0.0427103 99
0.0427235 99
0.0430953 99
0.0426467 99
0.0427244 99
0.0427257 99
0.0426585 99
0.0426493 99
0.0429487 99
0.0427964 99
0.0424309 99
0.0426123 99
0.0427318 99
0.0427043 99
0.042649 99
0.0426586 99
0.0427011 99
0.0425316 99
0.0428457 99
0.0426379 99
0.0427098 99
0.0427606 99
0.042699 99
0.042758 99
0.0427131 99
0.0427732 99
0.0427087 99
0.0429414 99
0.0426296 99
0.0428319 99
0.0425457 99
0.0429922 99
0.0424788 99
0.0427273 99
0.0425676 99
0.0426463 99
0.0427438 99
0.0428904 99
0.0426163 99
0.0426832 99
0.0427285 99
0.0425884 99
0.0427168 99
0.0427393 99
0.042745 99
0.0432357 99
0.0426996 99
0.0427467 99
0.0426279 99
0.0427764 99
0.0426316 99
0.0428071 99
0.0427421 99
0.0426603 99
0.0426366 99
0.0427976 99
0.0426761 99
0.0426419 99
0.0426949 99
0.0427513 99
0.0427387 99
0.042672 99
0.0429331 99
0.0425835 99
0.0426541 99
0.0427855 99
0.0428528 99
0.0429017 99
0.0426585 99
0.0427861 99
0.0426064 99
0.0425309 99
0.0429324 99
0.0426751 99
0.0428578 99
0.0426327 99
0.0426616 99
0.0430612 99
0.0427428 99
0.0427454 99
0.0427077 99
0.0426177 99
0.0427455 99
0.0426257 99
0.0426358 99
0.0426232 99
0.0428091 99
0.0426574 99
0.0428808 99
0.0425422 99
0.0428064 99
0.0428367 99
0.0427289 99
0.042735 99
0.0427714 99
0.0427189 99
0.0427386 99
0.0429016 99
0.0424076 99
0.0426413 99
0.042657 99
0.0427968 99
0.0426483 99
0.0427389 99
0.042814 99
0.0428771 99
0.0426071 99
0.0433019 99
0.0423972 99
0.0427241 99
0.0427315 99
0.0427006 99
0.0427246 99
0.0428659 99
0.0427747 99
0.0427867 99
0.0427174 99
0.0426655 99
0.042714 99
0.0427501 99
0.0427716 99
0.0425635 99
0.0427065 99
0.0427323 99
0.0427587 99
0.0426774 99
0.0426734 99
0.0431459 99
0.0427119 99
0.0428215 99
0.0427821 99
0.042767 99
0.0426941 99
0.0427635 99
0.0428122 99
0.0427312 99
0.0427455 99
0.0428224 99
0.0428886 99
0.042981 99
0.0431037 99
0.042372 99
0.0426638 99
0.0427497 99
0.0428068 99
0.0424894 99
0.0428772 99
0.0427464 99
0.0427064 99
0.042742 99
0.0426655 99
0.0426861 99
0.0427643 99
0.0426867 99
0.0426653 99
0.0427477 99
0.0426541 99
0.0427388 99
0.0427967 99
0.0426704 99
0.0429174 99
0.0427665 99
0.042644 99
0.0425813 99
0.0426058 99
0.0428748 99
0.0426673 99
0.0424272 99
0.0428229 99
0.0426029 99
0.0430078 99
0.0426564 99
0.0426168 99
0.0427062 99
0.0428128 99
0.0428269 99
0.0429042 99
0.0430668 99
0.0423722 99
0.042781 99
0.0426639 99
0.042655 99
0.0427512 99
0.0426843 99
0.0427905 99
0.0427443 99
0.0425958 99
0.0426979 99
0.0425947 99
0.042766 99
0.0427643 99
0.0427349 99
0.0426211 99
0.0427489 99
0.0427052 99
0.0428108 99
0.0428062 99
0.0428638 99
0.0427002 99
0.0426322 99
0.0426913 99
0.0427613 99
0.0427686 99
0.0430569 99
0.0424364 99
0.0426869 99
0.0429319 99
0.0426611 99
0.0427323 99
0.042673 99
0.0427626 99
0.0426335 99
0.0427371 99
0.0427501 99
0.0427315 99
0.0431026 99
0.0426323 99
0.0427733 99
0.0427648 99
0.0426837 99
0.0427356 99
0.0427848 99
0.0427588 99
0.0427966 99
0.0426956 99
0.0428032 99
0.0427286 99
0.0427434 99
0.0426454 99
0.0426955 99
0.0427733 99
0.0428253 99
0.0425216 99
0.0425748 99
0.042764 99
0.0427246 99
0.0427603 99
0.0427942 99
0.0427321 99
0.0428303 99
0.0425939 99
0.0427627 99
0.042661 99
0.042747 99
0.0426839 99
0.0429853 99
0.0424865 99
0.0429135 99
0.0425147 99
0.0429749 99
0.0425114 99
0.0427776 99
0.0432652 99
0.0427179 99
0.0424121 99
0.0426884 99
0.0427911 99
0.0426647 99
0.0427491 99
0.0427306 99
0.0430023 99
0.0425083 99
0.0427001 99
0.0427183 99
0.042617 99
0.0427787 99
0.0426698 99
0.0426888 99
0.0427651 99
0.0427104 99
0.0427434 99
0.0426154 99
0.0427842 99
0.0428608 99
0.0426112 99
0.0428106 99
0.0425565 99
0.0430053 99
0.0427145 99
0.0426889 99
0.0427747 99
0.0427907 99
0.0426677 99
0.0426939 99
0.0426329 99
0.0426275 99
0.0426787 99
0.0427188 99
0.0427484 99
0.0428368 99
0.0426992 99
0.042879 99
0.0426346 99
0.0428004 99
0.0426268 99
0.0426905 99
0.0427454 99
0.0427182 99
0.0427109 99
0.0427531 99
0.0428401 99
0.0424967 99
0.0432157 99
0.0426551 99
0.0426347 99
0.0426697 99
0.0428434 99
0.0426479 99
0.042748 99
0.0427237 99
0.0426867 99
0.0427684 99
0.0426809 99
0.0426985 99
0.0428151 99
0.0426928 99
0.0428182 99
0.0426517 99
0.0427512 99
0.0427375 99
0.0427214 99
0.0427509 99
0.0427828 99
0.0428113 99
0.0428215 99
0.0426687 99
0.0427451 99
0.0427202 99
0.0427289 99
0.0428611 99
0.0426435 99
0.0428243 99
0.042546 99
0.042616 99
0.042776 99
0.0427066 99
0.0427232 99
0.0428096 99
0.0426521 99
0.0427126 99
0.0428054 99
0.0427144 99
0.0427992 99
0.0425911 99
0.0427467 99
0.0427967 99
0.0427304 99
0.0427772 99
0.0426358 99
0.0427227 99
0.042784 99
0.0426734 99
0.0429714 99
0.0426647 99
0.0428437 99
0.0426342 99
0.0428735 99
0.0427903 99
0.0427012 99
0.0427649 99
0.0427501 99
0.0427204 99
0.0426029 99
0.0426907 99
0.04276 99
0.042806 99
0.0426561 99
0.0427745 99
0.0428991 99
0.0428696 99
0.0427903 99
0.0427116 99
0.0430604 99
0.0429073 99
0.0430498 99
0.0428272 99
0.042651 99
0.043239 99
0.0425896 99
0.0427672 99
0.0427897 99
0.0427206 99
0.0427413 99
0.0426609 99
0.0427064 99
0.0427886 99
0.0426098 99
0.0427445 99
0.0426341 99
0.0427096 99
0.0428188 99
0.0426536 99
0.0427228 99
0.0426991 99
0.0426708 99
0.0426764 99
0.0428852 99
0.0428989 99
0.0425754 99
0.0427594 99
0.0429169 99
0.0427933 99
0.0430369 99
0.0428361 99
0.04277 99
0.042833 99
0.0428983 99
0.0427368 99
0.0426716 99
0.0427718 99
0.0428658 99
0.0426541 99
0.0428092 99
0.0428834 99
0.0425521 99
0.0427745 99
0.0426424 99
0.0427598 99
0.0428095 99
0.042763 99
0.042707 99
0.0428334 99
0.0428508 99
0.0428277 99
0.0427174 99
0.0427967 99
0.042779 99
0.0433376 99
0.0426795 99
0.0428095 99
0.0426824 99
0.0428264 99
0.042773 99
0.0429839 99
0.0427096 99
0.042649 99
0.0426189 99
0.0430656 99
0.0427436 99
0.0428265 99
0.0428936 99
0.042718 99
0.0428296 99
0.0428884 99
0.0428194 99
0.0428144 99
0.0427932 99
0.0427429 99
0.0427933 99
0.0428536 99
0.0429826 99
0.0428087 99
0.0433038 99
0.0426965 99
0.0427831 99
0.0427033 99
0.0429123 99
0.0429454 99
0.042826 99
0.0427934 99
0.0426855 99
0.0428326 99
0.0429723 99
0.0427232 99
0.0428306 99
0.0427663 99
0.0430114 99
0.0426307 99
0.0430038 99
0.0427283 99
0.0427317 99
0.0427892 99
0.0428691 99
0.0428237 99
0.0428297 99
0.0428667 99
0.0427184 99
0.0428067 99
0.0428178 99
0.0429826 99
0.042687 99
0.0428108 99
0.0427746 99
0.0427911 99
0.0429621 99
0.0427642 99
0.0429862 99
0.0429241 99
0.0428455 99
0.042575 99
0.0429645 99
0.0427863 99
0.0428243 99
0.0428068 99
0.042754 99
0.0427569 99
0.0428506 99
0.0428623 99
0.042826 99
0.042813 99
0.0429919 99
0.0427945 99
0.0432157 99
0.0429966 99
0.0427647 99
0.0427427 99
0.0427598 99
0.0428556 99
0.0427955 99
0.0427734 99
0.0428771 99
0.0427174 99
0.0429146 99
0.042783 99
0.0428847 99
0.0427612 99
0.042749 99
0.0428577 99
0.0429039 99
0.0430185 99
0.0428945 99
0.0427295 99
0.0428849 99
0.0428915 99
0.0427992 99
0.0428493 99
0.0427296 99
0.0431598 99
0.0427665 99
0.0427911 99
0.042861 99
0.0427546 99
0.0427128 99
0.0428475 99
0.0426779 99
0.0428322 99
0.0428328 99
0.0427341 99
0.0427695 99
0.0428204 99
0.0428907 99
0.0427579 99
0.0428163 99
0.0428565 99
0.0429098 99
0.0428398 99
0.0427598 99
0.0428229 99
0.0428861 99
0.0429203 99
0.0428957 99
0.0425349 99
0.0427848 99
0.0428277 99
0.0427714 99
0.0427996 99
0.0428134 99
0.0428729 99
0.042747 99
0.0428002 99
0.0426803 99
0.0427551 99
0.0428063 99
0.0427056 99
0.0428182 99
0.0428385 99
0.0429835 99
0.0428179 99
0.0428502 99
0.0426475 99
0.0428758 99
0.0429264 99
0.042768 99
0.0428821 99
0.0428671 99
0.0427223 99
0.0429142 99
0.0428286 99
0.0437244 99
0.0429467 99
0.0426686 99
0.04269 99
0.0427969 99
0.043094 99
0.0426871 99
0.0427375 99
0.0427577 99
0.0429638 99
0.042799 99
0.0430281 99
0.0427534 99
0.0429502 99
0.0428463 99
0.0427884 99
0.0427507 99
0.0428813 99
0.0426819 99
0.0428109 99
0.0430216 99
0.0428692 99
0.0433428 99
0.0429459 99
0.0427098 99
0.0430132 99
0.0427393 99
0.0427885 99
0.0427271 99
0.0429911 99
0.0428311 99
0.0429047 99
0.0429378 99
0.0428004 99
0.0427611 99
0.0430198 99
0.0426631 99
0.0427906 99
0.0429726 99
0.0428429 99
0.0428834 99
0.0428954 99
0.0427636 99
0.0425961 99
0.0428839 99
0.0427625 99
0.0429291 99
0.0428368 99
0.0432275 99
0.0428422 99
0.0428627 99
0.0428453 99
0.0428091 99
0.0427556 99
0.042711 99
0.0429063 99
0.0427477 99
0.0428437 99
0.0427631 99
0.0428124 99
0.042746 99
0.0427236 99
0.043024 99
0.0432062 99
0.042647 99
0.0430186 99
0.0428196 99
0.042633 99
0.0427537 99
0.0427856 99
0.0430153 99
0.0427944 99
0.0427592 99
0.0431353 99
0.0428856 99
0.0427745 99
0.0428914 99
0.0429365 99
0.0426921 99
0.0429677 99
0.0429579 99
0.0429627 99
0.0427575 99
0.0428916 99
0.0430103 99
0.0427956 99
0.0428598 99
0.0428306 99
0.0427435 99
0.042863 99
0.0428837 99
0.0428092 99
0.0427897 99
0.042945 99
0.0426654 99
0.0429247 99
0.0428041 99
0.0428531 99
0.0432309 99
0.0426296 99
0.0428827 99
0.0428293 99
0.0430223 99
0.0428344 99
0.0427667 99
0.0427225 99
0.042796 99
0.0428828 99
0.0428368 99
0.0428747 99
0.042874 99
0.0429586 99
0.0428132 99
0.0428082 99
0.0429487 99
0.0429006 99
0.0429035 99
0.0428924 99
0.0428724 99
0.0431496 99
0.0427264 99
0.0427496 99
0.0428331 99
0.0429034 99
0.0427522 99
0.0429162 99
0.0429017 99
0.0428248 99
0.0429525 99
0.0427969 99
0.042888 99
0.0428357 99
0.0429535 99
0.0428853 99
0.0428187 99
0.0429825 99
0.0428722 99
0.0428496 99
0.0428283 99
0.0430191 99
0.0429793 99
0.0430417 99
0.0428828 99
0.0427703 99
0.0427912 99
0.0427536 99
0.042877 99
0.0427161 99
0.0429014 99
0.0429294 99
0.0430031 99
0.0428804 99
0.0428723 99
0.0429027 99
0.0427356 99
0.0428159 99
0.0427287 99
0.0428145 99
0.0428194 99
0.0428635 99
0.0427791 99
0.0427829 99
0.0428922 99
0.0430155 99
0.04276 99
0.0429071 99
0.0427983 99
0.0428075 99
0.0427522 99
0.0427673 99
0.0429839 99
0.0428908 99
0.0431033 99
0.0425868 99
0.0429613 99
0.042725 99
0.0429131 99
0.0428284 99
0.042738 99
0.0428179 99
0.0427775 99
0.0428455 99
0.0429173 99
0.0428873 99
0.0432942 99
0.0429808 99
0.0427757 99
0.0428705 99
0.0427759 99
0.0427116 99
0.042926 99
0.0428539 99
0.0429043 99
0.042953 99
0.0428141 99
0.0428533 99
0.04273 99
0.042787 99
0.0432378 99
0.0427103 99
0.0427925 99
0.0428279 99
0.0428912 99
0.0427842 99
0.0428962 99
0.0427684 99
0.0431546 99
0.0428154 99
0.0429376 99
0.0429419 99
0.0428113 99
0.0429293 99
0.0428825 99
0.0429678 99
0.0427069 99
0.0427957 99
0.0427618 99
0.0430112 99
0.0429604 99
0.0428282 99
0.0426854 99
0.0428248 99
0.0429061 99
0.0431915 99
0.0427547 99
0.0428829 99
0.0427072 99
0.0429108 99
0.0428414 99
0.0428883 99
0.0429113 99
0.0428573 99
0.0427427 99
0.0427965 99
0.0428404 99
0.0428511 99
0.0427928 99
0.0428303 99
0.0427221 99
0.0428527 99
0.042837 99
0.0430895 99
0.0428687 99
0.0428225 99
0.0427917 99
0.0428913 99
0.0428198 99
0.0429797 99
0.0431838 99
0.0428555 99
0.0428752 99
0.0429773 99
0.0427606 99
0.0430931 99
0.0430428 99
0.0427647 99
0.0428976 99
0.0426875 99
0.0428993 99
0.0427401 99
0.0429805 99
0.0427115 99
0.0428972 99
0.0429441 99
0.042902 99
0.0428294 99
0.0427329 99
0.042895 99
0.0427395 99
0.0427767 99
0.0428802 99
0.0428183 99
0.0428656 99
0.0432894 99
0.0430295 99
0.0427852 99
0.0429594 99
0.0427048 99
0.0429209 99
0.0429001 99
0.042776 99
0.042946 99
0.0429446 99
0.0426689 99
0.0428635 99
0.042879 99
0.0428774 99
0.0429284 99
0.0427852 99
0.0428127 99
0.0428202 99
0.0428061 99
0.0427443 99
0.0429027 99
0.0428887 99
0.0429625 99
0.0429201 99
0.0428765 99
0.0433434 99
0.0427176 99
0.0429172 99
0.0427662 99
0.0429074 99
0.0429183 99
0.042744 99
0.0429905 99
0.0428653 99
0.0427293 99
0.0428905 99
0.0429097 99
0.0427896 99
0.0429656 99
0.042732 99
0.0428939 99
0.0427356 99
0.0429022 99
0.0429629 99
0.0427654 99
0.0427899 99
0.0428515 99
0.042935 99
0.0428419 99
0.0429064 99
0.0429889 99
0.0428343 99
0.0428596 99
0.0428993 99
0.0429381 99
0.0428382 99
0.0428603 99
0.0428493 99
0.0429669 99
0.0428554 99
0.0427417 99
0.0427856 99
0.042847 99
0.0430378 99
0.0428758 99
0.0427668 99
0.0428523 99
0.0428584 99
0.0429123 99
0.0429431 99
0.0428829 99
0.0428675 99
0.0428379 99
0.0427793 99
0.0429657 99
0.0433392 99
0.0427741 99
0.0429512 99
0.0428717 99
0.042903 99
0.0428343 99
0.0429136 99
0.0426909 99
0.0428166 99
0.0429373 99
0.0426109 99
0.0428445 99
0.0428836 99
0.0428734 99
0.042772 99
0.0427415 99
0.0431716 99
0.0427642 99
0.0427846 99
0.0427098 99
0.0430276 99
0.042941 99
0.0427995 99
0.0430153 99
0.0428303 99
0.0433885 99
0.0429525 99
0.0428998 99
0.0428482 99
0.0429284 99
0.0428116 99
0.0428559 99
0.0427851 99
0.0430057 99
0.0428787 99
0.0427903 99
0.0427595 99
0.0427415 99
0.0429906 99
0.042871 99
0.0428638 99
0.0428296 99
0.0429055 99
0.0429247 99
0.0428619 99
0.042809 99
0.0428814 99
0.042924 99
0.0429179 99
0.0431314 99
0.0430518 99
0.0428454 99
0.0428276 99
0.0428459 99
0.0428841 99
0.0429279 99
0.0428544 99
0.0429951 99
0.0426965 99
0.0429421 99
0.0428706 99
0.0428921 99
0.0428485 99
0.0429456 99
0.0429879 99
0.0428759 99
0.0430451 99
0.0429651 99
0.0429267 99
0.0428758 99
0.0428298 99
0.042824 99
0.0428113 99
0.0428482 99
0.0428 99
0.0428877 99
0.0428986 99
0.0427706 99
0.0429397 99
0.0429015 99
0.042685 99
0.0429506 99
0.0427815 99
0.042754 99
0.0429157 99
0.0429146 99
0.0429817 99
0.0429589 99
0.0428902 99
0.0428074 99
0.0428658 99
0.0429707 99
0.0428592 99
0.0428816 99
0.0428441 99
0.0428452 99
0.0429796 99
0.0427144 99
0.0429281 99
0.0428415 99
0.0428773 99
0.0429737 99
0.0428817 99
0.0427595 99
0.0426961 99
0.042903 99
0.0428294 99
0.0429161 99
0.0427337 99
0.0428444 99
0.0429156 99
0.0429136 99
0.0426494 99
0.0429035 99
0.0430236 99
0.0427582 99
0.0431472 99
0.0428412 99
0.0427502 99
0.0429192 99
0.0429925 99
0.0430494 99
0.0428542 99
0.0428743 99
0.0432142 99
0.0427263 99
0.0427768 99
0.0428321 99
0.0429932 99
0.0428809 99
0.0429471 99
0.0429014 99
0.042772 99
0.0430172 99
0.0429579 99
0.0428169 99
0.0428863 99
0.0429639 99
0.0429625 99
0.0429138 99
0.0430186 99
0.0428825 99
0.0435069 99
0.04259 99
0.0429178 99
0.0427948 99
0.0430256 99
0.0428913 99
0.0428911 99
0.0428168 99
0.0430671 99
0.0429217 99
0.0428954 99
0.0427953 99
0.0428871 99
0.0429088 99
0.0428637 99
0.0428894 99
0.0428484 99
0.0429754 99
0.0430073 99
0.042741 99
0.0428547 99
0.0428491 99
0.0427746 99
0.0428616 99
0.0427741 99
0.0430037 99
0.0428247 99
0.0428692 99
0.0429297 99
0.0428676 99
0.0430041 99
0.0427778 99
0.0428571 99
0.0429144 99
0.0429605 99
0.0429468 99
0.0428056 99
0.0428929 99
0.0430005 99
0.042917 99
0.0428868 99
0.0430238 99
0.0429607 99
0.0429104 99
0.0428214 99
0.0429165 99
0.0428076 99
0.0429314 99
0.0426315 99
0.043017 99
0.0428965 99
0.0430231 99
0.0428156 99
0.0428738 99
0.0428783 99
0.0430658 99
0.0428284 99
0.0428956 99
0.0429397 99
0.0429822 99
0.0427821 99
0.0429277 99
0.0429281 99
0.0428928 99
0.0428627 99
0.0427605 99
0.0429262 99
0.0429238 99
0.0431681 99
0.042695 99
0.0428324 99
0.042978 99
0.0429524 99
0.0427975 99
0.04289 99
0.0429029 99
0.0428374 99
0.0428564 99
0.0429628 99
0.0428449 99
0.0429217 99
0.0430269 99
0.0427931 99
0.0433548 99
0.042833 99
0.0428526 99
0.0429685 99
0.0429141 99
0.042853 99
0.0428996 99
0.0429288 99
0.0429446 99
0.0429192 99
0.0431963 99
0.0426116 99
0.0428682 99
0.042924 99
0.0428126 99
0.0429623 99
0.0428187 99
0.0428746 99
0.043025 99
0.0426865 99
0.0429781 99
0.0429975 99
0.0429503 99
0.0430347 99
0.0429373 99
0.0432073 99
0.0428321 99
0.0428703 99
0.042982 99
0.0427659 99
0.0429256 99
0.0429172 99
0.042952 99
0.04281 99
0.0429641 99
0.0428751 99
0.0429258 99
0.0428295 99
0.042985 99
0.0430423 99
0.0429338 99
0.0428635 99
0.0429839 99
0.0428803 99
0.0429224 99
0.0429095 99
0.0429402 99
0.0429348 99
0.0429328 99
0.0428669 99
0.0432032 99
0.0431284 99
0.0427708 99
0.0429539 99
0.0432969 99
0.0425588 99
0.042865 99
0.0430261 99
0.0428956 99
0.0427114 99
0.0428205 99
0.0429525 99
0.0428562 99
0.0428663 99
0.0428562 99
0.0428994 99
0.0429354 99
0.0429186 99
0.042925 99
0.0428555 99
0.042904 99
0.0428475 99
0.0429436 99
0.0428789 99
0.0430714 99
0.0432684 99
0.0428798 99
0.0427582 99
0.0428903 99
0.0431651 99
0.0427493 99
0.0429796 99
0.0428118 99
0.0428832 99
0.0429543 99
0.0428596 99
0.0428818 99
0.0429151 99
0.0428965 99
0.0428815 99
0.0429395 99
0.0428549 99
0.0429519 99
0.0429133 99
0.0429103 99
0.0429768 99
0.042865 99
0.0427813 99
0.0429804 99
0.0429667 99
0.0432555 99
0.0428208 99
0.0429604 99
0.0427811 99
0.0429022 99
0.0428457 99
0.0429664 99
0.0429876 99
0.0430224 99
0.0429108 99
0.0428806 99
0.0429756 99
0.0428367 99
0.042847 99
0.0429941 99
0.042928 99
0.0428746 99
0.0429599 99
0.0427817 99
0.0428461 99
0.042888 99
0.0428619 99
0.0430746 99
0.042892 99
0.0428903 99
0.0434639 99
0.0429017 99
0.0429285 99
0.0429017 99
0.0429685 99
0.0428882 99
0.042877 99
0.0428789 99
0.0428589 99
0.0429311 99
0.0429405 99
0.0428348 99
0.0429163 99
0.0429016 99
0.0428463 99
0.0429145 99
0.042997 99
0.042901 99
0.042918 99
0.0429717 99
0.0430168 99
0.0430043 99
0.0429907 99
0.0429551 99
0.0428921 99
0.0428712 99
0.0429883 99
0.0428841 99
0.0427427 99
0.0429696 99
0.0429073 99
0.0429601 99
0.0428803 99
0.0430128 99
0.0429205 99
0.0429613 99
0.0428319 99
0.0429096 99
0.0428613 99
0.042888 99
0.042979 99
0.0427997 99
0.0428052 99
0.0429281 99
0.0430407 99
0.0429937 99
0.0430656 99
0.0430311 99
0.0429106 99
0.0430983 99
0.0428499 99
0.0428203 99
0.0429307 99
0.0428211 99
0.0430573 99
0.0429476 99
0.0428348 99
0.0428945 99
0.0429783 99
0.0429469 99
0.0430899 99
0.042917 99
0.0427939 99
0.0429461 99
0.0427105 99
0.0429011 99
0.0429686 99
0.0429474 99
0.0430389 99
0.0427746 99
0.0430199 99
0.0428647 99
0.0428307 99
0.0428468 99
0.0428823 99
0.0428625 99
0.0428625 99
0.0430904 99
0.0428877 99
0.0430579 99
0.0430362 99
0.0430158 99
0.0429689 99
0.0429826 99
0.0430315 99
0.0430128 99
0.0428218 99
0.0429457 99
0.0426823 99
0.0429478 99
0.0428325 99
0.0428106 99
0.0431122 99
0.0429496 99
0.0427248 99
0.0430131 99
0.0429708 99
0.0429075 99
0.0428267 99
0.0429659 99
0.0428504 99
0.0431311 99
0.0428508 99
0.0427846 99
0.0428792 99
0.0429398 99
0.0430095 99
0.0428472 99
0.0429228 99
0.0429643 99
0.0428443 99
0.042861 99
0.0429455 99
0.0428438 99
0.0428989 99
0.043022 99
0.0428019 99
0.0430197 99
0.04291 99
0.0428301 99
0.0428898 99
0.0430108 99
0.0427776 99
0.0428744 99
0.0428642 99
0.042906 99
0.0430522 99
0.042911 99
0.0429666 99
0.0429381 99
0.043019 99
0.0428034 99
0.0428428 99
0.042969 99
0.0428758 99
0.0431331 99
0.0425978 99
0.0432605 99
0.0431139 99
0.0428584 99
0.042845 99
0.0428992 99
0.042906 99
0.0428665 99
0.0430388 99
0.0428867 99
0.0428284 99
0.0428568 99
0.0429158 99
0.0429558 99
0.0429701 99
0.0429301 99
0.0427268 99
0.0428276 99
0.0429449 99
0.0428732 99
0.0428985 99
0.0429556 99
0.0429922 99
0.0429835 99
0.0430392 99
0.0429172 99
0.042902 99
0.0428921 99
0.0427094 99
0.042958 99
0.0428063 99
0.0429438 99
0.0429916 99
0.0427735 99
0.043009 99
0.0430578 99
0.0429893 99
0.0429916 99
0.0430808 99
0.0429155 99
0.0429796 99
0.0428206 99
0.042776 99
0.0430165 99
0.0430532 99
0.0429647 99
0.0434333 99
0.0426877 99
0.0428925 99
0.043111 99
0.0429175 99
0.0429401 99
0.0427979 99
0.0429166 99
0.0428757 99
0.0428104 99
0.0430261 99
0.0429661 99
0.0429007 99
0.0428128 99
0.0429354 99
0.0428886 99
0.0427594 99
0.0429875 99
0.0429131 99
0.0429078 99
0.0430184 99
0.0431274 99
0.0430361 99
0.0430494 99
0.0431226 99
0.042944 99
0.0428704 99
0.0430329 99
0.0428352 99
0.0428386 99
0.0429641 99
0.0428273 99
0.0429349 99
0.0430854 99
0.0428932 99
0.0428832 99
0.0428723 99
0.0429651 99
0.0428721 99
0.0429078 99
0.0429207 99
0.0429257 99
0.0429968 99
0.0430499 99
0.0428831 99
0.0428546 99
0.042859 99
0.0431065 99
0.043446 99
0.0429557 99
0.0428846 99
0.0429402 99
0.0430689 99
0.0427719 99
0.0430989 99
0.0429672 99
0.0428965 99
0.0428883 99
0.0429281 99
0.043039 99
0.0428383 99
0.0428329 99
0.0429624 99
0.0428571 99
0.0429944 99
0.0428808 99
0.043085 99
0.0429616 99
0.0430984 99
0.0429112 99
0.0430107 99
0.0428862 99
0.0428601 99
0.04323 99
0.0429317 99
0.0429493 99
0.0430473 99
0.0430239 99
0.0428688 99
0.0429347 99
0.0429212 99
0.0430158 99
0.0427366 99
0.0429234 99
0.0430923 99
0.0427986 99
0.0430378 99
0.042967 99
0.0431289 99
0.0430042 99
0.0431368 99
0.0429762 99
0.0429144 99
0.043003 99
0.0428776 99
0.042965 99
0.0428376 99
0.0429722 99
0.0433553 99
0.042903 99
0.0428566 99
0.0430907 99
0.0428873 99
0.0430726 99
0.0427912 99
0.043013 99
0.0428491 99
0.0429131 99
0.0428911 99
0.0431523 99
0.0430231 99
0.0430177 99
0.0430883 99
0.0429718 99
0.0429604 99
0.042939 99
0.042817 99
0.042813 99
0.0430737 99
0.0426562 99
0.0433543 99
0.0429962 99
0.0428629 99
0.0431777 99
0.0429806 99
0.042861 99
0.042975 99
0.0430305 99
0.0429 99
0.0427381 99
0.0428754 99
0.0429547 99
0.0428484 99
0.043143 99
0.0430069 99
0.0428614 99
0.0430093 99
0.0428605 99
0.0429542 99
0.0430465 99
0.0430243 99
0.0429356 99
0.0428505 99
0.0430515 99
0.0430025 99
0.0429093 99
0.0429136 99
0.04313 99
0.0433488 99
0.0429135 99
0.0433203 99
0.0428782 99
0.0428189 99
0.0429273 99
0.0429221 99
0.0431878 99
0.0428311 99
0.0430714 99
0.0427578 99
0.0428496 99
0.0429691 99
0.0429111 99
0.0429525 99
0.0428576 99
0.0429799 99
0.0430212 99
0.0429185 99
0.0431409 99
0.0425657 99
0.043047 99
0.0429754 99
0.0430144 99
0.0429183 99
0.0432965 99
0.0428367 99
0.0430557 99
0.0429261 99
0.0427179 99
0.0431331 99
0.0428901 99
0.0430054 99
0.0427642 99
0.0430504 99
0.0430123 99
0.0430484 99
0.0427257 99
0.04311 99
0.0430804 99
0.042768 99
0.0429667 99
0.0428194 99
0.0432162 99
0.0428501 99
0.0428652 99
0.0430122 99
0.0429232 99
0.0430587 99
0.0430677 99
0.0433475 99
0.0429885 99
0.0426333 99
0.0428908 99
0.0430205 99
0.042767 99
0.0431028 99
0.042829 99
0.0429557 99
0.0427127 99
0.0429495 99
0.0430094 99
0.0429789 99
0.0430648 99
0.042968 99
0.0428808 99
0.0429358 99
0.0428762 99
0.0429079 99
0.0432017 99
0.0430032 99
0.0430439 99
0.0430322 99
0.0429633 99
0.0430252 99
0.043198 99
0.0430692 99
0.0427576 99
0.0427708 99
0.0430252 99
0.0427417 99
0.0429153 99
0.0430147 99
0.042812 99
0.0430035 99
0.0428717 99
0.0430402 99
0.0429505 99
0.0430271 99
0.0429377 99
0.0429658 99
0.0429489 99
0.0430516 99
0.0431763 99
0.0429203 99
0.0428607 99
0.0430452 99
0.0430765 99
0.042874 99
0.043137 99
0.0432031 99
0.0430188 99
0.0428319 99
0.0430295 99
0.0428409 99
0.0428762 99
0.0431331 99
0.0430472 99
0.0427618 99
0.043164 99
0.0429069 99
0.0431971 99
0.0429348 99
0.042862 99
0.0431189 99
0.0430935 99
0.0429397 99
0.0429136 99
0.043326 99
0.042817 99
0.043109 99
0.0429906 99
0.0428376 99
0.043181 99
0.0428527 99
0.0435547 99
0.0427448 99
0.0429784 99
0.0429293 99
0.0428304 99
0.0431855 99
0.0428329 99
0.0429556 99
0.0431263 99
0.0429045 99
0.0428597 99
0.0431238 99
0.0430185 99
0.0428716 99
0.0431095 99
0.0428277 99
0.0431616 99
0.0428119 99
0.0429192 99
0.0429938 99
0.0431435 99
0.0428926 99
0.0429735 99
0.0429347 99
0.0431177 99
0.0433517 99
0.0427757 99
0.0432282 99
0.0429141 99
0.0430657 99
0.0430257 99
0.042883 99
0.0429815 99
0.042889 99
0.0429057 99
0.0430399 99
0.0430114 99
0.042987 99
0.0430965 99
0.0427693 99
0.0430941 99
0.042989 99
0.043042 99
0.0430984 99
0.043089 99
0.0428947 99
0.0431363 99
0.0427626 99
0.043078 99
0.042854 99
0.0434737 99
0.0427012 99
0.0428945 99
0.0429592 99
0.0433551 99
0.0428382 99
0.042918 99
0.0431039 99
0.0430267 99
0.0430155 99
0.0429505 99
0.0430216 99
0.0430506 99
0.0431209 99
0.0429167 99
0.0431125 99
0.0428345 99
0.042955 99
0.0429962 99
0.0429165 99
0.0432089 99
0.0427426 99
0.0430218 99
0.0429554 99
0.043002 99
0.0434007 99
0.0428941 99
0.0430517 99
0.0427697 99
0.0428805 99
0.0431194 99
0.0428162 99
0.0431299 99
0.0428682 99
0.0431449 99
0.0429688 99
0.0430681 99
0.0430353 99
0.0429821 99
0.042995 99
0.0429636 99
0.042982 99
0.0431716 99
0.0428889 99
0.0429494 99
0.0429666 99
0.0428345 99
0.0430021 99
0.0428495 99
0.0428446 99
0.0430498 99
0.0429385 99
0.0429814 99
0.0431327 99
0.0430709 99
0.0429714 99
0.0430692 99
0.0430435 99
0.0428691 99
0.0429632 99
0.0429562 99
0.0430443 99
0.0432023 99
0.0430814 99
0.0429935 99
0.0430471 99
0.042984 99
0.0427836 99
0.0430018 99
0.0429913 99
0.0429251 99
0.0429372 99
0.04287 99
0.0428249 99
0.0433069 99
0.0432476 99
0.04287 99
0.0430946 99
0.0429562 99
0.0430019 99
0.043029 99
0.0430435 99
0.0427061 99
0.042963 99
0.0429907 99
0.0429892 99
0.0430246 99
0.0431494 99
0.0429785 99
0.0429267 99
0.0432863 99
0.0431786 99
0.0429685 99
0.0428529 99
0.0428955 99
0.0429863 99
0.0428779 99
0.0430223 99
0.0430381 99
0.0429939 99
0.0429995 99
0.0429648 99
0.0430779 99
0.0428961 99
0.0429172 99
0.0428584 99
0.0430976 99
0.0432381 99
0.0429222 99
0.0429592 99
0.0429557 99
0.0431438 99
0.0429825 99
0.0428952 99
0.042921 99
0.0429778 99
0.0429356 99
0.0429044 99
0.0430699 99
0.0430416 99
0.0430029 99
0.0429308 99
0.0430258 99
0.0429652 99
0.0429956 99
0.0433428 99
0.0429862 99
0.0442498 99
0.0416169 99
0.0430562 99
0.0430223 99
0.0429475 99
0.0431087 99
0.0431572 99
0.042812 99
0.042966 99
0.0429241 99
0.042836 99
0.0429085 99
0.0428944 99
0.0430611 99
0.0430895 99
0.0430575 99
0.0430833 99
0.0430123 99
0.0430571 99
0.0430109 99
0.0430759 99
0.0431196 99
0.0429954 99
0.0433326 99
0.042906 99
0.0429572 99
0.043041 99
0.0429414 99
0.0430332 99
0.0430603 99
0.0430439 99
0.0429675 99
0.043073 99
0.0429785 99
0.0429916 99
0.0429735 99
0.0427947 99
0.0430823 99
0.0430353 99
0.0429694 99
0.0432012 99
0.0428853 99
0.0429874 99
0.0430839 99
0.0430609 99
0.0428598 99
0.0429713 99
0.0429331 99
0.0433555 99
0.0430049 99
0.0428934 99
0.0430057 99
0.0429602 99
0.0430181 99
0.0430431 99
0.0431304 99
0.0427666 99
0.0430674 99
0.0427863 99
0.0430058 99
0.0450644 99
0.0482995 99
0.0364474 99
0.0418311 99
0.04323 99
0.0431284 99
0.0428717 99
0.0430405 99
0.0430999 99
0.0429077 99
0.0430547 99
0.0428836 99
0.0430937 99
0.0432546 99
0.0429155 99
0.0431396 99
0.0430097 99
0.0429891 99
0.0429602 99
0.043019 99
0.0429768 99
0.0429207 99
0.0428583 99
0.0428177 99
0.0430407 99
0.0430171 99
0.0428644 99
0.0430448 99
0.0430597 99
0.04289 99
0.0429713 99
0.0431037 99
0.0429033 99
0.0429718 99
0.0429556 99
0.0429878 99
0.0429228 99
0.0429522 99
0.0429883 99
0.042977 99
0.0430496 99
0.0428864 99
0.0428939 99
0.0429686 99
0.0428571 99
0.0431453 99
0.0430594 99
0.0429609 99
0.0430216 99
0.042783 99
0.0430825 99
0.0429955 99
0.0430348 99
0.0430533 99
0.0429373 99
0.0430957 99
0.0430968 99
0.0429412 99
0.0428816 99
0.0428887 99
0.043047 99
0.0430016 99
0.0431807 99
0.0429399 99
0.0429444 99
0.0429375 99
0.0429853 99
0.0427805 99
0.0428188 99
0.0429566 99
0.0430178 99
0.0429566 99
0.043029 99
0.0429467 99
0.0430711 99
0.0429286 99
0.0430152 99
0.0430635 99
0.0429751 99
0.0430264 99
0.0430457 99
0.0429879 99
0.0431367 99
0.0430662 99
0.0429312 99
0.043018 99
0.0429229 99
0.0428777 99
0.0429186 99
0.0429512 99
0.0429883 99
0.0430776 99
0.0428532 99
0.0429779 99
0.0430391 99
0.0431756 99
0.0429609 99
0.0431025 99
0.042964 99
0.0429293 99
0.043206 99
0.0429242 99
0.0430294 99
0.0430407 99
0.043009 99
0.0430593 99
0.0430444 99
0.0429994 99
0.0430162 99
0.0430161 99
0.0429259 99
0.0429085 99
0.0431824 99
0.0431043 99
0.0432562 99
0.0434045 99
0.0429349 99
0.0429854 99
0.0429373 99
0.043056 99
0.0430374 99
0.0430434 99
0.0430841 99
0.042968 99
0.0430231 99
0.0430388 99
0.042994 99
0.0429232 99
0.0428739 99
0.0430639 99
0.0430979 99
0.04292 99
0.0429353 99
0.0430274 99
0.0429707 99
0.0430899 99
0.0429551 99
0.0437457 99
0.042242 99
0.0429883 99
0.0427429 99
0.043065 99
0.0430191 99
0.0433039 99
0.0430545 99
0.0430626 99
0.0431018 99
0.0429121 99
0.042941 99
0.0431113 99
0.0429852 99
0.0428536 99
0.0430113 99
0.0427975 99
0.043291 99
0.0430027 99
0.042859 99
0.0429991 99
0.0429382 99
0.0430449 99
0.0429649 99
0.0431783 99
0.0428909 99
0.042861 99
0.0431997 99
0.0428409 99
0.042976 99
0.0430392 99
0.0430614 99
0.0429718 99
0.043012 99
0.0429694 99
0.0429351 99
0.0430061 99
0.0429633 99
0.0430689 99
0.0430239 99
0.042971 99
0.0429783 99
0.043023 99
0.043047 99
0.0430543 99
0.0428757 99
0.0429703 99
0.0430148 99
0.0428972 99
0.0428488 99
0.0430333 99
0.0429503 99
0.0430523 99
0.0430421 99
0.0429999 99
0.043085 99
0.0429157 99
0.0429784 99
0.0430167 99
0.0431054 99
0.0428903 99
0.0429276 99
0.0430596 99
0.0430186 99
0.042945 99
0.0430319 99
0.0430086 99
0.0429315 99
0.0429949 99
0.0429469 99
0.0430831 99
0.0429364 99
0.0429156 99
0.0429195 99
0.0430544 99
0.0429979 99
0.0430806 99
0.0430642 99
0.0429865 99
0.0430277 99
0.0430057 99
0.042947 99
0.0430268 99
0.0429912 99
0.042998 99
0.0429205 99
0.0430852 99
0.0430898 99
0.0430164 99
0.0429589 99
0.0430096 99
0.0429748 99
0.043093 99
0.0429532 99
0.0428557 99
0.0428991 99
0.0430186 99
0.0429376 99
0.0429436 99
0.0430393 99
0.0429028 99
0.0431257 99
0.0433827 99
0.0429605 99
0.0429724 99
0.0429415 99
0.0430236 99
0.0430558 99
0.0429538 99
0.0430696 99
0.0430578 99
0.0429134 99
0.0430926 99
0.0431857 99
0.0430736 99
0.0430246 99
0.0428943 99
0.042931 99
0.0430482 99
0.0430562 99
0.0431118 99
0.0429549 99
0.0430549 99
0.0430382 99
0.0430241 99
0.0430464 99
0.0431153 99
0.0432856 99
0.0429531 99
0.0429137 99
0.043005 99
0.0429175 99
0.0430629 99
0.043024 99
0.0430409 99
0.0429344 99
0.0430407 99
0.043082 99
0.0430327 99
0.0429068 99
0.0428736 99
0.0429256 99
0.0431252 99
0.0430255 99
0.043013 99
0.0430364 99
0.0430635 99
0.0429583 99
0.0430326 99
0.0428537 99
0.0429049 99
0.0429895 99
0.0434934 99
0.0429038 99
0.0429353 99
0.0429724 99
0.0429446 99
0.0429696 99
0.0429428 99
0.0430576 99
0.0430664 99
0.0430755 99
0.0430508 99
0.0430267 99
0.0429364 99
0.0429166 99
0.0430229 99
0.0430571 99
0.0429936 99
0.0430035 99
0.0428063 99
0.0431587 99
0.0429712 99
0.0429228 99
0.0429935 99
0.0429294 99
0.0429901 99
0.043403 99
0.0429547 99
0.0428365 99
0.0430211 99
0.042997 99
0.0431711 99
0.0428243 99
0.0429795 99
0.043201 99
0.0429566 99
0.0430655 99
0.0430305 99
0.0428125 99
0.0429765 99
0.043012 99
0.0429022 99
0.04312 99
0.0429753 99
0.0431018 99
0.0430163 99
0.0430471 99
0.0429956 99
0.0429528 99
0.0429389 99
0.0428742 99
0.0427986 99
0.0430667 99
0.0430859 99
0.0429608 99
0.0430775 99
0.0430267 99
0.0430457 99
0.0431697 99
0.0429933 99
0.0429399 99
0.0429308 99
0.0430537 99
0.0430445 99
0.0430196 99
0.0430889 99
0.0430455 99
0.0431828 99
0.0427641 99
0.043179 99
0.0431381 99
0.0429842 99
0.0428878 99
0.0429485 99
0.0427749 99
0.0430991 99
0.0428594 99
0.0430449 99
0.0429938 99
0.0429561 99
0.0430329 99
0.0430828 99
0.0430392 99
0.0430169 99
0.0430137 99
0.0430311 99
0.0429033 99
0.0429942 99
0.0429895 99
0.0429769 99
0.0430335 99
0.0429994 99
0.042926 99
0.0432332 99
0.0429405 99
0.0430045 99
0.0430302 99
0.0430194 99
0.0430656 99
0.0430684 99
0.0429801 99
0.0429115 99
0.0429335 99
0.0430998 99
0.0429842 99
0.0431468 99
0.0431692 99
0.0429636 99
0.0429029 99
0.0431355 99
0.0430039 99
0.0429702 99
0.0430424 99
0.0430037 99
0.0429599 99
0.0431309 99
0.0428278 99
0.0432129 99
0.0429992 99
0.0430407 99
0.0430203 99
0.0429806 99
0.0429318 99
0.0428537 99
0.0430996 99
0.042996 99
0.0432621 99
0.0430593 99
0.0430103 99
0.043042 99
0.0429457 99
0.0430488 99
0.0429746 99
0.0429881 99
0.0429551 99
0.0429538 99
0.0430419 99
0.0430764 99
0.0430105 99
0.0429949 99
0.0430878 99
0.0430111 99
0.0446812 99
0.0414777 99
0.0430468 99
0.0429743 99
0.0429127 99
0.0430448 99
0.0430193 99
0.0429915 99
0.0430207 99
0.0428807 99
0.0431724 99
0.0429469 99
0.0431976 99
0.0430017 99
0.0430129 99
0.0430257 99
0.0429107 99
0.0430902 99
0.0429862 99
0.0430878 99
0.0429 99
0.0430844 99
0.0427608 99
0.0432182 99
0.0429458 99
0.0429816 99
0.0430063 99
0.0430192 99
0.0430149 99
0.0429093 99
0.0430165 99
0.0429312 99
0.0430212 99
0.0429815 99
0.0434449 99
0.0429914 99
0.043048 99
0.0429085 99
0.0428763 99
0.0431873 99
0.0431232 99
0.0429911 99
0.043012 99
0.0430361 99
0.0429739 99
0.0429603 99
0.0428999 99
0.0430253 99
0.0429155 99
0.0429992 99
0.0431423 99
0.0430775 99
0.0429933 99
0.0429856 99
0.0431101 99
0.0430539 99
0.0430106 99
0.0430163 99
0.0430255 99
0.0432646 99
0.0428926 99
0.0430101 99
0.0429748 99
0.0430626 99
0.0437123 99
0.0422335 99
0.0431336 99
0.0431182 99
0.0430628 99
0.0430494 99
0.0429539 99
0.0430074 99
0.043134 99
0.0428531 99
0.042967 99
0.043067 99
0.0431072 99
0.0430965 99
0.043031 99
0.0428783 99
0.0430205 99
0.0430127 99
0.04305 99
0.0429176 99
0.0434502 99
0.0430076 99
0.0429207 99
0.0429585 99
0.0429964 99
0.0430209 99
0.0429527 99
0.0430679 99
0.0429132 99
0.0429395 99
0.042999 99
0.0428815 99
0.0429753 99
0.0430454 99
0.0430049 99
0.0429628 99
0.0431054 99
0.0429343 99
0.0430453 99
0.0430293 99
0.0428821 99
0.0430028 99
0.0430746 99
0.043086 99
0.0428434 99
0.0433081 99
0.0428954 99
0.0430047 99
0.0429822 99
0.0430125 99
0.0431372 99
0.0429484 99
0.0431651 99
0.0431007 99
0.0431112 99
0.0430573 99
0.0430469 99
0.0429864 99
0.0430089 99
0.0430163 99
0.0429063 99
0.0429655 99
0.0429351 99
0.0430313 99
0.042843 99
0.043005 99
0.0430553 99
0.0429679 99
0.0429344 99
0.0429578 99
0.0435047 99
0.0430498 99
0.0429999 99
0.0429319 99
0.0431151 99
0.0431083 99
0.0430682 99
0.042971 99
0.0428834 99
0.0430389 99
0.0429973 99
0.042996 99
0.0430948 99
0.0429128 99
0.043008 99
0.0429283 99
0.0430464 99
0.0430014 99
0.0429034 99
0.0430854 99
0.0430018 99
0.0430394 99
0.0430184 99
0.0430155 99
0.0430279 99
0.0435306 99
0.0432603 99
0.0422412 99
0.0432058 99
0.042769 99
0.0429684 99
0.0430517 99
0.0429838 99
0.0430873 99
0.0429758 99
0.0429328 99
0.0429803 99
0.0429659 99
0.0429847 99
0.043076 99
0.042997 99
0.042931 99
0.0429835 99
0.0429924 99
0.0432111 99
0.0430472 99
0.0430615 99
0.0430403 99
0.0429924 99
0.0429913 99
0.0435472 99
0.0428988 99
0.042975 99
0.0430968 99
0.042997 99
0.0430007 99
0.043059 99
0.0428895 99
0.0431395 99
0.0430173 99
0.0429924 99
0.0429223 99
0.0430171 99
0.0430613 99
0.0429792 99
0.043032 99
0.0434268 99
0.0426599 99
0.0429904 99
0.0430104 99
0.0431179 99
0.0429659 99
0.0430184 99
0.0429838 99
0.0430522 99
0.0435861 99
0.0428586 99
0.0429651 99
0.0429427 99
0.0430656 99
0.0430435 99
0.0427717 99
0.0432163 99
0.0429879 99
0.0431493 99
0.0430371 99
0.0430665 99
0.0430424 99
0.0430424 99
0.0430191 99
0.0428868 99
0.0429578 99
0.0430207 99
0.0429421 99
0.0430908 99
0.0430868 99
0.0429273 99
0.0428227 99
0.0432772 99
0.0431284 99
0.0433591 99
0.0430129 99
0.0430804 99
0.0430308 99
0.0428984 99
0.0439509 99
0.0421504 99
0.0429908 99
0.0431516 99
0.0431446 99
0.0431 99
0.043033 99
0.0430415 99
0.0430805 99
0.0429853 99
0.0429135 99
0.0430166 99
0.0430635 99
0.0430763 99
0.0428612 99
0.0431728 99
0.0430515 99
0.0430587 99
0.045258 99
0.0441261 99
0.0438837 99
0.0402273 99
0.0418814 99
0.0428355 99
0.0433079 99
0.0431917 99
0.0431316 99
0.0429202 99
0.0430701 99
0.0432118 99
0.0429442 99
0.0428569 99
0.0429971 99
0.0431471 99
0.0429062 99
0.0431453 99
0.0429296 99
0.0439116 99
0.042462 99
0.043097 99
0.0429317 99
0.0430803 99
0.0431383 99
0.0446244 99
0.0414952 99
0.043014 99
0.0430495 99
0.0431057 99
0.0430473 99
0.043094 99
0.0432693 99
0.0431131 99
0.0429884 99
0.0430822 99
0.042971 99
0.0430412 99
0.0429342 99
0.042923 99
0.0430321 99
0.0430191 99
0.0429392 99
0.0431587 99
0.0430609 99
0.0429824 99
0.0429707 99
0.0430849 99
0.0430273 99
0.0430509 99
0.0430563 99
0.0430075 99
0.043133 99
0.0431116 99
0.0433339 99
0.0426276 99
0.0430059 99
0.0430156 99
0.0431048 99
0.0430734 99
0.0430814 99
0.0429725 99
0.0433523 99
0.0429476 99
0.0429524 99
0.0430159 99
0.043049 99
0.0431101 99
0.0430402 99
0.0430355 99
0.0429595 99
0.0429869 99
0.0429873 99
0.0430419 99
0.0429851 99
0.0431792 99
0.0428005 99
0.0431173 99
0.0430983 99
0.0429016 99
0.0430201 99
0.0429512 99
0.0430247 99
0.0429856 99
0.0430949 99
0.0429763 99
0.0429785 99
0.0429992 99
0.0430892 99
0.0430831 99
0.0430603 99
0.0431011 99
0.0430782 99
0.0429058 99
0.0430219 99
0.0430089 99
0.042993 99
0.0430695 99
0.0439886 99
0.0425166 99
0.0427688 99
0.043084 99
0.0429099 99
0.0429539 99
0.0434194 99
0.0430542 99
0.043007 99
0.0431905 99
0.0428124 99
0.0429851 99
0.0430124 99
0.0432028 99
0.0431264 99
0.0430646 99
0.0431324 99
0.0430494 99
0.0430294 99
0.0429213 99
0.0432123 99
0.0443624 99
0.0416939 99
0.045815 99
0.0414275 99
0.041896 99
0.0430537 99
0.0429464 99
0.0429061 99
0.0429427 99
0.0431698 99
0.0428928 99
0.0430093 99
0.0430743 99
0.0429812 99
0.0430333 99
0.0429788 99
0.0430313 99
0.0430588 99
0.0430288 99
0.0430356 99
0.0430133 99
0.0431033 99
0.0430447 99
0.0430852 99
0.0430205 99
0.0430309 99
0.0438644 99
0.0464007 99
0.0437716 99
0.0384153 99
0.0428159 99
0.046392 99
0.0403785 99
0.042312 99
0.0430086 99
0.0430434 99
0.043042 99
0.0427634 99
0.0433062 99
0.043942 99
0.0421237 99
0.0429776 99
0.043103 99
0.0430532 99
0.0429955 99
0.0428535 99
0.0431797 99
0.0432079 99
0.042933 99
0.0429903 99
0.0429767 99
0.0432049 99
0.045116 99
0.0417367 99
0.0422073 99
0.0431089 99
0.0429977 99
0.0430684 99
0.0433488 99
0.0427806 99
0.0434917 99
0.042855 99
0.0432924 99
0.043615 99
0.0425242 99
0.0430875 99
0.042949 99
0.0429859 99
0.0431355 99
0.0430129 99
0.0444644 99
0.0416267 99
0.0431123 99
0.0449557 99
0.0452335 99
0.0421647 99
0.0398133 99
0.0436144 99
0.0424392 99
0.0428765 99
0.0435323 99
0.0430611 99
0.0429642 99
0.04312 99
0.0440774 99
0.04195 99
0.04313 99
0.0430118 99
0.0433145 99
0.0439434 99
0.0419906 99
0.0431086 99
0.0429882 99
0.0430125 99
0.0444109 99
0.0420843 99
0.0457541 99
0.0454418 99
0.0430271 99
0.0444767 99
0.0437003 99
0.0403832 99
0.0415142 99
0.040661 99
0.0421939 99
0.0429837 99
0.0429923 99
0.0438233 99
0.0424571 99
0.0430042 99
0.0433988 99
0.0435655 99
0.0423758 99
0.043076 99
0.0431553 99
0.042981 99
0.0430412 99
0.0438509 99
0.0456978 99
0.0432483 99
0.0430415 99
0.0441387 99
0.0424265 99
0.0439294 99
0.0422056 99
0.0407618 99
0.0410563 99
0.0438182 99
0.0423049 99
0.0431114 99
0.0435154 99
0.0434641 99
0.0439848 99
0.0416556 99
0.0431512 99
0.0430843 99
0.0438907 99
0.044267 99
0.0415096 99
0.0427706 99
0.0430219 99
0.0431134 99
0.0434674 99
0.0428406 99
0.0436361 99
0.0445539 99
0.042319 99
0.0417182 99
0.0430005 99
0.0433492 99
0.0426591 99
0.0446142 99
0.0438107 99
0.0431967 99
0.0431605 99
0.0451221 99
0.0423075 99
0.0412274 99
0.040865 99
0.0431355 99
0.0430654 99
0.0433907 99
0.0427642 99
0.0430323 99
0.0431034 99
0.0431939 99
0.0437735 99
0.0428717 99
0.0442596 99
0.0430806 99
0.0412803 99
0.0444782 99
0.0432478 99
0.0412353 99
0.0431771 99
0.0465644 99
0.0447787 99
0.0417312 99
0.0411044 99
0.0430154 99
0.0414154 99
0.0429642 99
0.0434776 99
0.0430902 99
0.0429843 99
0.0431075 99
0.043022 99
0.0431104 99
0.044537 99
0.0432886 99
0.0434928 99
0.0448692 99
0.0430718 99
0.0442126 99
0.0412109 99
0.04116 99
0.0425141 99
0.0430339 99
0.0431218 99
0.0429567 99
0.0431261 99
0.0445122 99
0.0446638 99
0.0418796 99
0.041218 99
0.0491614 99
0.0424104 99
0.042336 99
0.0421219 99
0.0411932 99
0.042315 99
0.0429298 99
0.0441394 99
0.0463097 99
0.0455377 99
0.0441935 99
0.043417 99
0.0404981 99
0.0425599 99
0.0416941 99
0.0441877 99
0.04309 99
0.0473848 99
0.0438701 99
0.0417904 99
0.0435481 99
0.0429173 99
0.0426024 99
0.0440118 99
0.0420018 99
0.0419767 99
0.0410775 99
0.0448772 99
0.044241 99
0.0435855 99
0.0459169 99
0.0445923 99
0.046119 99
0.0453514 99
0.0456856 99
0.0407361 99
0.0429048 99
0.042471 99
0.0419763 99
0.0463612 99
0.0439382 99
0.0448856 99
0.0428255 99
0.0431686 99
0.0430667 99
0.0448494 99
0.0455125 99
0.0445974 99
0.0424492 99
0.0423218 99
0.0423097 99
0.0429601 99
0.0451168 99
0.044424 99
0.0446404 99
0.0448357 99
0.0439049 99
0.0465909 99
0.044727 99
0.0430114 99
0.0421194 99
0.0430761 99
0.044755 99
0.0453651 99
0.0463222 99
0.0418449 99
0.0444866 99
0.0433599 99
0.0418103 99
0.0464012 98
0.0444367 98
0.0420036 98
0.0430382 98
0.0424592 98
0.0435416 98
0.0437275 98
0.0459239 98
0.04644 98
0.0454256 98
0.0439383 98
0.0436727 98
0.0443886 98
0.0427478 98
0.0433752 98
0.0422541 98
0.0432586 98
0.0432128 98
0.0455455 98
0.0479094 98
0.0432863 98
0.0419278 98
0.0432444 98
0.0425099 98
0.0438162 98
0.0436181 98
0.0455458 98
0.0449053 98
0.0445626 98
0.0444176 98
0.0472303 98
0.045572 98
0.0453703 98
0.0447568 98
0.042909 98
0.042782 98
0.0427214 98
0.0441098 98
0.0427028 98
0.0432392 98
0.0446634 98
0.0443972 98
0.0448216 98
0.0435786 98
0.0427183 98
0.044646 98
0.042631 97
0.0452294 97
0.0434145 97
0.0428825 97
0.0439701 97
0.0450966 97
0.0467011 97
0.0474682 97
0.0462218 97
0.0469794 97
0.0440525 97
0.0456312 97
0.0457434 97
0.0449981 97
0.0431281 97
0.0437409 97
0.042392 97
0.04366 97
0.0447968 97
0.0433552 97
0.0437837 97
0.0438783 97
0.0432528 97
0.043928 97
0.0461629 97
0.0465222 97
0.0449219 97
0.0469158 97
0.0461718 97
0.0452228 97
0.0476899 97
0.0472705 97
0.046935 97
0.0452086 97
0.0464381 97
0.0471933 97
0.0440396 97
0.0427592 97
0.0439834 97
0.0474571 97
0.0479611 97
0.0448033 97
0.0455295 97
0.0463514 97
0.0460903 95
0.0433453 95
0.0438498 95
0.0438415 95
0.0438485 95
0.0453683 95
0.0464076 95
0.0452964 95
0.0466523 95
0.0459429 95
0.0457329 95
0.0417804 95
0.0446533 95
0.0444106 95
0.0433272 95
0.0442537 95
0.0426472 95
0.0445835 95
0.0451189 95
0.0454029 95
0.0442754 95
0.0445512 95
0.0432008 95
0.045478 97
0.0458022 97
0.0440096 97
0.0434062 97
0.0447079 97
0.0454751 97
0.0464447 97
0.0465009 97
0.0465478 97
0.0478792 97
0.0441263 97
0.0444488 97
0.0442381 97
0.0448542 97
0.0457154 97
0.0444119 97
0.0437913 97
0.0441857 97
0.0473891 97
0.0440395 97
0.0438205 97
0.04451 97
0.0454529 97
0.044326 96
0.0443236 96
0.0448824 96
0.0435311 96
0.0497419 96
0.0471238 96
0.0467408 96
0.0478747 96
0.0456331 96
0.0454944 96
0.044845 96
0.0442705 96
0.0439661 96
0.0477129 96
0.0470059 96
0.0443935 96
0.0440792 96
0.0458947 96
0.0476413 96
0.0453139 96
0.0465944 96
0.0461325 96
0.0471333 94
0.0440363 94
0.0439702 94
0.0455552 94
0.047184 94
0.0452107 94
0.046244 94
0.0466374 94
0.048537 94
0.0447888 94
0.0432704 94
0.0452964 94
0.0461023 94
0.0439062 94
0.044551 94
0.0445623 94
0.0446114 94
0.0461373 94
0.0452743 94
0.0447219 94
0.0451538 94
0.0447198 94
0.0444613 95
0.0443454 95
0.0449944 95
0.050086 95
0.0471514 95
0.0459717 95
0.0489913 95
0.0474047 95
0.0478407 95
0.0456147 95
0.0458875 95
0.0441196 95
0.0459201 95
0.0456245 95
0.0443304 95
0.0473102 95
0.047735 95
0.0459656 95
0.0447937 95
0.0444266 95
0.0472436 95
0.0513325 95
0.0497277 93
0.0475216 93
0.0455809 93
0.0464996 93
0.0496609 93
0.0483011 93
0.0501927 93
0.0471609 93
0.0457671 93
0.0461168 93
0.0446673 93
0.044522 93
0.0453508 93
0.0469983 93
0.0442687 93
0.0456415 93
0.046125 93
0.0466868 93
0.0445634 93
0.0450233 93
0.0454195 93
0.0452479 93
0.045557 93
0.0452716 93
0.0455974 93
0.0475246 93
0.0497214 93
0.049476 93
0.0473373 93
0.0474606 93
0.050376 93
0.0456341 93
0.0450085 93
0.0462369 93
0.0453241 93
0.0485649 93
0.048026 93
0.0483907 93
0.0462866 93
0.0474751 93
0.0469162 93
0.0479217 93
0.0480333 93
0.0451044 92
0.0447122 92
0.0456457 92
0.0520688 92
0.0497346 92
0.0491127 92
0.0476371 92
0.047234 92
0.0477124 92
0.0443337 92
0.045349 92
0.0464169 92
0.0454379 92
0.0447848 92
0.0486758 92
0.0490993 92
0.0471147 92
0.0452823 92
0.0455351 92
0.0458877 92
0.0458784 92
0.0459275 92
0.0464533 93
0.0457128 93
0.0472784 93
0.0489917 93
0.0479844 93
0.0476126 93
0.0482882 93
0.0503178 93
0.0467388 93
0.0456728 93
0.0456996 93
0.0464548 93
0.0448443 93
0.0459685 93
0.0456979 93
0.0481952 93
0.0451317 93
0.0450931 93
0.0457023 93
0.0474196 93
0.0485319 93
0.0468517 93
0.0470993 93
0.0467317 93
0.0478386 93
0.0495192 93
0.0475186 93
0.0485054 93
0.0466921 93
0.0459833 93
0.0457089 93
0.0477124 93
0.0453742 93
0.0448615 93
0.0470604 93
0.0459105 93
0.0469375 93
0.0453362 93
0.0478213 93
0.0458759 93
0.0460632 93
0.0466291 93
0.0451529 93
0.0458474 93
0.0491623 93
0.0549292 93
0.049256 93
0.0481062 93
0.0481601 93
0.0548998 93
0.0507071 93
0.050059 93
0.0482176 93
0.0459845 93
0.0460173 93
0.0455274 93
0.0470218 93
0.0471335 93
0.0460869 93
0.0469772 93
0.0454962 93
0.0455016 93
0.0459706 93
0.0502103 93
0.0481695 90
0.0474133 90
0.0477788 90
0.051387 90
0.0509592 90
0.048673 90
0.0492066 90
0.0494864 90
0.0479874 90
0.0481409 90
0.0479053 90
0.0504986 90
0.0462015 90
0.046273 90
0.0484232 90
0.0454801 90
0.0493604 90
0.0506996 90
0.0463974 90
0.0471506 90
0.0469133 90
0.0458784 90
0.0464279 90
0.0501772 90
0.0536095 90
0.0542481 90
0.0500779 90
0.0477649 90
0.0457072 90
0.0455908 90
0.0463079 90
0.0465388 90
0.0462327 90
0.0474414 90
0.0464015 90
0.0476706 90
0.047946 90
0.0462302 90
0.0461261 90
0.0496845 90
0.0463224 90
0.0465707 90
0.0479173 91
0.0475469 91
0.0488476 91
0.0510355 91
0.0503422 91
0.0494895 91
0.048181 91
0.0492204 91
0.0476076 91
0.0473311 91
0.0466804 91
0.0495944 91
0.049441 91
0.0463311 91
0.0473559 91
0.0517686 91
0.0488569 91
0.0462974 91
0.0469892 91
0.0467642 91
0.0473499 91
0.0462372 90
0.0481773 90
0.0498353 90
0.0486488 90
0.0538295 90
0.0493442 90
0.0485201 90
0.0457826 90
0.0463669 90
0.046656 90
0.0495254 90
0.0464359 90
0.0462023 90
0.0495386 90
0.0477925 90
0.0475116 90
0.0465969 90
0.0495304 90
0.050796 90
0.0493664 90
0.0491938 90
0.0465303 90
0.048668 90
0.0509542 90
0.0516315 90
0.0531511 90
0.0520935 90
0.0460023 90
0.0495296 90
0.048066 90
0.0458951 90
0.046838 90
0.0495179 90
0.046861 90
0.0482011 90
0.0479032 90
0.0473593 90
0.0502266 90
0.0471566 90
0.0470285 90
0.0494243 90
0.0473644 90
0.0485819 89
0.0500886 89
0.0495671 89
0.0514797 89
0.0491227 89
0.0512538 89
0.0495581 89
0.0507074 89
0.0470783 89
0.0479941 89
0.0472009 89
0.0462979 89
0.0512097 89
0.0504664 89
0.0480601 89
0.0473719 89
0.0472306 89
0.0481408 89
0.0473019 89
0.0472578 89
0.0479728 89
0.0490975 89
0.049375 89
0.0495069 89
0.0500039 89
0.0523328 89
0.047437 89
0.0496128 89
0.0508559 89
0.0503472 89
0.0470746 89
0.047716 89
0.0477509 89
0.0518112 89
0.0511219 89
0.0471416 89
0.0485794 89
0.0473458 89
0.0476129 89
0.0478067 89
0.0475218 89
0.049383 89
0.050723 89
0.0503159 89
0.0504979 89
0.0495609 89
0.0516442 89
0.0469388 89
0.0493371 89
0.0474988 89
0.0472822 89
0.0478886 89
0.0473525 89
0.0468693 89
0.0488567 89
0.047538 89
0.0483772 89
0.0474517 89
0.0471804 89
0.050049 89
0.0509528 89
0.0511067 89
0.0495531 89
0.0515269 89
0.0503742 89
0.0523723 89
0.0503021 89
0.0487189 89
0.04742 89
0.0475156 89
0.0485368 89
0.0477433 89
0.0476553 89
0.0476919 89
0.0493448 89
0.0496893 89
0.0477559 89
0.0484641 89
0.0474809 89
0.0477019 89
0.0523829 89
0.050026 89
0.052344 88
0.0526795 88
0.0530132 88
0.0508632 88
0.0508888 88
0.048597 88
0.0476691 88
0.0478599 88
0.0522138 88
0.0499127 88
0.0490765 88
0.0509568 88
0.0530362 88
0.0477311 88
0.0506634 88
0.0477345 88
0.0478891 88
0.0509473 88
0.0476135 88
0.0493316 88
0.0503681 87
0.0521758 87
0.0504911 87
0.0526307 87
0.0503426 87
0.0498581 87
0.0477882 87
0.0494883 87
0.0478782 87
0.048488 87
0.0526381 87
0.0501246 87
0.0501603 87
0.0478867 87
0.0501401 87
0.0478776 87
0.0492719 87
0.0480274 87
0.0476048 87
0.0505196 87
0.0503601 87
0.052598 88
0.0512057 88
0.0527329 88
0.0504551 88
0.0505506 88
0.0471284 88
0.0510286 88
0.0490221 88
0.0502124 88
0.0512974 88
0.0495197 88
0.0526948 88
0.0524514 88
0.0480313 88
0.0496057 88
0.0478422 88
0.0480393 88
0.0500976 88
0.0483038 88
0.0533208 88
0.0510917 86
0.0531272 86
0.0512661 86
0.0529971 86
0.0510869 86
0.0474047 86
0.0481135 86
0.0502021 86
0.048393 86
0.0528565 86
0.0506201 86
0.051579 86
0.0481816 86
0.050932 86
0.0515934 86
0.0508533 86
0.0479565 86
0.0505172 86
0.0485005 86
0.0518298 86
0.0513408 86
0.052357 86
0.05219 86
0.0532925 86
0.047775 86
0.0498247 86
0.0482186 86
0.0498893 86
0.0483207 86
0.0476638 86
0.050243 86
0.0501537 86
0.0504873 86
0.0486783 86
0.0509135 86
0.0483436 86
0.0500876 86
0.0498818 86
0.0495046 86
0.0510783 86
0.051574 87
0.0514747 87
0.0526964 87
0.0523799 87
0.049934 87
0.0484454 87
0.0498383 87
0.0485759 87
0.0487561 87
0.0525363 87
0.0506414 87
0.0502718 87
0.048695 87
0.0518133 87
0.0484801 87
0.0507579 87
0.0487869 87
0.051726 87
0.0532659 87
0.0529528 87
0.0542247 85
0.05179 85
0.0529971 85
0.0516344 85
0.0512939 85
0.0496276 85
0.051712 85
0.048395 85
0.0513838 85
0.0486565 85
0.0520709 85
0.0487962 85
0.0515391 85
0.0484515 85
0.0511348 85
0.0487626 85
0.0499002 85
0.0491877 85
0.0517541 85
0.0516447 85
0.053026 86
0.0520382 86
0.0530884 86
0.0516288 86
0.048101 86
0.0480567 86
0.0506002 86
0.0494437 86
0.0511272 86
0.0490189 86
0.0526609 86
0.0502478 86
0.0518533 86
0.0499245 86
0.0509567 86
0.0489756 86
0.0509785 86
0.0491415 86
0.0566569 86
0.0540183 86
0.0519318 85
0.0559632 85
0.0542867 85
0.0508918 85
0.051064 85
0.0494873 85
0.0505585 85
0.0493665 85
0.0495296 85
0.0497869 85
0.053509 85
0.0495881 85
0.0527196 85
0.0493027 85
0.0503433 85
0.0491576 85
0.0491921 85
0.0506241 85
0.0524307 85
0.0520716 85
0.05413 85
0.0524994 85
0.0532264 85
0.0484799 85
0.0513631 85
0.049461 85
0.0520798 85
0.0498758 85
0.051182 85
0.0509902 85
0.053382 85
0.0523171 85
0.0526238 85
0.0500372 85
0.0566127 85
0.0498398 85
0.050051 85
0.0543199 85
0.0538444 85
0.0526975 84
0.0544283 84
0.0521979 84
0.0520774 84
0.0518781 84
0.050165 84
0.0506869 84
0.0493677 84
0.0507862 84
0.050784 84
0.0506166 84
0.0498756 84
0.050234 84
0.0499325 84
0.0497713 84
0.0529739 84
0.050573 84
0.0517047 84
0.0564009 84
0.0545212 84
0.0537938 84
0.056964 84
0.0533574 84
0.049977 84
0.050836 84
0.0499214 84
0.0513114 84
0.0499772 84
0.0509141 84
0.0508027 84
0.0509365 84
0.0497165 84
0.0505715 84
0.0498052 84
0.0504945 84
0.0497719 84
0.050799 84
0.0528611 84
0.0537475 84
0.0529765 84
0.0550645 84
0.054582 84
0.048847 84
0.0514448 84
0.0499733 84
0.0520271 84
0.0505128 84
0.0524877 84
0.0517599 84
0.052144 84
0.0508671 84
0.0537326 84
0.0520259 84
0.0528936 84
0.0524467 84
0.0504235 84
0.0548032 84
0.0544309 84
0.0531013 84
0.0552763 83
0.0582596 83
0.0522542 83
0.0495148 83
0.0503909 83
0.0504316 83
0.0498463 83
0.050412 83
0.0528569 83
0.050876 83
0.0507947 83
0.0501224 83
0.0513302 83
0.0506282 83
0.0515237 83
0.0510695 83
0.0606526 83
0.0588318 83
0.0570056 83
0.0549203 82
0.0540447 82
0.0517763 82
0.0500585 82
0.0526868 82
0.0503794 82
0.0519184 82
0.0516699 82
0.0526614 82
0.0539587 82
0.0530956 82
0.0557081 82
0.0524959 82
0.0506917 82
0.0515628 82
0.0510335 82
0.0556311 82
0.0559942 82
0.05524 82
0.056617 82
0.0536718 82
0.04982 82
0.0524016 82
0.0508575 82
0.052739 82
0.0516246 82
0.0505778 82
0.0527378 82
0.0512141 82
0.0525478 82
0.0509668 82
0.0522766 82
0.054293 82
0.0523728 82
0.0538749 82
0.0537209 82
0.0547977 82
0.055392 82
0.054803 82
0.0557465 82
0.051855 82
0.0507984 82
0.0513727 82
0.0514987 82
0.051275 82
0.0512733 82
0.0518937 82
0.0521499 82
0.0508783 82
0.0539318 82
0.0513923 82
0.0532882 82
0.0552064 82
0.0535761 82
0.0554793 82
0.0552771 82
0.0551028 82
0.0546314 82
0.0567951 82
0.0547918 82
0.0536381 82
0.0556982 82
0.054655 82
0.0512484 82
0.0531539 82
0.0546053 82
0.0520194 82
0.0544555 82
0.0512383 82
0.0513319 82
0.051189 82
0.0511746 82
0.054801 82
0.0543496 82
0.0574109 82
0.0555578 82
0.0543571 80
0.0521706 80
0.0535195 80
0.051133 80
0.0529173 80
0.0515623 80
0.0509898 80
0.0556175 80
0.0545527 80
0.0510717 80
0.0515737 80
0.0511704 80
0.0527379 80
0.0509463 80
0.054178 80
0.0542101 80
0.053929 80
0.0562395 80
0.055424 80
0.0542795 80
0.0518793 82
0.0512552 82
0.0510714 82
0.054614 82
0.0543033 82
0.053879 82
0.0536103 82
0.0515742 82
0.0574341 82
0.0544998 82
0.051254 82
0.0531029 82
0.0518504 82
0.0521722 82
0.0600839 82
0.0593498 82
0.0552375 82
0.0544923 82
0.0555936 80
0.0515195 80
0.0510977 80
0.0526945 80
0.0514936 80
0.0537335 80
0.0515597 80
0.0536341 80
0.0534126 80
0.0511407 80
0.0538462 80
0.0513976 80
0.0518695 80
0.0517753 80
0.0560233 80
0.0585678 80
0.0555895 80
0.0555904 80
0.0546604 80
0.0550769 81
0.0530665 81
0.0514223 81
0.0538481 81
0.0517182 81
0.0530842 81
0.0548833 81
0.0515493 81
0.0530938 81
0.0516941 81
0.0517623 81
0.0556584 81
0.0548743 81
0.0516921 81
0.0597212 81
0.0583905 81
0.0565571 81
0.0572029 81
0.0557433 81
0.0530312 79
0.0518388 79
0.0547176 79
0.055933 79
0.0538982 79
0.0520403 79
0.0557772 79
0.0517359 79
0.0528991 79
0.0552632 79
0.0543137 79
0.0526475 79
0.0551219 79
0.0565389 79
0.0559119 79
0.0568653 79
0.056365 79
0.0558093 79
0.0544694 79
0.0551505 79
0.0536803 79
0.0526224 79
0.0537012 79
0.0522979 79
0.0532711 79
0.05449 79
0.0520819 79
0.0538421 79
0.0529958 79
0.0549863 79
0.0572355 79
0.055541 79
0.057946 79
0.056474 79
0.0560062 79
0.0581075 79
0.0538288 79
0.0515415 79
0.05497 79
0.0527983 79
0.0524012 79
0.0539429 79
0.0522836 79
0.0538048 79
0.0530843 79
0.0522557 79
0.0549794 79
0.0533422 79
0.0528532 79
0.0543308 79
0.0583458 79
0.0566768 79
0.0558571 79
0.0568828 79
0.0584924 79
0.0526407 79
0.0521788 80
0.055508 80
0.0534456 80
0.0522473 80
0.0551926 80
0.0534301 80
0.0534444 80
0.0551409 80
0.0524426 80
0.0550215 80
0.0582496 80
0.05331 80
0.0550636 80
0.0594115 80
0.0574528 80
0.0601046 80
0.0561956 80
0.0554308 80
0.0531313 78
0.0540777 78
0.0528508 78
0.0534203 78
0.0570041 78
0.0567032 78
0.0550166 78
0.0545742 78
0.0553762 78
0.0529095 78
0.053641 78
0.054597 78
0.054984 78
0.0561616 78
0.0595397 78
0.0590601 78
0.0590472 78
0.0528459 78
0.0538995 78
0.0561531 78
0.0540051 78
0.0530688 78
0.0561792 78
0.055165 78
0.0528428 78
0.0543584 78
0.056984 78
0.055042 78
0.0531756 78
0.056445 78
0.0560049 78
0.0559116 78
0.0570412 78
0.0587185 78
0.0596145 78
0.0568283 78
0.0549029 78
0.0529066 78
0.0570085 78
0.0551286 78
0.0530564 78
0.0553961 78
0.0542046 78
0.0537247 78
0.056678 78
0.0568187 78
0.0543816 78
0.0532039 78
0.0576222 78
0.0600888 78
0.0577679 78
0.0572553 78
0.0562965 78
0.0533664 78
0.0570211 78
0.0536909 77
0.0533477 77
0.0564156 77
0.0534598 77
0.0543682 77
0.0553098 77
0.0553961 77
0.0534777 77
0.053391 77
0.0540864 77
0.0538794 77
0.0570132 77
0.0573038 77
0.0608167 77
0.0588729 77
0.0571139 77
0.0557388 77
0.0555131 77
0.05534 78
0.0559242 78
0.0547145 78
0.0549116 78
0.0581941 78
0.0545243 78
0.0537919 78
0.0554609 78
0.0554913 78
0.0535173 78
0.0547608 78
0.0576521 78
0.056931 78
0.0570012 78
0.0575754 78
0.061055 78
0.0581427 78
0.0600208 78
0.0581298 76
0.0542164 76
0.0544973 76
0.0545245 76
0.0561527 76
0.054293 76
0.0536402 76
0.0594347 76
0.0578535 76
0.0536668 76
0.0543081 76
0.0598989 76
0.0585162 76
0.0587601 76
0.0572816 76
0.0569756 76
0.0531502 76
0.0552198 76
0.0572672 77
0.0556817 77
0.0542386 77
0.0579653 77
0.0549979 77
0.0567403 77
0.0540701 77
0.0589629 77
0.0576717 77
0.0565056 77
0.0579196 77
0.0577215 77
0.0596042 77
0.0604689 77
0.067354 77
0.0542036 77
0.0554544 77
0.0547758 77
0.0544594 75
0.0607592 75
0.0538186 75
0.0584998 75
0.0541165 75
0.0540357 75
0.0574584 75
0.0549799 75
0.0575022 75
0.0574382 75
0.0572341 75
0.0623736 75
0.0615551 75
0.0581804 75
0.0587449 75
0.0553084 75
0.0547972 75
0.054525 75
0.0554735 76
0.0573039 76
0.0564125 76
0.0542116 76
0.0558788 76
0.0558921 76
0.0543547 76
0.0573687 76
0.0591 76
0.0574427 76
0.0585685 76
0.0606243 76
0.0599717 76
0.0601772 76
0.0543399 76
0.0561996 76
0.0577623 76
0.055078 76
0.0552675 75
0.0543532 75
0.0579601 75
0.0563521 75
0.0539586 75
0.0547006 75
0.0579877 75
0.0587207 75
0.056876 75
0.0595342 75
0.0583755 75
0.0583862 75
0.0637061 75
0.0621988 75
0.0544983 75
0.05927 75
0.0590508 75
0.0563332 75
0.0574179 75
0.0581312 75
0.0591964 75
0.0547522 75
0.0594875 75
0.0571542 75
0.055345 75
0.0577561 75
0.0598512 75
0.0611414 75
0.0602647 75
0.0602164 75
0.0590169 75
0.0556325 75
0.055686 75
0.0545379 75
0.0546657 75
0.0573845 75
0.0548799 75
0.05865 75
0.0578895 75
0.0574184 75
0.0581372 75
0.0553555 75
0.0555012 75
0.0594439 75
0.0589788 75
0.0617409 75
0.0686524 75
0.0611374 75
0.0565277 75
0.054408 75
0.0609959 75
0.0585068 75
0.0567299 74
0.0553502 74
0.0560875 74
0.055407 74
0.0565598 74
0.0546914 74
0.0555173 74
0.0566494 74
0.0567817 74
0.061294 74
0.061825 74
0.0625356 74
0.0607876 74
0.0566904 74
0.0551604 74
0.0544133 74
0.057314 74
0.057446 74
0.0551163 75
0.0567671 75
0.056142 75
0.0570559 75
0.0566433 75
0.0554306 75
0.0555331 75
0.0567374 75
0.058509 75
0.0601197 75
0.0588075 75
0.059182 75
0.0583065 75
0.0558053 75
0.0550669 75
0.0572391 75
0.0554323 75
0.0549042 75
0.0568356 76
0.0595612 76
0.057355 76
0.0583862 76
0.0556302 76
0.0552462 76
0.0567798 76
0.0586948 76
0.0608119 76
0.0612732 76
0.0599575 76
0.0586575 76
0.0566685 76
0.0546699 76
0.0569421 76
0.0576118 76
0.0557604 76
0.0562221 75
0.0563708 75
0.0574766 75
0.0577825 75
0.0551099 75
0.0562115 75
0.0582466 75
0.0595791 75
0.0647621 75
0.0592135 75
0.0603223 75
0.0614326 75
0.0581923 75
0.0564313 75
0.0573608 75
0.0589132 75
0.0579951 75
0.0553424 75
0.0570213 74
0.0578679 74
0.056232 74
0.0562938 74
0.0556713 74
0.0574233 74
0.0578387 74
0.0585791 74
0.0600986 74
0.0588181 74
0.0597265 74
0.0586813 74
0.0582973 74
0.0570424 74
0.0627061 74
0.0597684 74
0.0573788 74
0.0605479 74
0.0566306 74
0.0562614 74
0.0559076 74
0.056462 74
0.0588638 74
0.0568001 74
0.059011 74
0.0588294 74
0.0604462 74
0.0594989 74
0.0598963 74
0.0562798 74
0.0581388 74
0.0594837 74
0.0567841 74
0.0567857 74
0.0558308 74
0.0592105 75
0.0603473 75
0.0567477 75
0.0599746 75
0.0624448 75
0.0664075 75
0.0596363 75
0.0613537 75
0.0593078 75
0.0618883 75
0.0604761 75
0.056839 75
0.0592041 75
0.0568748 75
0.0600007 75
0.0587968 75
0.0585877 75
0.0562857 72
0.0588166 72
0.0603259 72
0.0594198 72
0.0582768 72
0.0584453 72
0.062522 72
0.0622551 72
0.0620112 72
0.0630979 72
0.0574693 72
0.0582328 72
0.0560448 72
0.0568207 72
0.0568498 72
0.0594844 72
0.0599644 72
0.0593807 73
0.0586886 73
0.0581931 73
0.0566999 73
0.0566649 73
0.056555 73
0.0614707 73
0.0634419 73
0.0609871 73
0.0613594 73
0.0587104 73
0.0583933 73
0.0574757 73
0.058543 73
0.0568063 73
0.0570684 73
0.0572584 73
0.0581655 73
0.0589651 73
0.0614996 73
0.060285 73
0.0594756 73
0.0577563 73
0.0612177 73
0.0614635 73
0.0610425 73
0.0620274 73
0.0593486 73
0.057068 73
0.0574025 73
0.0567505 73
0.057519 73
0.0586647 73
0.0596868 73
0.058859 73
0.0589143 73
0.0567998 73
0.0574015 73
0.0569922 73
0.061746 73
0.0634232 73
0.0607719 73
0.0613941 73
0.059869 73
0.0589931 73
0.0625836 73
0.0601752 73
0.0604628 73
0.0599585 73
0.0590739 73
0.0612196 73
0.058966 72
0.0605547 72
0.0620875 72
0.0622286 72
0.0611474 72
0.0621295 72
0.0618526 72
0.06616 72
0.0656075 72
0.0595814 72
0.0569523 72
0.0579303 72
0.0600851 72
0.0584123 72
0.0617175 72
0.0591147 72
0.0600943 72
0.0585618 71
0.0609978 71
0.0585822 71
0.0592114 71
0.0584791 71
0.0599982 71
0.0615646 71
0.0607436 71
0.0616508 71
0.0599377 71
0.056929 71
0.05783 71
0.05722 71
0.0602261 71
0.0583525 71
0.0598773 71
0.0621677 71
0.0603405 72
0.0647219 72
0.0619429 72
0.0585573 72
0.0615489 72
0.0625284 72
0.0676011 72
0.0638228 72
0.0611786 72
0.0572763 72
0.0572613 72
0.0577599 72
0.0584483 72
0.0604106 72
0.0587215 72
0.0620561 72
0.0596068 71
0.0592741 71
0.0595615 71
0.0573768 71
0.0578679 71
0.0598984 71
0.0644009 71
0.0635155 71
0.0610119 71
0.0618604 71
0.0577525 71
0.0599486 71
0.0603953 71
0.0574888 71
0.0620811 71
0.0595946 71
0.0572392 71
0.0586323 72
0.0592648 72
0.059846 72
0.0578951 72
0.0598661 72
0.0614895 72
0.0734802 72
0.0644325 72
0.0620267 72
0.0574615 72
0.0574404 72
0.0581907 72
0.0586 72
0.0607709 72
0.0644504 72
0.0614178 72
0.0580801 72
0.0602733 70
0.0599558 70
0.0622043 70
0.0618967 70
0.0634806 70
0.0620599 70
0.0624089 70
0.0621524 70
0.0611127 70
0.0575306 70
0.0575015 70
0.0591804 70
0.0603212 70
0.0618372 70
0.0622545 70
0.0588719 70
0.0647974 70
0.059144 71
0.0588653 71
0.0615253 71
0.0677938 71
0.0643533 71
0.0618954 71
0.0614019 71
0.0649601 71
0.0604696 71
0.0617278 71
0.0596713 71
0.0597667 71
0.0583216 71
0.0600685 71
0.057932 71
0.05867 71
0.0583309 71
0.058747 71
0.0618677 71
0.061422 71
0.062545 71
0.0624711 71
0.0623074 71
0.0655203 71
0.0619026 71
0.0585941 71
0.058121 71
0.0591399 71
0.0584355 71
0.0588365 71
0.0591543 71
0.0633331 71
0.0592368 71
0.0584635 71
0.0617805 71
0.0603795 71
0.0640207 71
0.0634238 71
0.0653327 71
0.0659734 71
0.0655784 71
0.0605503 71
0.0598665 71
0.0599311 71
0.0608163 71
0.0614861 71
0.0610883 71
0.0608068 71
0.06119 71
0.062187 70
0.0598708 70
0.0589916 70
0.0629583 70
0.0620613 70
0.0642994 70
0.0628207 70
0.062411 70
0.0584667 70
0.0586178 70
0.0616495 70
0.0618233 70
0.0591393 70
0.0583643 70
0.0610362 70
0.0645678 70
0.0605706 70
0.0593872 71
0.0646428 71
0.0632509 71
0.0644684 71
0.0659637 71
0.0664325 71
0.0633331 71
0.0600914 71
0.0588191 71
0.0584666 71
0.0614097 71
0.0610082 71
0.0651671 71
0.0625926 71
0.0619094 71
0.0605795 71
0.059653 69
0.0595983 69
0.0586529 69
0.0631573 69
0.0651495 69
0.0649045 69
0.0640863 69
0.0639283 69
0.0619878 69
0.06338 69
0.0587995 69
0.060127 69
0.0649087 69
0.0618419 69
0.0596925 69
0.0594264 69
0.0587624 69
0.0606518 70
0.0644283 70
0.0648642 70
0.0635077 70
0.063646 70
0.0646554 70
0.0676283 70
0.0589822 70
0.0590519 70
0.0618007 70
0.0608416 70
0.0591326 70
0.0624441 70
0.060709 70
0.0612085 70
0.0603342 70
0.0609707 69
0.0610815 69
0.0633513 69
0.0636609 69
0.0632127 69
0.066332 69
0.0645838 69
0.0606209 69
0.0610633 69
0.0599467 69
0.0629306 69
0.0626632 69
0.0608035 69
0.0608138 69
0.0619175 69
0.0604828 69
0.0599623 69
0.0623245 69
0.0622929 69
0.0638751 69
0.0776634 69
0.0666777 69
0.0613073 69
0.0587211 69
0.0596891 69
0.0590389 69
0.0596149 69
0.0600992 69
0.0605505 69
0.0600436 69
0.06379 69
0.0624771 69
0.0603524 69
0.0600735 69
0.0608032 69
0.0635098 69
0.0639186 69
0.0642808 69
0.0683015 69
0.0626461 69
0.0605191 69
0.0605766 69
0.0605232 69
0.0602095 69
0.0615965 69
0.0600775 69
0.0615316 69
0.0607506 69
0.0602505 69
0.0609039 70
0.0638628 70
0.0636514 70
0.06386 70
0.0643881 70
0.0672761 70
0.0614831 70
0.0654288 70
0.0622399 70
0.0595959 70
0.0601468 70
0.061414 70
0.0593598 70
0.0601227 70
0.0625058 70
0.0602863 70
0.0599522 69
0.0606364 69
0.0674234 69
0.0668386 69
0.0673809 69
0.0643003 69
0.0662367 69
0.0656413 69
0.0620263 69
0.0625089 69
0.0615286 69
0.0616782 69
0.0631045 69
0.0609339 69
0.0638513 69
0.0619494 69
0.0603826 68
0.0623172 68
0.0639386 68
0.0669637 68
0.06688 68
0.0699605 68
0.0624039 68
0.0605138 68
0.0604057 68
0.0600028 68
0.0604988 68
0.0611507 68
0.0603538 68
0.0604039 68
0.0626369 68
0.0625903 68
0.0608803 69
0.0634815 69
0.0656699 69
0.0649804 69
0.0672972 69
0.0657803 69
0.062307 69
0.0632109 69
0.0631645 69
0.0601854 69
0.0617764 69
0.0617916 69
0.0599633 69
0.0607587 69
0.0616925 69
0.0599709 69
0.0609826 68
0.063681 68
0.0645625 68
0.0641169 68
0.0680407 68
0.0689482 68
0.0601714 68
0.0605783 68
0.06137 68
0.0630291 68
0.0639357 68
0.0642723 68
0.0622109 68
0.062826 68
0.0619239 68
0.063805 68
0.063578 68
0.0648604 68
0.0648263 68
0.0647233 68
0.0668045 68
0.0618953 68
0.0604683 68
0.0610791 68
0.0599563 68
0.0611789 68
0.0614185 68
0.062027 68
0.0612739 68
0.0614487 68
0.0602533 68
0.0611918 68
0.0606221 68
0.0633788 70
0.0652223 70
0.0660559 70
0.0680192 70
0.0637492 70
0.0612172 70
0.0609636 70
0.0604379 70
0.0615647 70
0.0612844 70
0.0617088 70
0.06101 70
0.061241 70
0.0607502 70
0.0612023 70
0.0614032 70
0.0636913 68
0.0653486 68
0.0707323 68
0.0656139 68
0.0632276 68
0.0621808 68
0.062429 68
0.0617467 68
0.0639837 68
0.06425 68
0.06254 68
0.0613959 68
0.0634901 68
0.0615715 68
0.0617727 68
0.061676 68
0.0643385 68
0.0662441 68
0.0678888 68
0.0655457 68
0.0618086 68
0.0614076 68
0.0607721 68
0.0612349 68
0.0613992 68
0.0623122 68
0.0621091 68
0.0631272 68
0.0640376 68
0.0634018 68
0.0617456 68
0.0620415 68
0.0655074 68
0.0656691 68
0.0668166 68
0.0666227 68
0.0618508 68
0.0605959 68
0.0615748 68
0.0617072 68
0.0608151 68
0.0624107 68
0.0615571 68
0.0614042 68
0.0609598 68
0.0623156 68
0.0615637 68
0.0619788 68
0.0684257 68
0.0680703 68
0.0658482 68
0.0657056 68
0.0626604 68
0.0639767 68
0.0617971 68
0.060632 68
0.0617637 68
0.0688988 68
0.068946 68
0.0652601 68
0.0618556 68
0.0614264 68
0.0611677 68
0.0646141 68
0.0681283 67
0.0709725 67
0.0661384 67
0.0642658 67
0.0635747 67
0.0638331 67
0.0626492 67
0.0614804 67
0.0618114 67
0.0630678 67
0.0617707 67
0.0613632 67
0.0619604 67
0.0622255 67
0.0611281 67
0.0656956 67
0.0710419 68
0.0683683 68
0.0666921 68
0.0640667 68
0.0655078 68
0.0637401 68
0.0617279 68
0.0622922 68
0.0651841 68
0.0659463 68
0.0626272 68
0.0619112 68
0.061917 68
0.0617284 68
0.0635784 68
0.0686584 66
0.071707 66
0.0685156 66
0.0683705 66
0.0644003 66
0.0617025 66
0.0643928 66
0.0643668 66
0.062281 66
0.0651882 66
0.065554 66
0.0627434 66
0.0613821 66
0.0621895 66
0.0752736 66
0.0888049 66
0.0773744 64
0.0772206 64
0.0706828 64
0.0727057 64
0.0667199 64
0.0658461 64
0.0708024 64
0.0706308 64
0.0648897 64
0.0647131 64
0.0626953 64
0.0619177 64
0.0654024 64
0.0768386 64
0.0762777 62
0.0691797 62
0.0657385 62
0.0618853 62
0.0621642 62
0.0628718 62
0.0636489 62
0.0662821 62
0.0657081 62
0.062078 62
0.0631012 62
0.0646728 62
0.06331 62
0.0685909 62
0.0662626 62
0.0667742 62
0.0682939 66
0.0677845 66
0.0640861 66
0.0620329 66
0.0617887 66
0.0635232 66
0.0648129 66
0.0640824 66
0.0656913 66
0.0652884 66
0.0620841 66
0.0658495 66
0.0625498 66
0.0656311 66
0.0666933 66
0.0673243 66
0.0694334 66
0.0661388 66
0.0623204 66
0.0650533 66
0.0654889 66
0.0659341 66
0.0625191 66
0.0633182 66
0.0627753 66
0.0626904 66
0.0633193 66
0.0638934 66
0.0659219 66
0.0668495 66
0.071513 66
0.0682977 66
0.0675099 66
0.0633747 66
0.0633018 66
0.0654929 66
0.0626506 66
0.0628654 66
0.0640473 66
0.0626896 66
0.0623559 66
0.0641014 66
0.0682529 66
0.0646494 66
0.0659916 66
0.0703183 66
0.0697441 66
0.0790155 66
0.0666978 66
0.0643056 66
0.0655163 66
0.0632401 66
0.0628393 66
0.0636631 66
0.0629282 66
0.0629536 66
0.0636852 66
0.0658114 66
0.0634846 66
0.0649094 66
0.0675303 66
0.0689097 66
0.0672583 65
0.0662165 65
0.0631389 65
0.0644594 65
0.0661199 65
0.0629899 65
0.0661367 65
0.0662336 65
0.0659905 65
0.0641468 65
0.06315 65
0.0676376 65
0.0676821 65
0.0671925 65
0.0675345 65
0.069454 66
0.0688125 66
0.0627689 66
0.0627662 66
0.0627108 66
0.0644991 66
0.0661131 66
0.064177 66
0.062972 66
0.0635029 66
0.0624343 66
0.0633344 66
0.0642277 66
0.0721537 66
0.0694664 66
0.0703307 66
0.0673616 66
0.067116 66
0.0650891 66
0.0628692 66
0.063251 66
0.063251 66
0.064757 66
0.0632668 66
0.0660831 66
0.0647204 66
0.063024 66
0.0638505 66
0.0664382 66
0.0716378 66
0.0703417 66
0.0684252 66
0.0659003 66
0.0631306 66
0.062894 66
0.0634508 66
0.0634885 66
0.0675856 66
0.0638166 66
0.0636933 66
0.0628296 66
0.063678 66
0.063762 66
0.0675868 66
0.0681788 66
0.0686911 66
0.0699852 66
0.0696844 66
0.0653502 66
0.0657807 66
0.0636741 66
0.063703 66
0.0638381 66
0.0647905 66
0.0646509 66
0.06628 66
0.0638824 66
0.0631041 66
0.0648149 66
0.0726984 66
0.0732892 66
0.0712003 66
0.0666594 65
0.0634466 65
0.0653644 65
0.0708283 65
0.0646519 65
0.0649981 65
0.0705059 65
0.0641339 65
0.0636815 65
0.0637051 65
0.0650509 65
0.0664118 65
0.0680858 65
0.0690971 65
0.0741969 65
0.0681326 64
0.0673583 64
0.0661821 64
0.0639044 64
0.0639236 64
0.065486 64
0.0652593 64
0.0689436 64
0.0642201 64
0.0719409 64
0.0711573 64
0.0838928 64
0.078569 64
0.0728856 64
0.0711368 64
0.0742607 61
0.0694846 61
0.067139 61
0.0642721 61
0.0639603 61
0.0657059 61
0.0674249 61
0.0640881 61
0.0639989 61
0.0640268 61
0.0643427 61
0.0692674 61
0.0694074 61
0.071379 61
0.0701424 61
0.0670599 64
0.0675615 64
0.0645784 64
0.0665512 64
0.0650656 64
0.0687557 64
0.0639839 64
0.0641813 64
0.0643895 64
0.0676816 64
0.0651225 64
0.0688452 64
0.0707102 64
0.0688729 64
0.0682907 64
0.0667223 65
0.064273 65
0.0641295 65
0.0643082 65
0.0654115 65
0.067075 65
0.0643514 65
0.0673039 65
0.0688759 65
0.0644752 65
0.064949 65
0.0687167 65
0.0717097 65
0.0714894 65
0.0716684 65
0.0644553 64
0.064962 64
0.0652439 64
0.0645095 64
0.064478 64
0.0652 64
0.0650691 64
0.0677867 64
0.0643832 64
0.0643201 64
0.0684037 64
0.0713156 64
0.0703477 64
0.0767068 64
0.0688972 64
0.0644601 64
0.0646641 64
0.0643702 64
0.0647002 64
0.0670488 64
0.0656594 64
0.0645864 64
0.0642121 64
0.0656848 64
0.0674789 64
0.0660491 64
0.0691841 64
0.073325 64
0.0697273 64
0.0686896 64
0.0642114 64
0.0644318 65
0.0648705 65
0.0676444 65
0.0675739 65
0.0687372 65
0.0645709 65
0.0646523 65
0.0648795 65
0.0649529 65
0.066022 65
0.0713647 65
0.0708861 65
0.0736153 65
0.0702652 65
0.0716288 65
0.064835 63
0.0682858 63
0.0649278 63
0.0658698 63
0.0652168 63
0.0676218 63
0.0647819 63
0.0653473 63
0.0642035 63
0.0687921 63
0.0696857 63
0.0708045 63
0.0694309 63
0.0678753 63
0.0674531 63
0.064856 64
0.0648759 64
0.0648287 64
0.0712412 64
0.0674897 64
0.0651832 64
0.0678559 64
0.0650994 64
0.0682272 64
0.0723665 64
0.0695514 64
0.0725196 64
0.0694052 64
0.0666278 64
0.0652022 64
0.067937 64
0.0677893 64
0.0681485 64
0.0662146 64
0.0650118 64
0.066057 64
0.0671396 64
0.0655469 64
0.0650115 64
0.070844 64
0.0704536 64
0.0717608 64
0.0697198 64
0.0664157 64
0.0680545 64
0.0649223 63
0.0651467 63
0.0661977 63
0.0687989 63
0.0654615 63
0.0650252 63
0.0667376 63
0.0651377 63
0.0659289 63
0.0699635 63
0.0734188 63
0.0701539 63
0.0694335 63
0.0656236 63
0.0664347 63
0.0675795 64
0.0656452 64
0.0682632 64
0.0711335 64
0.065276 64
0.0654346 64
0.0680012 64
0.0651901 64
0.0674832 64
0.0745498 64
0.0702813 64
0.072376 64
0.0688724 64
0.0689986 64
0.0654536 64
0.0655115 63
0.0701589 63
0.0691004 63
0.0653325 63
0.069049 63
0.0654631 63
0.065914 63
0.0662655 63
0.0726812 63
0.0713037 63
0.0733022 63
0.0700576 63
0.065882 63
0.0657799 63
0.0655667 63
0.0681732 63
0.0684548 63
0.0695827 63
0.0685011 63
0.0658309 63
0.0654898 63
0.0680339 63
0.0663235 63
0.0702802 63
0.0737682 63
0.070781 63
0.0707596 63
0.0682182 63
0.0701474 63
0.0654072 62
0.0657218 62
0.0683057 62
0.0669016 62
0.0661497 62
0.0673262 62
0.0662362 62
0.0658801 62
0.0678132 62
0.0738241 62
0.0720253 62
0.0707807 62
0.067893 62
0.0682022 62
0.0659802 62
0.0660192 64
0.0684931 64
0.0667169 64
0.0657132 64
0.0671123 64
0.0662694 64
0.0660602 64
0.0658885 64
0.07209 64
0.0719109 64
0.07381 64
0.070743 64
0.0668899 64
0.0691409 64
0.0696743 64
0.0661205 62
0.0660753 62
0.0684791 62
0.0657218 62
0.0663806 62
0.0661488 62
0.0717604 62
0.0698881 62
0.0740715 62
0.0717758 62
0.0712923 62
0.0689935 62
0.0659081 62
0.0658336 62
0.0659352 62
0.0677464 63
0.0661556 63
0.0673352 63
0.0691899 63
0.0698024 63
0.0664192 63
0.0679587 63
0.0698778 63
0.0716673 63
0.0717804 63
0.0734561 63
0.0675365 63
0.0662912 63
0.0686736 63
0.0692846 63
0.0693963 63
0.0676681 63
0.066967 63
0.0675603 63
0.0663223 63
0.0663741 63
0.0711003 63
0.0752328 63
0.075765 63
0.0722081 63
0.0699664 63
0.0708734 63
0.0668155 63
0.0659668 63
0.0670268 62
0.0719667 62
0.0687256 62
0.0685271 62
0.0666801 62
0.0662068 62
0.0689461 62
0.0705581 62
0.0728685 62
0.071457 62
0.0734832 62
0.0669918 62
0.0680949 62
0.0666505 62
0.0665937 62
0.0676771 62
0.0677344 62
0.0661913 62
0.0667403 62
0.0700594 62
0.0663801 62
0.0674591 62
0.0740021 62
0.0722968 62
0.0715948 62
0.071154 62
0.0662376 62
0.0663772 62
0.0685135 62
0.0666149 62
0.0674813 63
0.0686246 63
0.0700747 63
0.0688449 63
0.0666926 63
0.0667563 63
0.0707587 63
0.072032 63
0.0728485 63
0.0714768 63
0.069002 63
0.0663592 63
0.0666047 63
0.0675486 63
0.0668694 62
0.0678339 62
0.0673774 62
0.0684655 62
0.066708 62
0.0674032 62
0.0694395 62
0.0720979 62
0.074525 62
0.0775152 62
0.0761841 62
0.067636 62
0.0667334 62
0.0691277 62
0.0668286 62
0.0682098 62
0.0690282 62
0.0681453 62
0.0678566 62
0.0735944 62
0.0710172 62
0.0741346 62
0.0767544 62
0.0738866 62
0.0716705 62
0.0684792 62
0.0668354 62
0.0669653 62
0.0682334 62
0.0672647 61
0.0681345 61
0.0694289 61
0.0669937 61
0.0670533 61
0.0708223 61
0.0699285 61
0.076668 61
0.0750478 61
0.0717838 61
0.0689342 61
0.0669465 61
0.0674981 61
0.0688431 61
0.0672811 61
0.068058 62
0.0710548 62
0.0672497 62
0.0685443 62
0.0690322 62
0.0688157 62
0.0747549 62
0.0733895 62
0.0804801 62
0.0718087 62
0.0680903 62
0.0687352 62
0.0671228 62
0.0679731 62
0.0685362 61
0.0672313 61
0.0688939 61
0.0671673 61
0.0675343 61
0.0721228 61
0.073579 61
0.0754176 61
0.0740598 61
0.0718874 61
0.0713573 61
0.0679411 61
0.0685635 61
0.0708064 61
0.0710585 61
0.0671859 61
0.0702692 61
0.0768505 61
0.069285 61
0.0677337 61
0.0722715 61
0.0747418 61
0.0725976 61
0.0722676 61
0.0693948 61
0.0674425 61
0.0680023 61
0.0699118 61
0.0679124 61
0.0698784 61
0.0685001 61
0.0678551 61
0.0707191 61
0.0678105 61
0.07138 61
0.0729032 61
0.0746912 61
0.07251 61
0.069203 61
0.0715785 61
0.0703353 61
0.0705342 61
0.0728694 61
0.069685 60
0.0739994 60
0.0696748 60
0.0686973 60
0.0677925 60
0.0723689 60
0.0764625 60
0.0740717 60
0.0736033 60
0.0690923 60
0.0691934 60
0.0678466 60
0.0676741 60
0.0717613 60
0.0695074 60
0.0691106 61
0.0686254 61
0.067838 61
0.0711993 61
0.0701788 61
0.0757702 61
0.0737654 61
0.0727675 61
0.0727654 61
0.0675566 61
0.0692408 61
0.0678386 61
0.0676877 61
0.071841 61
0.0692316 61
0.069214 61
0.0682133 61
0.0680294 61
0.0728676 61
0.0752848 61
0.0732852 61
0.0846006 61
0.0739632 61
0.0681392 61
0.0700442 61
0.0680513 61
0.0693715 61
0.0694181 61
0.0720609 60
0.0704964 60
0.0684932 60
0.0737451 60
0.0715316 60
0.0733526 60
0.0798254 60
0.0756131 60
0.0707033 60
0.0725947 60
0.0683445 60
0.0698006 60
0.0689461 60
0.0703305 60
0.068063 60
0.0684586 60
0.071216 60
0.0682058 60
0.0729644 60
0.0729414 60
0.0769903 60
0.0752006 60
0.0706093 60
0.0690931 60
0.0683017 60
0.0690776 60
0.0685434 60
0.0694517 60
0.0701247 60
0.0690772 61
0.070058 61
0.0683496 61
0.0692872 61
0.0757372 61
0.0756815 61
0.0729334 61
0.0729993 61
0.0683622 61
0.0721974 61
0.0686198 61
0.0753779 61
0.0761241 61
0.0720297 61
0.0685461 59
0.0683732 59
0.0697111 59
0.0699254 59
0.0766069 59
0.0756494 59
0.0765351 59
0.0748978 59
0.0720332 59
0.0697167 59
0.0684462 59
0.0714664 59
0.070149 59
0.0721726 59
0.0689789 60
0.0711864 60
0.0693587 60
0.072033 60
0.0825958 60
0.0771726 60
0.0767874 60
0.073547 60
0.0695116 60
0.0685432 60
0.0690052 60
0.0706996 60
0.0701645 60
0.0712107 60
0.0689441 60
0.0689743 60
0.0693375 60
0.0718588 60
0.0754635 60
0.0752445 60
0.0741949 60
0.0708404 60
0.0687709 60
0.071373 60
0.0727426 60
0.0715908 60
0.070203 60
0.0697372 60
0.0688357 60
0.0724588 60
0.0690154 60
0.0755747 60
0.0746659 60
0.0778605 60
0.076176 60
0.0774606 60
0.0716347 60
0.0695362 60
0.0689579 60
0.07284 60
0.072347 60
0.0727983 60
0.0726071 59
0.0685895 59
0.0728611 59
0.0771799 59
0.0752557 59
0.0794505 59
0.075943 59
0.0695964 59
0.0745898 59
0.0690525 59
0.0710727 59
0.0728018 59
0.0735874 59
0.0697236 59
0.0688968 59
0.0690949 59
0.074069 59
0.0774238 59
0.0768839 59
0.0739945 59
0.0805473 59
0.0777885 59
0.0694076 59
0.0692626 59
0.0700388 59
0.0725157 59
0.0691167 59
0.0718119 59
0.0697331 58
0.0716741 58
0.0718056 58
0.0878895 58
0.0796454 58
0.0744749 58
0.0746046 58
0.0720604 58
0.070348 58
0.0754874 58
0.0731 58
0.0770939 58
0.0706921 58
0.0707044 58
0.0706713 58
0.0705656 58
0.0752352 58
0.0755128 58
0.0747288 58
0.0779137 58
0.0697195 58
0.0694331 58
0.0696233 58
0.0713735 58
0.0706307 58
0.0768858 58
0.0711805 58
0.0728293 58
0.070643 59
0.07124 59
0.0838607 59
0.0814553 59
0.0841674 59
0.0736768 59
0.0716214 59
0.0695396 59
0.0699048 59
0.0703833 59
0.0708938 59
0.0700279 59
0.0697169 59
0.0756064 57
0.073418 57
0.0741751 57
0.0788332 57
0.0785645 57
0.0754533 57
0.07032 57
0.0724839 57
0.0700053 57
0.0736635 57
0.0708828 57
0.07337 57
0.0777859 57
0.0707376 57
0.0730713 59
0.0720053 59
0.0749661 59
0.0775434 59
0.0749775 59
0.0736995 59
0.07254 59
0.0703477 59
0.0781786 59
0.0762402 59
0.0715548 59
0.0701834 59
0.0713772 59
0.0730013 59
0.0736132 58
0.0740975 58
0.075631 58
0.0779541 58
0.0746372 58
0.0712703 58
0.0716079 58
0.0708597 58
0.0726019 58
0.0702854 58
0.0758193 58
0.0733933 58
0.0702313 58
0.070695 58
0.0707617 59
0.0754217 59
0.0761669 59
0.0765213 59
0.078621 59
0.0709837 59
0.0713182 59
0.0716794 59
0.0722655 59
0.0737889 59
0.0781024 59
0.0738046 59
0.0706908 59
0.0707361 59
0.0857709 58
0.0798163 58
0.077583 58
0.0796928 58
0.0800887 58
0.0753181 58
0.0702784 58
0.0732525 58
0.0733747 58
0.0734093 58
0.0753293 58
0.0728595 58
0.0719474 58
0.0800874 56
0.0770391 56
0.0770503 56
0.0774504 56
0.07824 56
0.0757747 56
0.0715511 56
0.073348 56
0.0737623 56
0.0723954 56
0.0728268 56
0.0748845 56
0.0712948 56
0.0744356 57
0.0788889 57
0.0780231 57
0.0774899 57
0.0801309 57
0.0737935 57
0.0708927 57
0.0708102 57
0.0710243 57
0.0745538 57
0.073769 57
0.0713418 57
0.0736388 57
0.0705683 57
0.0731546 58
0.0761779 58
0.0771248 58
0.0759764 58
0.0755479 58
0.0716708 58
0.0729451 58
0.073009 58
0.0718111 58
0.0760354 58
0.0712673 58
0.0720552 58
0.0722144 58
0.0713615 58
0.0794798 58
0.0786082 58
0.0804577 58
0.0778578 58
0.071678 58
0.0740157 58
0.0776693 58
0.0752657 58
0.080505 58
0.0730607 58
0.0729374 58
0.0714273 58
0.0721731 58
0.0751255 57
0.077392 57
0.0794031 57
0.0780556 57
0.0704527 57
0.0708533 57
0.071159 57
0.0717322 57
0.0779519 57
0.0737098 57
0.0718534 57
0.072378 57
0.0719307 57
0.07426 57
0.0789498 57
0.0790772 57
0.078284 57
0.0802799 57
0.0729159 57
0.0726533 57
0.0730345 57
0.0769945 57
0.0735576 57
0.0718603 57
0.0725892 57
0.0722695 57
0.0743212 57
0.0772438 57
0.0796687 57
0.0789066 57
0.0785382 57
0.0722851 57
0.0743074 57
0.0723708 57
0.0729403 57
0.0740668 57
0.0727482 57
0.0731293 57
0.0718241 57
0.0732166 57
0.0747537 57
0.0807764 57
0.078447 57
0.0802012 57
0.0791078 57
0.0739207 57
0.0741324 57
0.0723722 57
0.0745761 57
0.0722442 57
0.0755495 57
0.0758264 57
0.0720293 57
0.077887 57
0.0786011 57
0.078876 57
0.0786471 57
0.0763411 57
0.0725638 57
0.0762029 57
0.0729541 57
0.0720314 57
0.0739937 57
0.0721828 57
0.0755065 57
0.0718639 57
0.0722 57
0.0811508 57
0.0845689 57
0.0858181 57
0.0776333 57
0.0739004 57
0.0728051 57
0.075084 57
0.0774697 57
0.0782018 57
0.0725457 57
0.0740212 57
0.0739035 57
0.0756468 57
0.0800335 57
0.0808395 55
0.0802444 55
0.0777078 55
0.0750234 55
0.0733207 55
0.0723991 55
0.075355 55
0.0745213 55
0.0775383 55
0.0764465 55
0.073369 55
0.0732172 55
0.0811504 55
0.084233 57
0.0820587 57
0.0787639 57
0.0762709 57
0.0729969 57
0.0733673 57
0.0753298 57
0.074507 57
0.0763366 57
0.0742521 57
0.0733017 57
0.0728428 57
0.0800631 57
0.0841371 55
0.0847 55
0.0854135 55
0.0752458 55
0.073658 55
0.0731429 55
0.0778389 55
0.0887538 55
0.0733179 55
0.0729487 55
0.0732596 55
0.0727961 55
0.0833112 55
0.0919088 54
0.0820212 54
0.0740755 54
0.0857427 54
0.0731645 54
0.0736773 54
0.0737585 54
0.0764599 54
0.074349 54
0.0734782 54
0.0734319 54
0.076028 54
0.0803034 54
0.079756 54
0.0819431 56
0.075601 56
0.0730101 56
0.0797582 56
0.0767167 56
0.072857 56
0.074607 56
0.0752984 56
0.0733215 56
0.0726679 56
0.0763806 56
0.0789591 56
0.0819248 56
0.078957 56
0.0781578 56
0.0725699 56
0.0751704 56
0.0728854 56
0.0729212 56
0.0755206 56
0.0761035 56
0.0746682 56
0.0739917 56
0.0737618 56
0.0791125 56
0.0846762 56
0.0800222 57
0.0765858 57
0.0854774 57
0.0743847 57
0.0732203 57
0.0734606 57
0.076229 57
0.0736956 57
0.0736242 57
0.0749735 57
0.0755679 57
0.0788739 57
0.0810151 57
0.0795024 55
0.0803871 55
0.0742894 55
0.0747523 55
0.073063 55
0.0737392 55
0.0755257 55
0.0738512 55
