=============
GeForce GTX 1660 Ti with Max-Q Design (Deferred worst case) (Forward)
1920, 1080
Viewport maximized: true
Window fullscreen: true
Position: -38.8, 5, 0
Rotation: -0.0452803, -0.705655, -0.0452803, 0.705656
Seed: 143797312
Room count: 5
Light count: 9
Sun Jan 16 16:30:04 2022
0.0275404 99
0.0276383 99
0.0271631 99
0.0276361 99
0.0276087 99
0.0275538 99
0.027574 99
0.0281904 99
0.0281213 99
0.0278762 99
0.0278979 99
0.0275703 99
0.027653 99
0.0280704 99
0.0278266 99
0.0276094 99
0.0276024 99
0.0278795 99
0.0275867 99
0.0280727 99
0.0274946 99
0.0276382 99
0.028234 99
0.0277561 99
0.0276057 99
0.027552 99
0.027992 99
0.0276017 99
0.0274638 99
0.0276635 99
0.0275936 99
0.027687 99
0.0276504 99
0.0275934 99
0.0277864 99
0.0276713 99
0.0274613 99
0.0278166 99
0.0274965 99
0.02761 99
0.0275915 99
0.0277587 99
0.0276355 99
0.0279373 99
0.0274419 99
0.0282233 99
0.0276707 99
0.0278806 99
0.027726 99
0.0272385 99
0.0277544 99
0.0277193 99
0.0276618 99
0.0277154 99
0.0274941 99
0.0276159 99
0.0275541 99
0.0278568 99
0.0274959 99
0.0280376 99
0.0281623 99
0.027837 99
0.0276178 99
0.0275544 99
0.0278807 99
0.0277888 99
0.0276426 99
0.0275893 99
0.0276364 99
0.0278728 99
0.0278055 99
0.0276136 99
0.0278258 99
0.0275521 99
0.0278379 99
0.0277777 99
0.0275223 99
0.0275495 99
0.0283064 99
0.027495 99
0.0277237 99
0.0276792 99
0.0274548 99
0.027728 99
0.0275824 99
0.0275155 99
0.0278036 99
0.0277196 99
0.0279709 99
0.0275781 99
0.0277666 99
0.0275075 99
0.0276549 99
0.0276704 99
0.0275377 99
0.027621 99
0.0275462 99
0.0277419 99
0.0277022 99
0.0277456 99
0.0280995 99
0.0277242 99
0.027741 99
0.0278172 99
0.0276153 99
0.027793 99
0.0277056 99
0.0276648 99
0.0278852 99
0.0275577 99
0.0278728 99
0.0276058 99
0.0276185 99
0.0275836 99
0.0276723 99
0.0275124 99
0.0279927 99
0.0277011 99
0.027909 99
0.0275655 99
0.0275035 99
0.0276921 99
0.027598 99
0.0274957 99
0.0276825 99
0.0275774 99
0.0277314 99
0.0279819 99
0.0275891 99
0.0279751 99
0.0276099 99
0.02756 99
0.0282516 99
0.0287225 99
0.0278119 99
0.0275922 99
0.0275638 99
0.0277406 99
0.0274596 99
0.0275562 99
0.0279316 99
0.0275673 99
0.0274805 99
0.0276922 99
0.0277057 99
0.0280366 99
0.0277383 99
0.0275211 99
0.0277204 99
0.0275614 99
0.0276255 99
0.0278332 99
0.0284416 99
0.0278348 99
0.0283829 99
0.0275963 99
0.0288133 99
0.027865 99
0.0276445 99
0.0277411 99
0.0277529 99
0.02778 99
0.0276428 99
0.0277003 99
0.0282144 99
0.0274468 99
0.0275326 99
0.0286596 99
0.0275238 99
0.0276801 99
0.027628 99
0.0276738 99
0.0276881 99
0.0276412 99
0.0279939 99
0.0275362 99
0.0275538 99
0.0275054 99
0.027997 99
0.0276708 99
0.0278695 99
0.0277921 99
0.0278721 99
0.0274989 99
0.0277809 99
0.0275557 99
0.0280558 99
0.0278992 99
0.0277597 99
0.0275474 99
0.0276052 99
0.0277311 99
0.0276776 99
0.0274749 99
0.0276773 99
0.0273183 99
0.0275492 99
0.0277586 99
0.0278942 99
0.0277213 99
0.0276533 99
0.0277185 99
0.0275879 99
0.0275654 99
0.02753 99
0.0276404 99
0.0277705 99
0.0277424 99
0.0286755 99
0.0274691 99
0.0275326 99
0.0278277 99
0.027535 99
0.028073 99
0.0275899 99
0.0277089 99
0.0277182 99
0.027579 99
0.027731 99
0.0274906 99
0.027641 99
0.0277586 99
0.0278519 99
0.0276047 99
0.0279952 99
0.0279414 99
0.0278357 99
0.0281313 99
0.0276688 99
0.0275654 99
0.0277786 99
0.0275486 99
0.0279005 99
0.027519 99
0.0276565 99
0.0277904 99
0.0276593 99
0.0281418 99
0.0275696 99
0.0278864 99
0.027552 99
0.028056 99
0.0279649 99
0.0275738 99
0.0274102 99
0.0280562 99
0.027523 99
0.0274798 99
0.0277746 99
0.0279513 99
0.027392 99
0.0277582 99
0.0281883 99
0.0276803 99
0.0279928 99
0.027939 99
0.0276921 99
0.0275708 99
0.0276036 99
0.0273415 99
0.0276547 99
0.0276533 99
0.0276659 99
0.0275109 99
0.0282761 99
0.0270497 99
0.0277455 99
0.0275575 99
0.0277339 99
0.0277017 99
0.0278594 99
0.027603 99
0.0277541 99
0.0279158 99
0.0277281 99
0.0277018 99
0.0275732 99
0.0276665 99
0.027554 99
0.0279507 99
0.0277011 99
0.0277688 99
0.0276628 99
0.0276512 99
0.0275213 99
0.0275749 99
0.0276521 99
0.027679 99
0.0279225 99
0.027402 99
0.0275785 99
0.027649 99
0.0276806 99
0.0276644 99
0.0279062 99
0.027463 99
0.0280032 99
0.0279021 99
0.0279353 99
0.027854 99
0.027603 99
0.027532 99
0.027806 99
0.0280873 99
0.0277343 99
0.0278899 99
0.0274703 99
0.0278626 99
0.0277337 99
0.0277369 99
0.0276721 99
0.0277545 99
0.0277495 99
0.0275464 99
0.0275424 99
0.0278336 99
0.0277975 99
0.0277769 99
0.0274826 99
0.0280486 99
0.0276456 99
0.0275468 99
0.0275204 99
0.0276748 99
0.027718 99
0.0274955 99
0.0276444 99
0.0271913 99
0.0277024 99
0.0290383 99
0.0276224 99
0.0276819 99
0.027913 99
0.0274201 99
0.0278743 99
0.0277102 99
0.0278161 99
0.02772 99
0.0276524 99
0.0293167 99
0.0276963 99
0.0275145 99
0.0284267 99
0.0280055 99
0.0277664 99
0.0277666 99
0.027768 99
0.0281367 99
0.028051 99
0.0274337 99
0.0280387 99
0.0277793 99
0.0276364 99
0.0277551 99
0.0280004 99
0.0276316 99
0.0278632 99
0.0276542 99
0.0279247 99
0.0278338 99
0.0274793 99
0.0276822 99
0.0276329 99
0.0275901 99
0.0276514 99
0.027726 99
0.0278129 99
0.0278866 99
0.0276487 99
0.0278471 99
0.027605 99
0.0280918 99
0.0276359 99
0.0274675 99
0.027707 99
0.0277944 99
0.0276613 99
0.0277772 99
0.0277856 99
0.0275692 99
0.0279767 99
0.0276437 99
0.0277752 99
0.0278315 99
0.027582 99
0.0277156 99
0.0280852 99
0.0279949 99
0.0282488 99
0.0275239 99
0.0278542 99
0.0275455 99
0.0275779 99
0.0275927 99
0.0276178 99
0.0278777 99
0.0275745 99
0.0276304 99
0.0284018 99
0.0276335 99
0.0276968 99
0.0277508 99
0.0277843 99
0.0276135 99
0.027538 99
0.0274954 99
0.027934 99
0.0278642 99
0.027804 99
0.0279511 99
0.0280779 99
0.0277475 99
0.0276662 99
0.0276212 99
0.0280339 99
0.0276472 99
0.0275203 99
0.0276482 99
0.0276479 99
0.0274101 99
0.0278115 99
0.0274493 99
0.0278247 99
0.0280126 99
0.0276206 99
0.027937 99
0.0275632 99
0.0275937 99
0.0278387 99
0.0276527 99
0.0276603 99
0.0291417 99
0.0274576 99
0.0277117 99
0.0277367 99
0.0277071 99
0.027513 99
0.0274526 99
0.028316 99
0.0284106 99
0.0270935 99
0.0277112 99
0.0276695 99
0.0278781 99
0.0281082 99
0.0278816 99
0.0276933 99
0.0278542 99
0.0276072 99
0.0281499 99
0.0275304 99
0.0276897 99
0.0279899 99
0.0280385 99
0.0276583 99
0.0277528 99
0.0276543 99
0.0277323 99
0.0280132 99
0.0275863 99
0.0276038 99
0.0278825 99
0.0279489 99
0.0277098 99
0.0277567 99
0.0281308 99
0.0280819 99
0.0275174 99
0.0276426 99
0.0276332 99
0.0278046 99
0.0276327 99
0.0276641 99
0.0277965 99
0.0276194 99
0.0277353 99
0.0277086 99
0.0274385 99
0.0276321 99
0.0279539 99
0.027688 99
0.0277485 99
0.0275957 99
0.0276409 99
0.0278293 99
0.0277703 99
0.0276327 99
0.0276294 99
0.0275673 99
0.0279478 99
0.0278048 99
0.0276582 99
0.0279891 99
0.0277035 99
0.0273633 99
0.027999 99
0.0275314 99
0.0279768 99
0.027809 99
0.0276522 99
0.0277778 99
0.027643 99
0.0276826 99
0.027637 99
0.0275476 99
0.0280236 99
0.0276846 99
0.0277579 99
0.0277307 99
0.0278131 99
0.0279948 99
0.0276535 99
0.0275758 99
0.0278425 99
0.0278149 99
0.0278412 99
0.0277765 99
0.0279889 99
0.0276177 99
0.0274165 99
0.0274927 99
0.0275746 99
0.0277056 99
0.0276813 99
0.0278427 99
0.0277719 99
0.027641 99
0.02774 99
0.0276251 99
0.0277316 99
0.0276726 99
0.0276474 99
0.0275701 99
0.0281424 99
0.0275145 99
0.0277159 99
0.02801 99
0.0276192 99
0.0279245 99
0.0376031 99
0.0176656 99
0.0278125 99
0.0278269 99
0.0277882 99
0.0276817 99
0.0276561 99
0.027859 99
0.0278096 99
0.0275752 99
0.0278873 99
0.0276412 99
0.0277405 99
0.0278119 99
0.0276614 99
0.0278635 99
0.0278636 99
0.0277118 99
0.0277361 99
0.0276446 99
0.0279142 99
0.0378742 99
0.0208741 99
0.0262961 99
0.0266455 99
0.0266493 99
0.0268531 99
0.0268933 99
0.0277963 99
0.0288187 99
0.027755 99
0.0276294 99
0.0277688 99
0.0281804 99
0.0275975 99
0.0279161 99
0.0277473 99
0.027844 99
0.0280273 99
0.027765 99
0.0277081 99
0.0278631 99
0.0274611 99
0.0279663 99
0.0277253 99
0.0278191 99
0.0277896 99
0.0274929 99
0.0277589 99
0.0277353 99
0.0278268 99
0.0277451 99
0.0278896 99
0.027937 99
0.0276892 99
0.0276589 99
0.0280146 99
0.0278635 99
0.0276651 99
0.0277099 99
0.0277463 99
0.027635 99
0.0279026 99
0.0278112 99
0.0278859 99
0.0277835 99
0.0275934 99
0.0277474 99
0.0278201 99
0.0276176 99
0.0279635 99
0.0275548 99
0.0283857 99
0.0278064 99
0.0277342 99
0.0275195 99
0.0277756 99
0.027617 99
0.0279389 99
0.0276417 99
0.0278573 99
0.027735 99
0.0276951 99
0.0278224 99
0.0277209 99
0.0277713 99
0.0277986 99
0.027508 99
0.0278692 99
0.0280501 99
0.0281059 99
0.0279978 99
0.027685 99
0.0275924 99
0.0276199 99
0.0276902 99
0.027984 99
0.0278545 99
0.0277835 99
0.0279879 99
0.0276046 99
0.0277576 99
0.0278967 99
0.0282261 99
0.0278048 99
0.0277456 99
0.0277505 99
0.0278024 99
0.0277179 99
0.0277776 99
0.0278523 99
0.0276152 99
0.0285638 99
0.0277501 99
0.0278626 99
0.0278124 99
0.0277156 99
0.0279452 99
0.0278301 99
0.0274992 99
0.0278723 99
0.0277374 99
0.0278567 99
0.0276083 99
0.0278871 99
0.0276708 99
0.0278952 99
0.0275147 99
0.0277784 99
0.0277161 99
0.0277785 99
0.0277759 99
0.0277478 99
0.0278259 99
0.0281762 99
0.0276546 99
0.027684 99
0.0282034 99
0.0277696 99
0.0278679 99
0.0277083 99
0.0283592 99
0.0277231 99
0.0277022 99
0.0279703 99
0.0277756 99
0.0277949 99
0.0278884 99
0.0278201 99
0.0276902 99
0.0278736 99
0.0276984 99
0.0275719 99
0.0279683 99
0.0276008 99
0.0277254 99
0.0280717 99
0.0279103 99
0.0279543 99
0.0277965 99
0.0277559 99
0.027715 99
0.0278129 99
0.027721 99
0.0278755 99
0.0277926 99
0.0279007 99
0.0282736 99
0.0275651 99
0.027824 99
0.0275604 99
0.0278555 99
0.0277693 99
0.0277844 99
0.0279731 99
0.0273352 99
0.0278925 99
0.0274717 99
0.027956 99
0.0277117 99
0.0281237 99
0.0276583 99
0.0279243 99
0.0277656 99
0.0275934 99
0.0280307 99
0.0275713 99
0.0277124 99
0.0278554 99
0.0279605 99
0.0278293 99
0.0279583 99
0.0276909 99
0.0276668 99
0.0279841 99
0.0278676 99
0.0277585 99
0.0277783 99
0.0280408 99
0.0277072 99
0.0276813 99
0.0277947 99
0.0279917 99
0.0277118 99
0.0281566 99
0.0277434 99
0.0278608 99
0.0278289 99
0.0277619 99
0.0279367 99
0.0276905 99
0.0279743 99
0.027693 99
0.0279579 99
0.0277122 99
0.0282856 99
0.027787 99
0.0282219 99
0.0277251 99
0.0275229 99
0.0279083 99
0.0273892 99
0.027887 99
0.0280609 99
0.0277114 99
0.027808 99
0.0280854 99
0.027703 99
0.0277621 99
0.0277258 99
0.0277617 99
0.0276931 99
0.0277097 99
0.0280802 99
0.0277604 99
0.0277808 99
0.0278546 99
0.027838 99
0.0278632 99
0.0277945 99
0.0278252 99
0.0281818 99
0.0285201 99
0.0276922 99
0.0277512 99
0.0274716 99
0.0278238 99
0.0279949 99
0.027802 99
0.027821 99
0.0278096 99
0.0275618 99
0.0279356 99
0.0279512 99
0.0276563 99
0.0277674 99
0.0278076 99
0.027793 99
0.0278338 99
0.0277956 99
0.0283439 99
0.0277418 99
0.0279839 99
0.0275239 99
0.028484 99
0.0276957 99
0.0278449 99
0.0275674 99
0.0279786 99
0.0277702 99
0.0277015 99
0.0277667 99
0.0276785 99
0.0278692 99
0.0276635 99
0.0278546 99
0.0278523 99
0.0275437 99
0.0275671 99
0.027812 99
0.0276764 99
0.0277814 99
0.0277469 99
0.0277033 99
0.0279568 99
0.027766 99
0.0275482 99
0.0278877 99
0.028005 99
0.0278551 99
0.0278212 99
0.027588 99
0.0277483 99
0.0278309 99
0.0276444 99
0.0274254 99
0.0278384 99
0.0278214 99
0.0277883 99
0.0282295 99
0.0278199 99
0.027977 99
0.0276182 99
0.0281617 99
0.0279718 99
0.0280221 99
0.0278782 99
0.0277036 99
0.0274751 99
0.0281656 99
0.0278304 99
0.0277237 99
0.0278681 99
0.0276394 99
0.0277681 99
0.0276809 99
0.0275957 99
0.0282003 99
0.0288765 99
0.0284085 99
0.0278121 99
0.0277438 99
0.0276949 99
0.0275746 99
0.0279335 99
0.0275639 99
0.027958 99
0.0279653 99
0.0278833 99
0.0276832 99
0.0279465 99
0.0282593 99
0.0278337 99
0.0279419 99
0.0275597 99
0.0281854 99
0.0281865 99
0.0276514 99
0.0278768 99
0.027872 99
0.0278183 99
0.0278553 99
0.0277972 99
0.0278656 99
0.0280044 99
0.0276345 99
0.0279912 99
0.0281942 99
0.0278372 99
0.0274298 99
0.0278941 99
0.0279117 99
0.0281898 99
0.0281253 99
0.0279525 99
0.0275868 99
0.0279508 99
0.0279092 99
0.0275309 99
0.0279258 99
0.0278931 99
0.0279074 99
0.027665 99
0.027826 99
0.0276581 99
0.0292608 99
0.0274815 99
0.0281408 99
0.0276407 99
0.0283579 99
0.028039 99
0.0276789 99
0.0295627 99
0.0279513 99
0.0276764 99
0.0278953 99
0.0276025 99
0.0280378 99
0.0276086 99
0.0278381 99
0.0276899 99
0.0279403 99
0.0282339 99
0.028096 99
0.027937 99
0.027745 99
0.0277604 99
0.0278419 99
0.0277289 99
0.0277526 99
0.0278127 99
0.0279344 99
0.0276324 99
0.0279149 99
0.027972 99
0.0277115 99
0.0278484 99
0.0277474 99
0.0278617 99
0.0278282 99
0.0279648 99
0.0279337 99
0.0278661 99
0.0276368 99
0.0281009 99
0.0280148 99
0.0279101 99
0.0276754 99
0.0278495 99
0.0279457 99
0.0277528 99
0.0277106 99
0.0283707 99
0.028069 99
0.0277514 99
0.0276496 99
0.0277879 99
0.0279573 99
0.0278024 99
0.0277682 99
0.027857 99
0.027968 99
0.0281691 99
0.0278121 99
0.027775 99
0.0281522 99
0.0278822 99
0.0276555 99
0.0276967 99
0.0281097 99
0.0277113 99
0.0276954 99
0.028093 99
0.0276553 99
0.0279204 99
0.0290068 99
0.0277901 99
0.0281161 99
0.0275562 99
0.0278678 99
0.0279967 99
0.0277556 99
0.027872 99
0.0276002 99
0.0280336 99
0.0276901 99
0.0273522 99
0.0279105 99
0.0280295 99
0.0279431 99
0.0276906 99
0.0280567 99
0.0276418 99
0.0279265 99
0.028001 99
0.0279497 99
0.0276342 99
0.028025 99
0.0276239 99
0.0276357 99
0.0278906 99
0.0284567 99
0.0275568 99
0.0277158 99
0.0280017 99
0.0277896 99
0.02779 99
0.0282272 99
0.0278216 99
0.0278772 99
0.0280864 99
0.0278805 99
0.0276467 99
0.0279034 99
0.0281434 99
0.0277754 99
0.0277299 99
0.0279148 99
0.027621 99
0.0277857 99
0.0278867 99
0.0280519 99
0.0279559 99
0.0278087 99
0.0281624 99
0.0277233 99
0.0280667 99
0.0278146 99
0.0278961 99
0.0278086 99
0.0278988 99
0.027706 99
0.0275746 99
0.0289218 99
0.0282539 99
0.02772 99
0.0279346 99
0.0277625 99
0.0281624 99
0.0276356 99
0.0277531 99
0.027865 99
0.0277707 99
0.027902 99
0.0275974 99
0.0278645 99
0.0277771 99
0.0277766 99
0.0281714 99
0.027898 99
0.0278996 99
0.0278678 99
0.0278008 99
0.0277498 99
0.0279714 99
0.0276424 99
0.0280709 99
0.027631 99
0.027939 99
0.0275756 99
0.0277485 99
0.0277128 99
0.0282077 99
0.027555 99
0.0278468 99
0.0279931 99
0.0276553 99
0.027637 99
0.0277979 99
0.0280262 99
0.0276852 99
0.0278026 99
0.0278697 99
0.0277502 99
0.0281521 99
0.0278677 99
0.0277755 99
0.0280308 99
0.0278262 99
0.0277581 99
0.0278788 99
0.0279463 99
0.0276199 99
0.0279689 99
0.0280583 99
0.0280125 99
0.0276939 99
0.0277718 99
0.0279018 99
0.0279805 99
0.0277507 99
0.0277677 99
0.0279496 99
0.0277562 99
0.0278646 99
0.0276445 99
0.0278837 99
0.0277892 99
0.0279647 99
0.0276914 99
0.0277775 99
0.0277375 99
0.0278988 99
0.027693 99
0.0278262 99
0.0282004 99
0.0278077 99
0.0276523 99
0.0279734 99
0.0279603 99
0.0280759 99
0.0275773 99
0.0280356 99
0.0278618 99
0.0283202 99
0.0278882 99
0.0289146 99
0.0277092 99
0.0278746 99
0.0276555 99
0.0279355 99
0.0276452 99
0.0279783 99
0.0276293 99
0.0280625 99
0.0279023 99
0.0278393 99
0.0276466 99
0.027949 99
0.0277027 99
0.0279618 99
0.0276125 99
0.0279497 99
0.0278386 99
0.0279188 99
0.0265236 99
0.027699 99
0.0271618 99
0.0265169 99
0.0266856 99
0.0268492 99
0.0269372 99
0.026953 99
0.0270086 99
0.0269929 99
0.0267126 99
0.026803 99
0.0269862 99
0.0267003 99
0.0269924 99
0.0267425 99
0.0267262 99
0.0269648 99
0.0269391 99
0.0271694 99
0.0267998 99
0.0267184 99
0.0270258 99
0.0266099 99
0.0267822 99
0.026832 99
0.0270317 99
0.0268279 99
0.0268138 99
0.0273734 99
0.0267719 99
0.0269655 99
0.0270072 99
0.0283148 99
0.0280038 99
0.0279368 99
0.0277903 99
0.027825 99
0.0277219 99
0.027903 99
0.0275952 99
0.0280317 99
0.0273191 99
0.0282848 99
0.0277213 99
0.0277794 99
0.02789 99
0.0278973 99
0.0276366 99
0.0278494 99
0.0273901 99
0.0279617 99
0.0278646 99
0.027935 99
0.0278785 99
0.0279751 99
0.0277009 99
0.0278018 99
0.0278846 99
0.0276183 99
0.0278509 99
0.0279202 99
0.027999 99
0.0278373 99
0.028911 99
0.0283922 99
0.0277827 99
0.0279674 99
0.0278796 99
0.0278524 99
0.0275853 99
0.0279191 99
0.0278641 99
0.0276807 99
0.0280906 99
0.0280041 99
0.0277565 99
0.0281033 99
0.0276998 99
0.0280876 99
0.0277046 99
0.0278504 99
0.0280755 99
0.0276461 99
0.0283497 99
0.0279787 99
0.0276711 99
0.0279561 99
0.0276245 99
0.0281142 99
0.0278884 99
0.0277344 99
0.0290038 99
0.0277779 99
0.0277607 99
0.0277807 99
0.0279206 99
0.0279232 99
0.0283119 99
0.0276252 99
0.0276979 99
0.0279437 99
0.027696 99
0.0279067 99
0.0276417 99
0.0278709 99
0.0278791 99
0.0278045 99
0.0277585 99
0.0277461 99
0.0278857 99
0.027617 99
0.0275953 99
0.0289806 99
0.0277075 99
0.028184 99
0.02763 99
0.0277003 99
0.0279041 99
0.0278514 99
0.0279924 99
0.027997 99
0.0279587 99
0.0277822 99
0.0280223 99
0.027796 99
0.0282015 99
0.0277663 99
0.0279524 99
0.0280367 99
0.0282234 99
0.0289379 99
0.0277265 99
0.0278195 99
0.0279754 99
0.0276391 99
0.0276284 99
0.0278181 99
0.0283001 99
0.0278254 99
0.0277862 99
0.027798 99
0.0282046 99
0.0276252 99
0.0277425 99
0.0278348 99
0.0273532 99
0.0282431 99
0.027783 99
0.0277137 99
0.0277342 99
0.027657 99
0.0280298 99
0.0277447 99
0.0277919 99
0.0277593 99
0.0277841 99
0.0278306 99
0.0279147 99
0.0277158 99
0.0275728 99
0.0280551 99
0.0276115 99
0.0281408 99
0.0277966 99
0.0278429 99
0.0280158 99
0.0276912 99
0.0277292 99
0.027978 99
0.0276505 99
0.0279202 99
0.028109 99
0.0280244 99
0.0285675 99
0.0279353 99
0.0276972 99
0.0278183 99
0.0280559 99
0.0278472 99
0.0277137 99
0.0278334 99
0.0278728 99
0.0276512 99
0.0283414 99
0.0280725 99
0.027654 99
0.0279943 99
0.0280579 99
0.0275697 99
0.0280295 99
0.0276694 99
0.0277547 99
0.0281248 99
0.0280227 99
0.0278508 99
0.0282739 99
0.0279325 99
0.0278393 99
0.0278354 99
0.0274664 99
0.0278626 99
0.0278787 99
0.0278788 99
0.0278049 99
0.027733 99
0.0278743 99
0.0276879 99
0.0274479 99
0.0276925 99
0.0279888 99
0.0278932 99
0.0276642 99
0.0278608 99
0.0278188 99
0.0276645 99
0.0281482 99
0.027759 99
0.0280094 99
0.0280769 99
0.027711 99
0.0278854 99
0.0279705 99
0.0278033 99
0.0280542 99
0.0279804 99
0.0279083 99
0.0278351 99
0.0278558 99
0.0277515 99
0.0280437 99
0.027652 99
0.0278192 99
0.0277586 99
0.0277601 99
0.0286242 99
0.0277401 99
0.0277837 99
0.0278962 99
0.0280786 99
0.0278953 99
0.0278879 99
0.0279163 99
0.0280653 99
0.0279567 99
0.0282201 99
0.029167 99
0.0265554 99
0.0280708 99
0.0277737 99
0.0278317 99
0.0278712 99
0.0285621 99
0.0276965 99
0.0280262 99
0.0275726 99
0.0279901 99
0.0278248 99
0.0277434 99
0.0278579 99
0.0280242 99
0.0279217 99
0.0279106 99
0.0276684 99
0.0278812 99
0.0277944 99
0.0280117 99
0.0279266 99
0.0278679 99
0.0278622 99
0.0282416 99
0.0276271 99
0.0280057 99
0.0281642 99
0.0278685 99
0.027963 99
0.0279908 99
0.0279049 99
0.0279564 99
0.0276879 99
0.0296483 99
0.0280554 99
0.0278772 99
0.027817 99
0.0282983 99
0.0279703 99
0.0277434 99
0.0276991 99
0.0279112 99
0.0277658 99
0.0281876 99
0.0276726 99
0.0277845 99
0.0280226 99
0.0278924 99
0.027668 99
0.0277358 99
0.0277827 99
0.0288023 99
0.0278166 99
0.0278219 99
0.0278866 99
0.0283778 99
0.0276708 99
0.0279587 99
0.0277312 99
0.0281608 99
0.0278177 99
0.0278504 99
0.0278531 99
0.0277246 99
0.028135 99
0.027664 99
0.0278819 99
0.0285829 99
0.0277595 99
0.0278464 99
0.0278493 99
0.0279615 99
0.0278633 99
0.0281189 99
0.0276607 99
0.0281961 99
0.0277368 99
0.0278862 99
0.028149 99
0.0277328 99
0.027784 99
0.0281047 99
0.0276582 99
0.0280892 99
0.0280527 99
0.0278757 99
0.0278113 99
0.0278306 99
0.0278485 99
0.0278568 99
0.0277307 99
0.0279484 99
0.0278173 99
0.0279251 99
0.027888 99
0.0277424 99
0.0279613 99
0.0279146 99
0.0281817 99
0.0278178 99
0.028928 99
0.028163 99
0.0284567 99
0.0277867 99
0.0278589 99
0.0279135 99
0.0279297 99
0.0279226 99
0.0277749 99
0.0280526 99
0.0276817 99
0.0279753 99
0.0276318 99
0.0281282 99
0.0278695 99
0.0280657 99
0.0275857 99
0.0281921 99
0.0280864 99
0.0279425 99
0.027874 99
0.0278912 99
0.0278694 99
0.0283447 99
0.0277827 99
0.0280059 99
0.0277031 99
0.0279155 99
0.0279938 99
0.0278078 99
0.0296396 99
0.0278827 99
0.0277342 99
0.0277148 99
0.027851 99
0.028224 99
0.0276857 99
0.0276968 99
0.0281147 99
0.0277654 99
0.027777 99
0.0280541 99
0.0279132 99
0.0279482 99
0.0281809 99
0.0278548 99
0.0280432 99
0.0279857 99
0.0277714 99
0.0280458 99
0.0278078 99
0.0279102 99
0.0279831 99
0.0276841 99
0.0277466 99
0.0279362 99
0.0278577 99
0.0277715 99
0.0279332 99
0.027997 99
0.0277029 99
0.0278602 99
0.0281211 99
0.0279426 99
0.0281079 99
0.0278748 99
0.0281559 99
0.0282789 99
0.0277258 99
0.027802 99
0.0279548 99
0.0282158 99
0.027829 99
0.0278497 99
0.0276675 99
0.0281857 99
0.0280558 99
0.0277276 99
0.028343 99
0.0278629 99
0.0280679 99
0.0275714 99
0.0276357 99
0.0280351 99
0.0275 99
0.0278721 99
0.0277873 99
0.027963 99
0.0279005 99
0.0278654 99
0.0277672 99
0.0279072 99
0.0278096 99
0.0279305 99
0.0278155 99
0.0279586 99
0.0278646 99
0.0280142 99
0.0278835 99
0.0280929 99
0.0280706 99
0.0278069 99
0.0281938 99
0.0278667 99
0.0279194 99
0.027827 99
0.0279032 99
0.0278855 99
0.0280222 99
0.0287653 99
0.0295429 99
0.0277617 99
0.0278413 99
0.0280448 99
0.0278303 99
0.0278555 99
0.0276509 99
0.0279751 99
0.0277654 99
0.0279743 99
0.0277499 99
0.0278031 99
0.0283115 99
0.0277861 99
0.0275809 99
0.0280869 99
0.0284067 99
0.027683 99
0.0280119 99
0.0279047 99
0.027924 99
0.0282435 99
0.0275798 99
0.0283077 99
0.0279673 99
0.0277598 99
0.0284278 99
0.0278603 99
0.0279082 99
0.0277523 99
0.0277036 99
0.0278771 99
0.0278393 99
0.0280785 99
0.0282396 99
0.0277858 99
0.0281571 99
0.027881 99
0.0279493 99
0.0277391 99
0.0278218 99
0.0280327 99
0.0279178 99
0.0277998 99
0.0280866 99
0.0279085 99
0.0280562 99
0.0281287 99
0.0277114 99
0.0285629 99
0.0277836 99
0.027825 99
0.0277428 99
0.027986 99
0.0278335 99
0.0291802 99
0.0277185 99
0.0281289 99
0.0279151 99
0.0278554 99
0.0279425 99
0.0279455 99
0.0280323 99
0.0279072 99
0.0276557 99
0.0278838 99
0.0279677 99
0.027725 99
0.0278622 99
0.0277495 99
0.0284109 99
0.027638 99
0.027734 99
0.028183 99
0.0280731 99
0.0279885 99
0.0281908 99
0.0277446 99
0.0283199 99
0.0276448 99
0.0279587 99
0.027814 99
0.0278722 99
0.0277252 99
0.0279664 99
0.0283706 99
0.027827 99
0.0277422 99
0.0279687 99
0.0280739 99
0.0279339 99
0.0283902 99
0.0278671 99
0.0278985 99
0.0279849 99
0.0277359 99
0.0282515 99
0.0277141 99
0.0279558 99
0.0277601 99
0.0279759 99
0.0278614 99
0.0283862 99
0.0273717 99
0.0278058 99
0.0280278 99
0.0277924 99
0.0277856 99
0.0278949 99
0.0278208 99
0.0283086 99
0.0277226 99
0.0278733 99
0.0279754 99
0.027755 99
0.0279108 99
0.0276446 99
0.0277833 99
0.0279841 99
0.0276609 99
0.0278145 99
0.0282035 99
0.027666 99
0.0277983 99
0.028206 99
0.0277509 99
0.0283849 99
0.0276867 99
0.0276961 99
0.0280883 99
0.027779 99
0.0278128 99
0.0277816 99
0.0278399 99
0.0297219 99
0.0282077 99
0.0280668 99
0.0276691 99
0.027956 99
0.0281038 99
0.0277868 99
0.0280877 99
0.0275305 99
0.0282364 99
0.0278665 99
0.027877 99
0.0280568 99
0.027855 99
0.0279288 99
0.0279747 99
0.0278229 99
0.0279628 99
0.0279731 99
0.0280505 99
0.0278655 99
0.0278513 99
0.0278394 99
0.0279672 99
0.0281689 99
0.0282434 99
0.0278759 99
0.0278402 99
0.0278174 99
0.0280783 99
0.0278599 99
0.0277996 99
0.0279774 99
0.0279312 99
0.0287963 99
0.0276988 99
0.0278165 99
0.0277471 99
0.02778 99
0.0278366 99
0.0279567 99
0.0278825 99
0.0285767 99
0.0280039 99
0.0278127 99
0.0278867 99
0.0280171 99
0.0285541 99
0.0277723 99
0.028397 99
0.0276872 99
0.0279489 99
0.0276628 99
0.0279106 99
0.028055 99
0.0284395 99
0.0283676 99
0.0277034 99
0.0279091 99
0.0277895 99
0.0280549 99
0.0277487 99
0.0284024 99
0.0278386 99
0.0277861 99
0.0276831 99
0.028876 99
0.0278198 99
0.0281849 99
0.0278505 99
0.0283755 99
0.0282731 99
0.0277715 99
0.0279957 99
0.0276433 99
0.0278356 99
0.0279065 99
0.0279074 99
0.0278639 99
0.0281829 99
0.0278426 99
0.0277642 99
0.0274181 99
0.0278464 99
0.0280597 99
0.028009 99
0.0279509 99
0.027718 99
0.0280053 99
0.0278059 99
0.0281959 99
0.0273911 99
0.0282812 99
0.0278762 99
0.0278693 99
0.0279184 99
0.0280748 99
0.0280697 99
0.0279973 99
0.0280329 99
0.0279733 99
0.0278295 99
0.027761 99
0.0282712 99
0.0278392 99
0.0281526 99
0.02778 99
0.0277727 99
0.0279454 99
0.0281092 99
0.0280418 99
0.0277847 99
0.0280988 99
0.0279509 99
0.0278311 99
0.0278581 99
0.0287045 99
0.0294865 99
0.027735 99
0.0279553 99
0.0279597 99
0.0280607 99
0.0282105 99
0.0278779 99
0.0282027 99
0.0276076 99
0.0278992 99
0.0278457 99
0.0278729 99
0.0278004 99
0.0278359 99
0.0279824 99
0.0282753 99
0.0276112 99
0.0279747 99
0.0279577 99
0.0284171 99
0.0278755 99
0.0278646 99
0.0278888 99
0.0281449 99
0.0277565 99
0.0280607 99
0.0277928 99
0.0280067 99
0.0303288 99
0.0264322 99
0.0271016 99
0.0281317 99
0.0280793 99
0.0278421 99
0.027772 99
0.0278326 99
0.0285439 99
0.0280713 99
0.0285172 99
0.0277747 99
0.0276554 99
0.0279995 99
0.0278905 99
0.0283301 99
0.0277944 99
0.0277149 99
0.0282507 99
0.0281067 99
0.0279845 99
0.0278925 99
0.0281232 99
0.0281211 99
0.0276423 99
0.0278256 99
0.0280204 99
0.0282195 99
0.0279209 99
0.0279028 99
0.0277394 99
0.028129 99
0.0279178 99
0.0277515 99
0.028351 99
0.0278426 99
0.0400674 99
0.0250194 99
0.0248451 99
0.0261796 99
0.0268763 99
0.0279196 99
0.0267118 99
0.0268258 99
0.0264983 99
0.026545 99
0.0269701 99
0.0271243 99
0.026822 99
0.0267846 99
0.0267478 99
0.026876 99
0.0269363 99
0.0268499 99
0.0269722 99
0.0268867 99
0.0271548 98
0.0282901 98
0.0279673 98
0.0279947 98
0.0281925 98
0.0277959 98
0.027861 98
0.028093 98
0.028139 98
0.0278986 98
0.0277805 98
0.0290975 98
0.0267805 98
0.0279766 98
0.0280985 98
0.0279125 98
0.0279555 98
0.0279046 98
0.0279952 98
0.0278092 98
0.0277552 98
0.0278902 98
0.0282863 98
0.0277969 98
0.0281157 98
0.0279997 98
0.0278601 98
0.027865 98
0.0280688 98
0.027974 98
0.0277761 98
0.028015 98
0.0283686 98
0.02803 98
0.0285314 98
0.0278899 98
0.027811 99
0.0281603 99
0.0278881 99
0.0280581 99
0.0279338 99
0.0280485 99
0.0281784 99
0.0280781 99
0.0276055 99
0.0275969 99
0.0280699 99
0.0278489 99
0.0280335 99
0.0280156 99
0.028161 99
0.0283754 99
0.0276959 99
0.0279159 99
0.0278623 99
0.0278912 99
0.0280931 99
0.0279077 99
0.0279009 99
0.0278528 99
0.0280807 99
0.0278469 99
0.0278406 99
0.0280401 99
0.0278924 99
0.0277992 99
0.0280165 99
0.0279604 99
0.027828 99
0.0305333 99
0.0276214 99
0.0257851 99
0.0284717 99
0.027567 99
0.0281317 99
0.0279431 99
0.0277983 99
0.0278279 99
0.0282262 99
0.0279729 99
0.0278779 99
0.027775 99
0.0280107 99
0.028261 99
0.0278859 99
0.0279332 99
0.0279202 99
0.028208 99
0.0282967 99
0.0280639 99
0.0281109 99
0.0277737 99
0.0278405 99
0.0277754 99
0.0278596 99
0.0285803 99
0.0277205 99
0.0278927 99
0.0279508 99
0.0280252 99
0.0278864 99
0.027748 99
0.0279767 99
0.0279668 99
0.0277596 99
0.0276747 99
0.0284863 99
0.0280058 99
0.028112 99
0.0282473 99
0.0304168 99
0.0288532 99
0.0316821 99
0.0259602 99
0.024708 99
0.0259833 99
0.0274238 99
0.0275875 99
0.0255096 99
0.0269886 99
0.0269194 99
0.0276749 99
0.0299102 99
0.0263371 99
0.0258519 99
0.0256956 99
0.0268918 99
0.0282146 99
0.0279911 99
0.0277928 99
0.0279862 99
0.0287724 99
0.02971 99
0.0286735 99
0.0275154 99
0.0275582 99
0.0252058 99
0.0255599 99
0.0260277 99
0.0285069 99
0.0262124 99
0.0261075 99
0.0268656 99
0.0282797 99
0.0262172 99
0.0277432 98
0.0262904 98
0.0284019 98
0.0263266 98
0.0266374 98
0.0279543 98
0.0281187 98
0.0277724 98
0.027986 98
0.0278881 98
0.0278427 98
0.027914 98
0.0279976 98
0.0277733 98
0.0278424 98
0.0278729 98
0.0281498 98
0.0284573 98
0.0274028 98
0.0280058 98
0.0281204 98
0.0281391 98
0.0284962 98
0.0275221 98
0.0293036 98
0.0280446 98
0.0279985 98
0.0279896 98
0.0278999 98
0.0281111 98
0.0293975 98
0.0264705 98
0.0272069 98
0.0279521 98
0.0282649 98
0.0279442 98
0.0277852 98
0.0279805 99
0.0285876 99
0.0296137 99
0.0316968 99
0.0405329 99
0.0454105 99
0.0367856 99
0.0321161 99
0.0287787 99
0.0270043 99
0.0279218 99
0.0289006 99
0.0328919 99
0.0328158 99
0.0341344 99
0.0324189 99
0.036053 99
0.0335361 99
0.0331403 99
0.0362445 99
0.0356685 99
0.0407064 99
0.047488 99
0.0418892 99
0.048248 99
0.0462522 99
0.0464835 99
0.0450641 99
0.0420458 76
0.0429518 76
0.0434626 76
0.0378371 76
0.0451045 76
0.0416321 76
0.0445765 76
0.0408408 76
0.0395208 76
0.0391747 76
0.0385845 76
0.0362454 76
0.039292 76
0.0414552 76
0.0405962 76
0.0435338 76
0.0401108 76
0.0403387 76
0.040937 76
0.037801 76
0.0406774 76
0.0340762 76
0.0303049 76
0.0328799 76
0.0338166 76
0.0340973 76
0.0369389 69
0.0372257 69
0.0316344 69
0.0393814 69
0.037585 69
0.0358235 69
0.0339032 69
0.0328892 69
0.0326407 69
0.0314707 69
0.0390887 69
0.0360047 69
0.0358926 69
0.0321538 69
0.0323923 69
0.0350505 69
0.0329942 69
0.0361882 69
0.0351383 69
0.0328816 69
0.0360732 69
0.0396849 69
0.0451152 69
0.0347206 69
0.0332993 69
0.0305011 69
0.0316249 69
0.0305564 69
0.0291977 69
0.0284844 77
0.0344893 77
0.0310201 77
0.0304685 77
0.0291509 77
0.0309683 77
0.0276341 77
0.0301705 77
0.0301925 77
0.0307316 77
0.032622 77
0.0299874 77
0.0313427 77
0.0322402 77
0.0270634 77
0.0273568 77
0.0284139 77
0.0320721 77
0.0310288 77
0.0319324 77
0.0294732 77
0.0300757 77
0.0320469 77
0.0299768 77
0.031238 77
0.0338207 77
0.031983 77
0.0329971 77
0.0356202 77
0.0357339 77
0.0366718 77
0.0352205 77
0.0326309 86
0.037678 86
0.0336931 86
0.0312399 86
0.029078 86
0.0324676 86
0.032657 86
0.0302777 86
0.028951 86
0.0311409 86
0.0294467 86
0.0302929 86
0.0289909 86
0.0343648 86
0.0302434 86
0.028616 86
0.0293726 86
0.0314741 86
0.0319876 86
0.0297875 86
0.031534 86
0.0277879 86
0.0321997 86
0.0347176 86
0.0292082 86
0.0290205 86
0.031234 86
0.0297492 86
0.0313502 86
0.0329144 86
0.031761 86
0.0325738 86
0.0310673 86
0.0313687 87
0.0313127 87
0.0308389 87
0.0304773 87
0.0300923 87
0.0293927 87
0.0289905 87
0.028914 87
0.0296201 87
0.0302592 87
0.0329377 87
0.0314634 87
0.0315211 87
0.0304961 87
0.0317681 87
0.0306568 87
0.0315905 87
0.031701 87
0.0319577 87
0.0305888 87
0.0313662 87
0.0327631 87
0.030947 87
0.0333501 87
0.0306684 87
0.0319968 87
0.029803 87
0.0327495 87
0.031417 87
0.030436 87
0.0321387 87
0.0284719 87
0.0303471 87
0.0324953 87
0.0317947 87
0.0326357 87
0.032492 87
0.0308251 87
0.0297982 87
0.0307932 87
0.0324926 87
0.0309673 87
0.0306867 87
0.0298997 87
0.0341961 87
0.0343273 87
0.0312177 87
0.0309648 87
0.0309619 87
0.0292218 87
0.0289191 87
0.030805 87
0.0296246 87
0.0324843 87
0.0313974 87
0.0343086 87
0.0326353 87
0.0311201 87
0.0310862 87
0.0324539 87
0.0340737 87
0.0385076 87
0.0363443 87
0.0358481 87
0.0338688 85
0.0340465 85
0.0345201 85
0.0310867 85
0.0318616 85
0.0325434 85
0.0320993 85
0.0310606 85
0.0323899 85
0.0310208 85
0.0317436 85
0.0329759 85
0.0320289 85
0.0341228 85
0.0311871 85
0.0333589 85
0.0313347 85
0.0314804 85
0.029672 85
0.0334849 85
0.0344329 85
0.0323985 85
0.0326279 85
0.0326544 85
0.0317912 85
0.034036 85
0.031646 85
0.0350638 85
0.0357608 85
0.0328402 85
0.0356387 85
0.0307158 83
0.0316587 83
0.0311094 83
0.0315677 83
0.0350346 83
0.0351082 83
0.0339495 83
0.0303837 83
0.0325605 83
0.0296834 83
0.0307902 83
0.0319405 83
0.0300317 83
0.0302973 83
0.0299466 83
0.031952 83
0.033886 83
0.0316504 83
0.0354347 83
0.0317653 83
0.0356269 83
0.0324514 83
0.0325656 83
0.0318867 83
0.0310401 83
0.0323664 83
0.0312379 83
0.0326008 83
0.0333412 83
0.0348173 83
0.0361438 83
0.033718 83
0.0328998 83
0.0323759 83
0.0320321 83
0.0334694 83
0.029345 83
0.0309188 83
0.0288418 83
0.0327308 83
0.0305496 83
0.0299441 83
0.0301227 83
0.0329049 83
0.0330186 83
0.031594 83
0.0331384 83
0.032103 83
0.0339498 83
0.0318195 83
0.0324204 83
0.0380499 83
0.0326528 83
0.0311901 83
0.0359545 83
0.0345423 83
0.0332149 83
0.0354825 83
0.0369755 83
0.0348607 83
0.03073 83
0.0408136 83
0.038678 83
0.0322913 83
0.0331589 83
0.0353236 83
0.0355678 83
0.032946 83
0.0326244 83
0.0336921 83
0.0319884 83
0.0334316 83
0.033041 83
0.0299276 83
0.0327048 83
0.03016 83
0.0314725 83
0.0312458 83
0.0367261 83
0.0382378 83
0.0344115 83
0.0341099 83
0.0344298 83
0.0318057 83
0.0306959 83
0.0329567 83
0.0356358 83
0.0336545 83
0.033249 83
0.0302939 83
0.0318918 83
0.032785 83
0.0330248 83
0.0365176 81
0.0353909 81
0.0343653 81
0.0350791 81
0.0343961 81
0.0341678 81
0.0336727 81
0.0346056 81
0.0352998 81
0.035433 81
0.0359051 81
0.0350019 81
0.0344169 81
0.0313313 81
0.0319179 81
0.034043 81
0.0362345 81
0.0341958 81
0.0340802 81
0.0351565 81
0.0353527 81
0.0354214 81
0.0348998 81
0.0352216 81
0.0343393 81
0.0350123 81
0.0345707 81
0.0372106 81
0.037735 81
0.0380293 79
0.037622 79
0.0405088 79
0.0338757 79
0.0373236 79
0.0377108 79
0.0354289 79
0.03455 79
0.0345722 79
0.0350721 79
0.0342694 79
0.0350343 79
0.0358388 79
0.0351704 79
0.0365333 79
0.0359622 79
0.0350779 79
0.0372783 79
0.0366587 79
0.0348937 79
0.0377248 79
0.0370048 79
0.0352969 79
0.034359 79
0.0351518 79
0.0384121 79
0.0379473 79
0.0370814 79
0.0352045 75
0.03484 75
0.0389335 75
0.0360731 75
0.0355926 75
0.0345263 75
0.0347059 75
0.0359684 75
0.0362798 75
0.0379427 75
0.0346978 75
0.0339889 75
0.0342508 75
0.0344924 75
0.034948 75
0.0352043 75
0.0347869 75
0.0372289 75
0.0358407 75
0.0343023 75
0.0342686 75
0.0339976 75
0.0365734 75
0.0348398 75
0.0345823 75
0.0355438 75
0.0379616 75
0.035143 75
0.0349707 77
0.0345596 77
0.0365087 77
0.0348828 77
0.0349205 77
0.0347427 77
0.0363709 77
0.034914 77
0.0350551 77
0.0347485 77
0.0352796 77
0.0348987 77
0.0332397 77
0.0354607 77
0.0349331 77
0.0345937 77
0.0358409 77
0.0352804 77
0.0346458 77
0.0346501 77
0.0359178 77
0.0353528 77
0.034704 77
0.0374615 77
0.0373819 77
0.0363106 77
0.0364521 77
0.0351699 77
0.0350094 77
0.0362566 77
0.0360309 77
0.0348241 77
0.0356053 77
0.0354509 77
0.0354207 77
0.0347526 77
0.0349936 77
0.0355012 77
0.0354043 77
0.0350986 77
0.0346846 77
0.0361958 77
0.0345461 77
0.0348474 77
0.0348058 77
0.0355623 77
0.0349533 77
0.0382875 77
0.0362423 77
0.0360255 77
0.0373645 77
0.0352465 77
0.0352661 77
0.0375933 77
0.03779 77
0.0356189 77
0.0353059 77
0.0353757 75
0.0367648 75
0.0370543 75
0.0356365 75
0.0350043 75
0.0377347 75
0.0394163 75
0.0385874 75
0.0361952 75
0.0354433 75
0.0356814 75
0.0372209 75
0.0372426 75
0.0356951 75
0.0352397 75
0.0352805 75
0.0380888 75
0.0369625 75
0.0379713 75
0.0370162 75
0.0356725 75
0.0357213 75
0.0357656 75
0.0358267 75
0.0364177 75
0.0352347 75
0.0378811 75
0.0375328 75
0.0355431 75
0.0350049 75
0.0356781 75
0.036976 75
0.0360091 75
0.0408901 75
0.0386955 75
0.0353209 75
0.0356746 75
0.0382986 75
0.0350266 75
0.0358759 75
0.0351394 75
0.036986 75
0.0368536 75
0.0368049 75
0.03549 75
0.0354381 75
0.036472 75
0.0361036 75
0.0354903 75
0.0357935 75
0.0357903 75
0.0396608 75
0.039176 75
0.0367975 75
0.0356708 75
0.0388037 75
0.0371522 74
0.0386351 74
0.0366197 74
0.0369379 74
0.0357584 74
0.038193 74
0.0370213 74
0.0374174 74
0.036317 74
0.0349497 74
0.0361725 74
0.0367959 74
0.0402729 74
0.0393397 74
0.0382748 74
0.0365594 74
0.0357599 74
0.0362556 74
0.0361903 74
0.0384647 74
0.0367909 74
0.0357035 74
0.0377345 74
0.036929 74
0.0380338 74
0.0368965 74
0.0370397 74
0.0365968 73
0.0369306 73
0.0357389 73
0.0378064 73
0.0374201 73
0.0374765 73
0.0357138 73
0.0360316 73
0.0366896 73
0.0359253 73
0.0361726 73
0.0398863 73
0.0360069 73
0.0357451 73
0.0375145 73
0.0380283 73
0.0364905 73
0.039012 73
0.0389244 73
0.0367931 73
0.0363191 73
0.0377623 73
0.0380731 73
0.0402086 73
0.0383849 73
0.0361865 73
0.037086 73
0.0362561 72
0.0364477 72
0.0368149 72
0.0362639 72
0.0364895 72
0.0376194 72
0.0388108 72
0.038409 72
0.0381837 72
0.0356905 72
0.0362076 72
0.0361888 72
0.0404519 72
0.0395472 72
0.0371381 72
0.0370045 72
0.0372641 72
0.0364167 72
0.036694 72
0.0380623 72
0.0381617 72
0.0356527 72
0.0360405 72
0.0347344 72
0.0356304 72
0.0384011 72
0.0375015 72
0.0346469 72
0.0352911 73
0.0356135 73
0.0354497 73
0.0348257 73
0.0350777 73
0.0362627 73
0.0359213 73
0.034828 73
0.0346453 73
0.0351205 73
0.03449 73
0.0353111 73
0.0356484 73
0.0360763 73
0.0357472 73
0.0348014 73
0.0351852 73
0.0363448 73
0.0348426 73
0.0350094 73
0.0356107 73
0.0360398 73
0.0372413 73
0.034548 73
0.035193 73
0.0368621 73
0.0355099 73
0.0379915 73
0.0387738 76
0.0378714 76
0.0363295 76
0.0386125 76
0.0371932 76
0.036241 76
0.0347215 76
0.0355558 76
0.0346238 76
0.0353909 76
0.0359505 76
0.0350818 76
0.0360705 76
0.0361726 76
0.0349507 76
0.0353044 76
0.0354172 76
0.0361754 76
0.0356554 76
0.0376276 76
0.0386491 76
0.0363866 76
0.0383143 76
0.0350181 76
0.0354733 76
0.0359872 76
0.0359413 76
0.0358477 76
0.036563 75
0.035846 75
0.0362739 75
0.0357547 75
0.0355935 75
0.0384557 75
0.0386915 75
0.0365831 75
0.0360284 75
0.0358086 75
0.036382 75
0.0379909 75
0.0379164 75
0.0368386 75
0.0365685 75
0.0364276 75
0.0360704 75
0.0363578 75
0.0364451 75
0.0365337 75
0.0365733 75
0.0372075 75
0.0360015 75
0.0379768 75
0.0368223 75
0.0371251 75
0.0357894 75
0.0355856 75
0.0380776 74
0.0369332 74
0.0367685 74
0.0355653 74
0.0363491 74
0.0372618 74
0.0366676 74
0.0365426 74
0.0362053 74
0.0359684 74
0.0366258 74
0.0368645 74
0.0393144 74
0.0375883 74
0.0354891 74
0.0360869 74
0.036117 74
0.0377572 74
0.0359418 74
0.0356094 74
0.0374922 74
0.0375256 74
0.0381131 74
0.0357167 74
0.0365641 74
0.0359771 74
0.0372486 74
0.0381329 73
0.036602 73
0.0367797 73
0.0361444 73
0.0370208 73
0.0402338 73
0.0388778 73
0.0378866 73
0.0364829 73
0.0366894 73
0.0363208 73
0.0359315 73
0.0391478 73
0.0374558 73
0.0369478 73
0.0381128 73
0.0377171 73
0.0338111 73
0.0361212 73
0.0342503 73
0.0350128 73
0.0341404 73
0.0350456 73
0.0343106 73
0.0343525 73
0.0366755 73
0.0349543 73
0.0345723 73
0.0341452 75
0.0353463 75
0.0353028 75
0.0337274 75
0.0359875 75
0.0379232 75
0.0370078 75
0.0345511 75
0.0342303 75
0.0361658 75
0.0370355 75
0.0355215 75
0.0352927 75
0.0353553 75
0.0348074 75
0.0345209 75
0.034479 75
0.0352389 75
0.0352134 75
0.0339284 75
0.0358224 75
0.0365332 75
0.0354312 75
0.0344174 75
0.0377625 75
0.0396097 75
0.0374913 75
0.0352695 75
0.0346147 75
0.035668 77
0.0354378 77
0.0345352 77
0.0346173 77
0.0355487 77
0.0347825 77
0.0359826 77
0.0347637 77
0.0356803 77
0.0351295 77
0.03687 77
0.034929 77
0.0358058 77
0.0351891 77
0.0355505 77
0.0349901 77
0.0358737 77
0.0351573 77
0.0348766 77
0.0344387 77
0.0378397 77
0.0353264 77
0.0356462 77
0.034536 77
0.0367007 77
0.0355755 77
0.0348983 77
0.0347139 77
0.0361152 77
0.0375399 77
0.0369468 77
0.0345298 77
0.0358678 77
0.0381023 77
0.0364512 77
0.0357889 77
0.0351532 77
0.0367314 77
0.0358578 77
0.0345405 77
0.0348344 77
0.0351672 77
0.0361507 77
0.0355631 77
0.035328 77
0.0386252 77
0.0367527 77
0.0349839 77
0.0370381 77
0.0352257 77
0.0364755 77
0.0355342 77
0.0353009 77
0.0352639 77
0.0370162 77
0.0392402 77
0.0368581 75
0.036103 75
0.0350049 75
0.0383041 75
0.0368149 75
0.0360743 75
0.0351513 75
0.0349804 75
0.0369645 75
0.0375186 75
0.0355242 75
0.0372512 75
0.0425173 75
0.038607 75
0.0355491 75
0.035885 75
0.0359736 75
0.0360526 75
0.0356977 75
0.0373034 75
0.0395545 75
0.040691 75
0.0383759 75
0.0353416 75
0.0353057 75
0.0353837 75
0.0394767 75
0.0362152 75
0.0358589 73
0.0387323 73
0.0379888 73
0.0379958 73
0.0376979 73
0.036426 73
0.0371461 73
0.0356815 73
0.0363167 73
0.035881 73
0.036144 73
0.0358958 73
0.0364803 73
0.0363498 73
0.037228 73
0.0361456 73
0.0384484 73
0.0375738 73
0.0369229 73
0.0355381 73
0.0377362 73
0.0382855 73
0.0365913 73
0.0353956 73
0.0363884 73
0.0365436 73
0.0375875 73
0.0355691 73
0.0364647 73
0.0360566 73
0.0396041 73
0.0404643 73
0.0364007 73
0.0367412 73
0.0390941 73
0.0365767 73
0.0359646 73
0.0366067 73
0.0363974 73
0.0367302 73
0.0362105 73
0.0364743 73
0.0367422 73
0.0362563 73
0.0364527 73
0.0373961 73
0.0360936 73
0.036657 73
0.0383082 73
0.0379259 73
0.0382957 73
0.0367255 73
0.0361031 73
0.0367881 73
0.0366201 73
0.0361347 73
0.0360781 73
0.0386462 73
0.0381511 73
0.0368181 73
0.0374424 73
0.0369306 73
0.0366916 73
0.0362313 73
0.0361243 73
0.0373262 73
0.0370001 73
0.0370552 73
0.0363411 73
0.0363359 73
0.0381185 73
0.0370824 73
0.0388829 73
0.0364572 73
0.0359651 73
0.035659 73
0.0373427 73
0.0381083 73
0.0365815 73
0.0362457 73
0.0364418 73
0.0384953 73
0.0374022 73
0.0370191 73
0.036558 73
0.0374023 73
0.0368016 73
0.0392272 73
0.0388611 73
0.039944 73
0.0374171 73
0.0388468 73
0.038579 73
0.036397 73
0.0367286 73
0.0357849 73
0.0380252 73
0.0372745 73
0.0362555 73
0.0376893 73
0.0367849 73
0.0375627 73
0.0377086 73
0.037056 73
0.0364443 73
0.0372986 73
0.0366504 73
0.0379013 73
0.0406186 73
0.0397087 73
0.0414703 73
0.0406337 73
0.0387367 73
0.0374667 73
0.0373691 73
0.0368519 73
0.0372187 73
0.0369001 73
0.0398972 73
0.0376238 73
0.0376056 73
0.0375034 73
0.0374018 73
0.0363918 73
0.0366922 73
0.0401679 73
0.0388171 73
0.037251 73
0.0370716 73
0.0380164 73
0.0369372 73
0.0364169 73
0.0388369 73
0.0388186 73
0.0373899 73
0.0367538 73
0.036901 71
0.0377255 71
0.0375216 71
0.0379401 71
0.0379393 71
0.0389604 71
0.0370256 71
0.0365554 71
0.0371204 71
0.0380211 71
0.0383358 71
0.0376466 71
0.0400569 71
0.0379729 71
0.0391877 71
0.0387287 71
0.0394267 71
0.0373683 71
0.0368835 71
0.0394816 71
0.0400711 71
0.0390246 71
0.0390782 71
0.0388839 71
0.0371272 71
0.0407733 71
0.0371883 70
0.0370868 70
0.0378374 70
0.0390448 70
0.0383327 70
0.03756 70
0.0382635 70
0.0377988 70
0.0394205 70
0.0398403 70
0.0389363 70
0.0375677 70
0.040005 70
0.0389254 70
0.0384443 70
0.0392891 70
0.03927 70
0.0372174 70
0.0381155 70
0.0376952 70
0.0374247 70
0.0370632 70
0.0399908 70
0.0385354 70
0.0381603 70
0.0387479 70
0.0377043 70
0.0375517 72
0.0371922 72
0.0384306 72
0.0378402 72
0.0397494 72
0.0406508 72
0.0404013 72
0.0394843 72
0.0397934 72
0.0377311 72
0.0381525 72
0.0377164 72
0.0376931 72
0.0380428 72
0.0381788 72
0.0397682 72
0.0391116 72
0.0417705 72
0.0383862 72
0.038366 72
0.0393462 72
0.0379152 72
0.0372292 72
0.0384126 72
0.0382349 72
0.0417397 72
0.0386175 69
0.0379549 69
0.0387976 69
0.0397877 69
0.0379237 69
0.0378893 69
0.0388422 69
0.0377239 69
0.0373031 69
0.0378742 69
0.0408605 69
0.040114 69
0.0403423 69
0.0419074 69
0.0417116 69
0.0395784 69
0.038506 69
0.039708 69
0.0398695 69
0.0413066 69
0.0421086 69
0.0456556 69
0.0404869 69
0.0382618 69
0.0382135 69
0.0394689 69
0.0417584 69
0.0391175 69
0.0397783 69
0.0415641 69
0.0386205 69
0.0401343 69
0.0385013 69
0.0383749 69
0.0387058 69
0.0383357 69
0.0400082 69
0.0405665 69
0.0382624 69
0.0391886 69
0.0389198 69
0.0383482 69
0.0395883 69
0.0404003 69
0.0399829 69
0.0410591 69
0.0391773 69
0.0386479 69
0.0398146 69
0.038711 69
0.0386314 69
0.0390309 67
0.0381175 67
0.0381897 67
0.0391196 67
0.040264 67
0.0383977 67
0.0414933 67
0.0404126 67
0.0412683 67
0.0395882 67
0.0393446 67
0.0401088 67
0.0408373 67
0.0412848 67
0.0409156 67
0.0410543 67
0.0392801 67
0.0390311 67
0.0399932 67
0.0392686 67
0.0395668 67
0.0386584 67
0.0421819 67
0.0420695 67
0.0421933 67
0.0404274 67
0.0391343 68
0.0403246 68
0.0387143 68
0.038295 68
0.0396312 68
0.0390908 68
0.0386964 68
0.0393529 68
0.0384548 68
0.0389877 68
0.0412287 68
0.0390387 68
0.0417516 68
0.0424231 68
0.0391112 68
0.0396885 68
0.039412 68
0.0409858 68
0.0395169 68
0.0420942 68
0.0422781 68
0.0421439 68
0.0384526 68
0.039709 68
0.0422426 68
0.0408528 68
0.0422829 68
0.03866 68
0.041842 68
0.0393132 68
0.0418957 68
0.0416905 68
0.0384657 68
0.0398374 68
0.0407921 68
0.0398056 68
0.0396524 68
0.0411389 68
0.0418025 68
0.0393865 68
0.0421463 68
0.0423116 68
0.0394056 68
0.0403919 68
0.0403894 68
0.0406795 68
0.0404042 68
0.0408087 68
0.0396683 68
0.0418001 68
0.0416562 66
0.0405011 66
0.039059 66
0.0406863 66
0.0417767 66
0.0392407 66
0.0427977 66
0.0397453 66
0.0404826 66
0.0395134 66
0.0411739 66
0.0404192 66
0.0407367 66
0.0409261 66
0.0428169 66
0.0411397 66
0.0390853 66
0.0399193 66
0.0389945 66
0.0406532 66
0.0424063 66
0.0395455 66
0.0402702 66
0.0411732 66
0.0407419 66
0.0390577 66
0.0413151 66
0.0424351 66
0.0397298 66
0.0393385 66
0.0397636 66
0.0447746 66
0.0410461 66
0.0397889 66
0.0395551 66
0.0399834 66
0.042669 66
0.0426933 66
0.0392577 66
0.0402645 66
0.0398084 66
0.0402159 66
0.0459213 66
0.0409596 66
0.040948 66
0.0391178 66
0.0405561 66
0.039628 66
0.039468 66
0.0404157 66
0.0395715 66
0.0404134 66
0.0392906 66
0.0391927 66
0.0403329 66
0.0400145 66
0.0431861 66
0.0394367 66
0.0430195 66
0.0410191 66
0.0400517 66
0.0411171 66
0.0420018 66
0.0419683 66
0.0405974 66
0.0397072 66
0.0396288 66
0.0402659 66
0.0394139 66
0.0394075 66
0.0411044 66
0.0400999 66
0.0401073 66
0.0398115 66
0.0406563 66
0.0403161 67
0.0405661 67
0.040561 67
0.0398008 67
0.0407728 67
0.0398792 67
0.0405162 67
0.0410517 67
0.0400954 67
0.0411679 67
0.0396185 67
0.0424708 67
0.0403077 67
0.0428944 67
0.0411283 67
0.0412557 67
0.040345 67
0.0406417 67
0.0401687 67
0.0397871 67
0.0411833 67
0.0397773 67
0.040397 67
0.0401524 67
0.0403619 67
0.0406533 67
0.0396851 67
0.0417537 67
0.0405402 67
0.0411931 67
0.0401468 67
0.0428623 67
0.0423373 67
0.0411299 67
0.0404443 67
0.0444598 67
0.0412356 67
0.041584 67
0.0408383 67
0.0473375 67
0.0434426 67
0.0410905 67
0.0415455 67
0.0407292 67
0.0403795 67
0.0405028 67
0.0397967 67
0.0424447 67
0.0405861 67
0.0409507 64
0.0407213 64
0.0405774 64
0.0406718 64
0.0403732 64
0.0412159 64
0.0404029 64
0.0411957 64
0.0410119 64
0.0408016 64
0.0416592 64
0.040932 64
0.0405958 64
0.0413329 64
0.0403794 64
0.0405494 64
0.0410754 64
0.0399863 64
0.0414093 64
0.0408513 64
0.0443276 64
0.0413957 64
0.0446403 64
0.0414871 64
0.0415795 64
0.0402636 66
0.0414901 66
0.0406352 66
0.0413277 66
0.0426764 66
0.0415652 66
0.0406957 66
0.0417119 66
0.0401428 66
0.0419329 66
0.0418113 66
0.0414269 66
0.0404517 66
0.0440427 66
0.0428837 66
0.0443085 66
0.0417373 66
0.0411596 66
0.0411834 66
0.0413099 66
0.0402475 66
0.0415726 66
0.042456 66
0.0428202 66
0.0402513 65
0.0417479 65
0.0432148 65
0.0432574 65
0.0451754 65
0.0437653 65
0.0431239 65
0.0417132 65
0.040948 65
0.04243 65
0.0418149 65
0.0419679 65
0.0408853 65
0.0434221 65
0.0441078 65
0.0433478 65
0.0421771 65
0.0423004 65
0.041474 65
0.0416843 65
0.0408695 65
0.0423386 65
0.0410004 65
0.0416052 65
0.0405573 64
0.0424634 64
0.0412566 64
0.041973 64
0.0412641 64
0.042815 64
0.0417525 64
0.0446976 64
0.0427017 64
0.0429861 64
0.0444324 64
0.0430163 64
0.0420958 64
0.0436381 64
0.0446322 64
0.0440923 64
0.0409977 64
0.0424379 64
0.0413873 64
0.0418539 64
0.0409728 64
0.0424462 64
0.0413152 64
0.0421829 64
0.0410141 64
0.0423817 64
0.0415249 64
0.0427484 64
0.0415802 64
0.0435043 64
0.0441951 64
0.0412907 64
0.0418134 64
0.0426812 64
0.0425962 64
0.0417829 64
0.0422881 64
0.0416063 64
0.0430383 64
0.0423092 64
0.044026 64
0.0445515 64
0.0415849 64
0.0420192 64
0.0415275 64
0.0424018 64
0.043863 64
0.043882 64
0.043208 63
0.0444704 63
0.0431215 63
0.0412019 63
0.042553 63
0.0427222 63
0.0418621 63
0.0422422 63
0.0428924 63
0.0430805 63
0.042153 63
0.0447981 63
0.0419836 63
0.0418998 63
0.0453106 63
0.0433524 63
0.0427406 63
0.042995 63
0.0444025 63
0.0425073 63
0.0438967 63
0.0437767 63
0.0415929 63
0.0426358 63
0.0422263 62
0.0428445 62
0.0443125 62
0.0436903 62
0.0424489 62
0.041679 62
0.0425215 62
0.0440666 62
0.0421938 62
0.0430787 62
0.0426432 62
0.0444739 62
0.0438132 62
0.0428876 62
0.0426523 62
0.0423692 62
0.0433167 62
0.0420543 62
0.0435282 62
0.0459102 62
0.0424121 62
0.0430291 62
0.0422823 62
0.0447157 63
0.0442322 63
0.0428943 63
0.0461559 63
0.0428955 63
0.0419581 63
0.0429538 63
0.0437618 63
0.045105 63
0.0438173 63
0.0427386 63
0.0467717 63
0.0442016 63
0.0424317 63
0.0433185 63
0.0428002 63
0.0441687 63
0.0436174 63
0.0426482 63
0.0434651 63
0.0424923 63
0.0429346 63
0.0434584 63
0.0430002 62
0.0446731 62
0.0419261 62
0.0431456 62
0.0430496 62
0.0423017 62
0.0430636 62
0.0435065 62
0.0442995 62
0.0450156 62
0.0426838 62
0.0432214 62
0.0423274 62
0.0433856 62
0.0428112 62
0.043769 62
0.0454476 62
0.0426003 62
0.0432044 62
0.0435 62
0.0424036 62
0.0433958 62
0.0431801 62
0.044246 62
0.0455516 62
0.0423707 62
0.0433632 62
0.0427056 62
0.0434653 62
0.0439263 62
0.045032 62
0.0437807 62
0.0442302 62
0.0424656 62
0.0433395 62
0.0448284 62
0.046128 62
0.0433242 62
0.0423701 62
0.0436071 62
0.0436685 62
0.0425938 62
0.0444361 62
0.0441397 62
0.044034 62
0.043189 62
0.0428986 62
0.0436421 61
0.0439757 61
0.043601 61
0.0453804 61
0.0429826 61
0.0435577 61
0.0446039 61
0.0429559 61
0.0443288 61
0.0453667 61
0.0426655 61
0.0437685 61
0.0433495 61
0.0428796 61
0.0444867 61
0.044238 61
0.0444194 61
0.0438311 61
0.0447697 61
0.045072 61
0.0443774 61
0.0448297 61
0.0436367 61
0.043531 61
0.0432722 61
0.0458083 61
0.0469897 61
0.0431823 61
0.043749 61
0.0455011 61
0.0437329 61
0.0455015 61
0.0441731 61
0.0432879 61
0.0436668 61
0.0437847 61
0.0439772 61
0.0458771 61
0.0446437 61
0.0431906 61
0.0441547 61
0.0449017 61
0.0452714 61
0.0441047 61
0.04417 61
0.0430855 61
0.0442787 61
0.0460499 61
0.0472194 61
0.0441743 61
0.0440856 61
0.0453942 61
0.045507 61
0.0463693 61
0.0451705 61
0.0439973 61
0.0447568 61
0.0458091 61
0.0431789 61
0.0444663 61
0.045077 61
0.0447865 61
0.0443833 61
0.0437098 61
0.043832 61
0.0441234 61
0.0453356 61
0.0447132 61
0.0444961 61
0.044684 60
0.0435315 60
0.044882 60
0.0451349 60
0.0448591 60
0.0451809 60
0.0441482 60
0.0443913 60
0.0458588 60
0.0446242 60
0.0439258 60
0.0438964 60
0.0452786 60
0.0493508 60
0.0438662 60
0.044295 60
0.0455681 60
0.0470307 60
0.043836 60
0.0443637 60
0.0444845 60
0.0447774 60
0.0465056 59
0.0442059 59
0.0437219 59
0.0445547 59
0.0453808 59
0.0459304 59
0.0466887 59
0.045866 59
0.0482183 59
0.0445482 59
0.0438054 59
0.0447973 59
0.0452146 59
0.0449423 59
0.044948 59
0.0446281 59
0.0438222 59
0.0454413 59
0.0467061 59
0.044266 59
0.0441382 59
0.0455849 59
0.0466075 59
0.0437051 60
0.0452853 60
0.0448155 60
0.0463173 60
0.0459195 60
0.0449502 60
0.044985 60
0.0441455 60
0.0457297 60
0.0449176 60
0.0442295 60
0.0447619 60
0.0478079 60
0.0448591 60
0.0442981 60
0.0449756 60
0.0458861 60
0.0449023 60
0.0452138 60
0.0452991 60
0.0459468 60
0.0459953 60
0.0448392 59
0.0450127 59
0.0442203 59
0.0473506 59
0.0459326 59
0.0453069 59
0.0442961 59
0.0475748 59
0.0452686 59
0.0454549 59
0.0441492 59
0.0474684 59
0.0452411 59
0.0453755 59
0.044046 59
0.0467201 59
0.0457074 59
0.0452285 59
0.0445102 59
0.0475356 59
0.0454626 59
0.045387 59
0.0444676 58
0.0492094 58
0.0477274 58
0.0474909 58
0.0472935 58
0.0447337 58
0.0453703 58
0.0464109 58
0.0465576 58
0.0447815 58
0.0454608 58
0.046572 58
0.0453244 58
0.0448099 58
0.0459659 58
0.0466382 58
0.0452519 58
0.0447258 58
0.0455517 58
0.0484339 58
0.045157 58
0.0446529 58
0.0455891 59
0.0532289 59
0.0461073 59
0.0481837 59
0.0494509 59
0.0455125 59
0.045307 59
0.0496024 59
0.0475223 59
0.0463566 59
0.0459435 59
0.0450828 59
0.0455445 59
0.0466833 59
0.0455042 59
0.0450224 59
0.0455491 59
0.0465301 59
0.0453655 59
0.0452111 59
0.0455818 59
0.0466445 59
0.0454595 57
0.0453484 57
0.0458308 57
0.0488471 57
0.0456389 57
0.0450364 57
0.0464386 57
0.0474016 57
0.0480261 57
0.0475009 57
0.0472781 57
0.0457447 57
0.045843 57
0.0477946 57
0.0455294 57
0.0452555 57
0.0457998 57
0.0474312 57
0.0461446 57
0.0451964 57
0.0463091 57
0.0463748 57
0.0459551 58
0.0451858 58
0.0468797 58
0.047136 58
0.0458235 58
0.0466769 58
0.0456353 58
0.0459759 58
0.0458825 58
0.0468306 58
0.045481 58
0.0460595 58
0.0458867 58
0.0461193 58
0.0445732 58
0.0462581 58
0.0456819 58
0.0459139 58
0.0455779 58
0.0465058 58
0.0486068 58
0.0479145 58
0.0462071 58
0.0459996 58
0.0494183 58
0.0459468 58
0.0465498 58
0.0485863 58
0.046166 58
0.0454155 58
0.0473266 58
0.0462134 58
0.0461345 58
0.0470853 58
0.0466398 58
0.0460115 58
0.0463939 58
0.048019 58
0.0460394 58
0.0459033 58
0.0473453 58
0.046592 58
0.0481188 58
0.0495674 58
0.050314 57
0.0489955 57
0.0472657 57
0.0460524 57
0.0475513 57
0.0469875 57
0.0461821 57
0.0466892 57
0.0470407 57
0.0464306 57
0.0462753 57
0.0485394 57
0.046731 57
0.0465611 57
0.0469218 57
0.050307 57
0.0484291 57
0.0471524 57
0.0464056 57
0.0463749 57
0.0463533 57
0.0465323 57
0.0465081 57
0.0493182 57
0.0465163 57
0.0465182 57
0.0504775 57
0.04647 57
0.0464925 57
0.0465862 57
0.0468638 57
0.0466315 57
0.046685 57
0.0473275 57
0.0461473 57
0.0474549 57
0.048362 57
0.0468213 57
0.0464602 57
0.0474959 57
0.0468121 57
0.0479905 57
0.0466308 57
0.0462587 56
0.0480395 56
0.0481621 56
0.0467832 56
0.0466675 56
0.0497975 56
0.0464743 56
0.0462811 56
0.0483107 56
0.0468857 56
0.0495678 56
0.0493735 56
0.0459048 56
0.0478318 56
0.0465186 56
0.0471699 56
0.04813 56
0.0469026 56
0.0471312 56
0.0485472 56
0.0472761 56
0.0464712 57
0.0516998 57
0.0471035 57
0.0472734 57
0.0486734 57
0.0470546 57
0.0477832 57
0.0467197 57
0.0465168 57
0.0500844 57
0.0512732 57
0.0484893 57
0.0485425 57
0.0475023 57
0.0495471 57
0.046778 57
0.0471319 57
0.0463023 57
0.0472506 57
0.0472143 57
0.048341 57
0.0473513 56
0.048276 56
0.0493176 56
0.0497928 56
0.0478251 56
0.0472517 56
0.0470185 56
0.0485051 56
0.0476014 56
0.0496233 56
0.04925 56
0.046945 56
0.0476864 56
0.0466873 56
0.0471561 56
0.0487037 56
0.0471239 56
0.0474461 56
0.0486805 56
0.0473263 56
0.047077 56
0.0485899 55
0.0487914 55
0.0475072 55
0.0485515 55
0.0475574 55
0.048624 55
0.0486954 55
0.0477016 55
0.0475848 55
0.0474651 55
0.0473287 55
0.0487608 55
0.0492512 55
0.0496906 55
0.0482154 55
0.0473191 55
0.0484885 55
0.0495113 55
0.0500055 55
0.0476074 55
0.0473927 55
0.0488289 55
0.0474822 55
0.0476097 55
0.0494809 55
0.0501846 55
0.0509623 55
0.0479313 55
0.0482044 55
0.0479233 55
0.0471141 55
0.0508014 55
0.0467666 55
0.0499106 55
0.0496767 55
0.0477173 55
0.0498188 55
0.0476394 55
0.0481269 55
0.0498277 55
0.0479259 55
0.0492225 55
0.0485595 55
0.0481682 55
0.0481742 55
0.048071 55
0.0491785 55
0.0477271 55
0.0477438 55
0.048652 55
0.0478047 55
0.0481496 55
0.047739 55
0.0470975 55
0.0484566 55
0.0483883 55
0.0481036 55
0.050163 55
0.0479587 55
0.0481639 55
0.051647 55
0.0500765 55
0.050141 55
0.0495958 55
0.0500018 55
0.0481763 55
0.0489214 55
0.0473255 55
0.0484016 55
0.0508716 55
0.0500485 55
0.0493134 55
0.0480081 55
0.0477808 55
0.0504527 55
0.048336 55
0.0492172 55
0.0478982 55
0.0482644 55
0.0487358 55
0.0484285 55
0.0490447 55
0.0481899 55
0.0495473 55
0.0482436 54
0.0484759 54
0.0493958 54
0.0480706 54
0.0484118 54
0.0492611 54
0.0483343 54
0.0503434 54
0.0481976 54
0.0491774 54
0.0501166 54
0.050275 54
0.0482274 54
0.0475402 54
0.0496718 54
0.048482 54
0.0483443 54
0.0517397 54
0.0506399 54
0.0494871 54
0.0484718 54
0.0484144 54
0.0484706 54
0.0490785 54
0.0483442 54
0.048205 54
0.0518038 54
0.0509791 54
0.0529322 54
0.0518985 54
0.0509673 54
0.0490295 54
0.0505935 54
0.0514939 54
0.0516952 54
0.0488439 54
0.0506283 54
0.0484982 54
0.0496548 54
0.0501963 54
0.0494234 53
0.0486982 53
0.0497078 53
0.0488164 53
0.0488599 53
0.0504182 53
0.0489215 53
0.0501271 53
0.0485132 53
0.0498309 53
0.0497708 53
0.0515283 53
0.0500627 53
0.0488078 53
0.0516703 53
0.0489031 53
0.0503547 53
0.0491492 53
0.0498779 53
0.0488626 53
0.0504748 53
0.0486489 55
0.0492101 55
0.0513144 55
0.0488137 55
0.0489636 55
0.0491678 55
0.0500839 55
0.0491549 55
0.0489703 55
0.0488858 55
0.0490455 55
0.0530963 55
0.0497597 55
0.0503512 55
0.0490663 55
0.0500541 55
0.0491208 55
0.0497975 55
0.0491299 55
0.0498402 55
0.0490602 53
0.0490634 53
0.0508751 53
0.048775 53
0.0501525 53
0.0491224 53
0.0499796 53
0.0487216 53
0.0492038 53
0.0510962 53
0.0492406 53
0.0513904 53
0.0490595 53
0.0516845 53
0.0494074 53
0.050673 53
0.0494177 53
0.0501028 53
0.0492301 53
0.0514158 53
0.0492274 53
0.0503625 54
0.0496177 54
0.0493771 54
0.0493661 54
0.0496531 54
0.0532012 54
0.0506344 54
0.0492591 54
0.0508507 54
0.0501029 54
0.0493521 54
0.0519225 54
0.0513825 54
0.0496245 54
0.0494477 54
0.0494914 54
0.0493841 54
0.050619 54
0.0504448 54
0.0506384 54
0.0496879 53
0.052548 53
0.051618 53
0.0503009 53
0.0495323 53
0.0506031 53
0.049354 53
0.0507062 53
0.0487102 53
0.0497811 53
0.0496062 53
0.0496483 53
0.0513239 53
0.0499584 53
0.051645 53
0.0499487 53
0.0517124 53
0.0502493 53
0.0540691 53
0.0516355 53
0.0498892 53
0.0496524 53
0.0495429 53
0.0499615 53
0.0517484 53
0.050035 53
0.0515576 53
0.0501364 53
0.0506298 53
0.0504162 53
0.0513025 53
0.0500675 53
0.0537847 53
0.0498201 53
0.0504378 53
0.049995 53
0.0517461 53
0.0513008 53
0.0505452 53
0.0497552 53
0.0534362 53
0.0514116 53
0.0500452 53
0.0501681 53
0.0521859 53
0.0501292 53
0.0498336 53
0.0494912 53
0.0521692 53
0.0508061 53
0.0505748 53
0.0499836 53
0.0520731 53
0.0502834 53
0.0497929 53
0.0501469 53
0.0514018 53
0.0514455 53
0.0506007 53
0.0502452 53
0.0547869 53
0.0523213 53
0.0497755 53
0.0511607 53
0.0505346 53
0.0513381 53
0.0514055 53
0.050835 53
0.0502318 53
0.0511978 53
0.0501377 53
0.0514691 53
0.0529653 53
0.0520959 53
0.0500942 53
0.0504 53
0.0515847 53
0.0505648 53
0.05229 53
0.051816 53
0.0519767 52
0.050627 52
0.0508719 52
0.0504601 52
0.0516933 52
0.0506473 52
0.0508337 52
0.0532512 52
0.052525 52
0.0504344 52
0.0543391 52
0.0535849 52
0.0503596 52
0.0517338 52
0.0504477 52
0.0519439 52
0.0525692 52
0.0526539 52
0.0501826 52
0.0504331 51
0.0506187 51
0.0512079 51
0.0508898 51
0.0508931 51
0.0506378 51
0.0511028 51
0.0496185 51
0.050733 51
0.0505005 51
0.0508173 51
0.0504537 51
0.0506255 51
0.0529049 51
0.0524882 51
0.0518093 51
0.0522102 51
0.0528191 51
0.0517683 51
0.0509227 51
0.0507979 53
0.0531336 53
0.0506922 53
0.0531631 53
0.0523944 53
0.0536405 53
0.0533955 53
0.0505468 53
0.0508229 53
0.0509948 53
0.0508726 53
0.0509807 53
0.0507129 53
0.0511606 53
0.0510756 53
0.0512204 53
0.0519319 53
0.0517758 53
0.051891 53
0.0524904 53
0.051317 51
0.053014 51
0.0510324 51
0.0511195 51
0.0511737 51
0.0515583 51
0.050506 51
0.0510423 51
0.0514135 51
0.0514453 51
0.0521247 51
0.0507468 51
0.0527523 51
0.0513884 51
0.0509735 51
0.052799 51
0.0510092 51
0.0514999 51
0.0515472 51
0.052401 51
0.0513893 51
0.0524224 51
0.0512729 51
0.0530948 51
0.0511872 51
0.0534513 51
0.0532791 51
0.0518255 51
0.0514111 51
0.051578 51
0.0528605 51
0.0510025 51
0.0513806 51
0.0513695 51
0.0527061 51
0.0519579 51
0.0525794 51
0.0534809 51
0.0515584 51
0.0514276 53
0.0515461 53
0.0521711 53
0.0524222 53
0.0518925 53
0.0514976 53
0.0517703 53
0.0530581 53
0.0511894 53
0.0513875 53
0.0524382 53
0.0514452 53
0.0528377 53
0.0520874 53
0.0534666 53
0.0525459 53
0.0519278 53
0.052647 53
0.0516466 53
0.0514642 51
0.0521591 51
0.0515486 51
0.0519101 51
0.0516827 51
0.0513893 51
0.0513784 51
0.0529989 51
0.0518948 51
0.0536387 51
0.0523656 51
0.0517037 51
0.0525231 51
0.0520357 51
0.0530568 51
0.0529067 51
0.0524744 51
0.0515454 51
0.0517809 51
0.0530493 51
0.0524154 51
0.0540505 51
0.0524245 51
0.0525109 51
0.0526493 51
0.0514622 51
0.052346 51
0.0518091 51
0.0517503 51
0.0518045 51
0.0522795 51
0.0541531 51
0.0522215 51
0.0539474 51
0.0555067 51
0.0529953 51
0.0543042 51
0.0520381 51
0.0523349 51
0.0533546 50
0.052326 50
0.055046 50
0.0527361 50
0.0521018 50
0.0540947 50
0.0528666 50
0.0533485 50
0.0535812 50
0.0528571 50
0.0535242 50
0.0524957 50
0.0531455 50
0.0569815 50
0.0558238 50
0.0526616 50
0.0556792 50
0.0532905 50
0.0522386 50
0.0523273 50
0.0524387 50
0.0531463 50
0.0530979 50
0.0521752 50
0.0541487 50
0.0528314 50
0.0531095 50
0.0539924 50
0.0528397 50
0.0539525 50
0.0526167 50
0.0531522 50
0.0559357 50
0.0524662 50
0.0528213 50
0.0543499 50
0.0532418 50
0.0526595 50
0.0528317 50
0.0525339 50
0.0547812 50
0.0536689 50
0.0513165 50
0.0538108 50
0.0530514 50
0.052878 50
0.052844 50
0.0539725 50
0.0542197 50
0.0527836 50
0.0524941 50
0.0554641 50
0.0535942 50
0.0532885 50
0.0546282 50
0.0528458 50
0.0542679 50
0.0538124 50
0.0532441 50
0.0529109 50
0.0544763 50
0.0525079 50
0.0546492 50
0.0535407 50
0.0533869 50
0.0544961 50
0.0530163 50
0.0531275 50
0.0556227 50
0.0538316 50
0.053877 50
0.0532888 50
0.0534657 50
0.0542333 50
0.0563825 50
0.0538342 50
0.0534787 49
0.0547054 49
0.0531689 49
0.0526073 49
0.0550772 49
0.0536417 49
0.0541174 49
0.0552244 49
0.0537712 49
0.0535457 49
0.0582067 49
0.0561956 49
0.0555814 49
0.0540017 49
0.055817 49
0.0538567 49
0.0538915 49
0.0533409 49
0.053102 48
0.0532934 48
0.0564321 48
0.0530501 48
0.052752 48
0.0546777 48
0.0567668 48
0.0554218 48
0.0548251 48
0.0577439 48
0.0536607 48
0.0534901 48
0.0564947 48
0.0544478 48
0.0534802 48
0.0540472 48
0.0547666 48
0.0535098 48
0.055444 48
0.0543667 50
0.0539441 50
0.0541544 50
0.0528907 50
0.0540769 50
0.0551708 50
0.0547586 50
0.05404 50
0.0535576 50
0.055656 50
0.0538916 50
0.0539975 50
0.0557865 50
0.0540573 50
0.0538469 50
0.0563671 50
0.0550566 50
0.0592516 50
0.0535941 48
0.0569667 48
0.0546046 48
0.0527439 48
0.0546606 48
0.0544559 48
0.0539369 48
0.0538109 48
0.0560483 48
0.0538773 48
0.0538644 48
0.0547301 48
0.0561945 48
0.0541733 48
0.0547966 48
0.0546794 48
0.0542746 48
0.0562005 48
0.056244 48
0.0540499 50
0.0543165 50
0.055534 50
0.0544745 50
0.0542249 50
0.0542404 50
0.0542298 50
0.0575693 50
0.0559142 50
0.0571267 50
0.0549857 50
0.0552252 50
0.0552076 50
0.0563425 50
0.0542269 50
0.054566 50
0.0558695 50
0.0550694 50
0.0545663 48
0.0548898 48
0.05521 48
0.0539403 48
0.054821 48
0.0560685 48
0.0545175 48
0.0549135 48
0.0546813 48
0.056947 48
0.0545647 48
0.0556141 48
0.0565838 48
0.0587199 48
0.0562083 48
0.0544152 48
0.0554304 48
0.0564454 48
0.0544211 48
0.0549789 47
0.0549667 47
0.0545004 47
0.0549155 47
0.054332 47
0.0556341 47
0.0546051 47
0.0549357 47
0.0547925 47
0.0551457 47
0.0562746 47
0.0543101 47
0.0558627 47
0.0553018 47
0.0546238 47
0.0550604 47
0.0556143 47
0.0552604 47
0.0546424 49
0.0564027 49
0.0548949 49
0.0552661 49
0.0548643 49
0.0577472 49
0.0546232 49
0.0548879 49
0.0557578 49
0.0567603 49
0.0556435 49
0.0553088 49
0.055249 49
0.0554039 49
0.0552933 49
0.054995 49
0.0588588 49
0.0576558 49
0.0566189 48
0.055183 48
0.0542029 48
0.0562156 48
0.0556667 48
0.0550605 48
0.0548859 48
0.0573602 48
0.0548883 48
0.0545536 48
0.0565496 48
0.0561898 48
0.0550333 48
0.055648 48
0.0549108 48
0.0559873 48
0.0557742 48
0.055354 48
0.0567244 48
0.0566782 48
0.0545031 48
0.0552383 48
0.05567 48
0.0553995 48
0.0551143 48
0.0557207 48
0.0571811 48
0.0571581 48
0.0563567 48
0.0550489 48
0.0556905 48
0.0556559 48
0.055229 48
0.0557552 48
0.0551888 48
0.0557719 48
0.0558145 48
0.0543478 48
0.056044 48
0.0558726 48
0.0551564 48
0.0584 48
0.0593045 48
0.0550867 48
0.0558465 48
0.0553195 48
0.056239 48
0.0572758 48
0.0562997 48
0.0552983 48
0.055995 48
0.0571124 48
0.057099 48
0.0578306 48
0.0569967 48
0.0549624 47
0.0551277 47
0.0562038 47
0.0552115 47
0.0553479 47
0.0578473 47
0.0558703 47
0.0578961 47
0.0576427 47
0.0565479 47
0.058659 47
0.0590897 47
0.0588741 47
0.0557249 47
0.0566447 47
0.055565 47
0.0577832 47
0.058145 46
0.0540632 46
0.0560153 46
0.0555762 46
0.0562825 46
0.0562077 46
0.0557934 46
0.0556643 46
0.0588387 46
0.0579212 46
0.0560675 46
0.055609 46
0.0558381 46
0.0584943 46
0.0561796 46
0.0564415 46
0.0557677 46
0.0579033 46
0.060601 48
0.0565845 48
0.0562963 48
0.0559323 48
0.0561199 48
0.0578765 48
0.0567376 48
0.0562544 48
0.0560524 48
0.0576066 48
0.0577923 48
0.0570744 48
0.0563616 48
0.0579828 48
0.0582701 48
0.055861 48
0.0592114 48
0.0569886 48
0.0550914 46
0.0558176 46
0.0559379 46
0.0586381 46
0.0561009 46
0.0560439 46
0.0565262 46
0.0570692 46
0.0580421 46
0.0574354 46
0.0570779 46
0.0559213 46
0.0562671 46
0.0591211 46
0.05687 46
0.058942 46
0.05855 46
0.0563848 46
0.0552987 47
0.0580824 47
0.0571719 47
0.0560737 47
0.0566505 47
0.0557269 47
0.0583676 47
0.0603371 47
0.060432 47
0.056845 47
0.0570133 47
0.0566869 47
0.0566489 47
0.059851 47
0.0578951 47
0.0571892 47
0.056758 47
0.0554991 47
0.0563381 46
0.0579131 46
0.0576925 46
0.0561717 46
0.0567686 46
0.0589847 46
0.0604271 46
0.0586862 46
0.0595409 46
0.0572094 46
0.0571306 46
0.0562981 46
0.0568881 46
0.0587075 46
0.0595731 46
0.0571293 46
0.0566802 46
0.0563556 47
0.056579 47
0.0590696 47
0.0583764 47
0.0580549 47
0.0563248 47
0.0571652 47
0.0578064 47
0.0586195 47
0.0579356 47
0.0593495 47
0.0569074 47
0.0574633 47
0.0565104 47
0.0565759 47
0.0572395 47
0.0573531 47
0.0561063 47
0.0563618 47
0.0568136 47
0.0606693 47
0.0586196 47
0.0580447 47
0.0565867 47
0.0575085 47
0.0578614 47
0.0571319 47
0.058606 47
0.0586848 47
0.0634134 47
0.0610764 47
0.0590857 47
0.0573308 47
0.0578671 47
0.05539 47
0.0572276 45
0.059239 45
0.0578692 45
0.0611205 45
0.0600251 45
0.0569603 45
0.0577834 45
0.0577476 45
0.0578795 45
0.0586448 45
0.0609056 45
0.0570361 45
0.0639058 45
0.059148 45
0.0634666 45
0.0587484 45
0.0567427 45
0.0579846 46
0.0570821 46
0.0600227 46
0.0575102 46
0.058511 46
0.0600063 46
0.0584757 46
0.0589177 46
0.0606373 46
0.0593038 46
0.0574208 46
0.0575579 46
0.0570239 46
0.0574114 46
0.0655032 46
0.0600319 46
0.0570243 46
0.0603416 46
0.0585697 45
0.0583131 45
0.0571933 45
0.0578549 45
0.0593269 45
0.0577316 45
0.0600487 45
0.0602886 45
0.0576579 45
0.0613348 45
0.0608 45
0.0584357 45
0.0577322 45
0.0572152 45
0.0584304 45
0.0560126 45
0.0600768 45
0.059082 45
0.0595247 45
0.0603682 45
0.0600777 45
0.0575961 45
0.0572127 45
0.0583786 45
0.0579167 45
0.0593858 45
0.0604694 45
0.0589002 45
0.0580701 45
0.0587365 45
0.0573018 45
0.0585815 45
0.0559007 45
0.0574658 45
0.0606335 45
0.060044 45
0.05919 45
0.0591927 45
0.0576333 45
0.0582119 45
0.0583791 45
0.0580861 45
0.0575097 45
0.060774 45
0.0577297 45
0.05948 45
0.0576865 45
0.0585831 45
0.0606027 45
0.0567914 45
0.0578497 45
0.0585703 45
0.0586001 46
0.0601373 46
0.0592959 46
0.0692894 46
0.0583626 46
0.0596823 46
0.0600027 46
0.0587124 46
0.0593361 46
0.0598737 46
0.0590756 46
0.0578728 46
0.0588095 46
0.0577528 46
0.0578139 46
0.0614429 46
0.0593524 44
0.0612943 44
0.0604795 44
0.0612003 44
0.0576269 44
0.062292 44
0.0610278 44
0.0597812 44
0.0600021 44
0.0589719 44
0.0590754 44
0.0577939 44
0.0584768 44
0.0580443 44
0.0585751 44
0.057817 44
0.0590726 44
0.0604674 44
0.0605823 46
0.059957 46
0.0587074 46
0.0587747 46
0.0604171 46
0.0613894 46
0.0588653 46
0.0598008 46
0.0586238 46
0.0584057 46
0.0587873 46
0.0603481 46
0.0616332 46
0.0586486 46
0.0586268 46
0.0600522 46
0.0588154 46
0.0587585 45
0.0581048 45
0.05887 45
0.0585111 45
0.0588372 45
0.0595644 45
0.0612245 45
0.061269 45
0.058327 45
0.060097 45
0.0599781 45
0.0603021 45
0.0596265 45
0.0645277 45
0.061719 45
0.0615079 45
0.0611588 45
0.0591071 44
0.0609059 44
0.0592884 44
0.0602463 44
0.0605451 44
0.0595088 44
