=============
GeForce GTX 1660 Ti with Max-Q Design (Deferred worst case) (Forward)
1920, 1080
Viewport maximized: true
Window fullscreen: true
Position: -38.8, 5, 0
Rotation: -0.0452803, -0.705655, -0.0452803, 0.705656
Seed: 143797312
Room count: 5
Light count: 9
Sun Jan 16 16:36:58 2022
0.027759 99
0.0276978 99
0.0279231 99
0.0281673 99
0.0278893 99
0.0277533 99
0.0279529 99
0.0277344 99
0.0278683 99
0.0289087 99
0.0281172 99
0.0279296 99
0.0276402 99
0.0279367 99
0.0277613 99
0.0276943 99
0.0277838 99
0.0280291 99
0.0280373 99
0.0283622 99
0.0279091 99
0.02804 99
0.0277419 99
0.0279909 99
0.0277294 99
0.0277145 99
0.0277725 99
0.0278096 99
0.027875 99
0.0278618 99
0.0276961 99
0.0276922 99
0.0278657 99
0.0277663 99
0.0280369 99
0.0282805 99
0.0276026 99
0.0276272 99
0.0279788 99
0.0283306 99
0.0284494 99
0.0278911 99
0.0277259 99
0.0279711 99
0.0276592 99
0.0280572 99
0.0279888 99
0.0279575 99
0.0278083 99
0.0276592 99
0.0279158 99
0.0276872 99
0.0276992 99
0.0279292 99
0.027825 99
0.0278537 99
0.0278129 99
0.0277549 99
0.0283273 99
0.0276476 99
0.0276728 99
0.0278999 99
0.0278616 99
0.0277083 99
0.028043 99
0.0277099 99
0.0279544 99
0.0283908 99
0.0279196 99
0.0279027 99
0.0278258 99
0.0278582 99
0.0279175 99
0.0276641 99
0.0277471 99
0.027887 99
0.0277687 99
0.0278644 99
0.0277574 99
0.0279012 99
0.0280733 99
0.0277702 99
0.0277933 99
0.0279438 99
0.0277077 99
0.0281998 99
0.027952 99
0.0277486 99
0.0282167 99
0.0277296 99
0.0281361 99
0.0281327 99
0.0280225 99
0.0277304 99
0.0277843 99
0.0278491 99
0.0279611 99
0.0276759 99
0.0281271 99
0.028003 99
0.0276158 99
0.0279839 99
0.0282146 99
0.0277003 99
0.0277872 99
0.0277977 99
0.0278135 99
0.0279447 99
0.0277732 99
0.0278612 99
0.0279732 99
0.0282025 99
0.0278909 99
0.0278265 99
0.0280215 99
0.0281516 99
0.0277755 99
0.0281231 99
0.0283468 99
0.0277789 99
0.0282296 99
0.0275323 99
0.0284729 99
0.0274377 99
0.028007 99
0.0277493 99
0.02827 99
0.0278912 99
0.0282615 99
0.0277046 99
0.0278335 99
0.0278166 99
0.0275394 99
0.0277964 99
0.0278857 99
0.0278988 99
0.0277842 99
0.0277203 99
0.0279455 99
0.0277476 99
0.0278014 99
0.0284329 99
0.0278722 99
0.0278101 99
0.0278395 99
0.0279831 99
0.0277744 99
0.0277679 99
0.0277314 99
0.0279343 99
0.0277489 99
0.027797 99
0.0279194 99
0.0282831 99
0.0279943 99
0.0279037 99
0.0275942 99
0.0280112 99
0.0275643 99
0.0278746 99
0.0277972 99
0.0277674 99
0.0279221 99
0.0277063 99
0.0276741 99
0.0278832 99
0.0272926 99
0.0277501 99
0.0283215 99
0.02746 99
0.0278623 99
0.0278107 99
0.0279744 99
0.0279448 99
0.027664 99
0.0276952 99
0.0281811 99
0.0276539 99
0.0281412 99
0.0278664 99
0.0283991 99
0.0280031 99
0.0276896 99
0.027847 99
0.0279685 99
0.0276678 99
0.0278651 99
0.0277751 99
0.0276345 99
0.0277834 99
0.0278527 99
0.0277477 99
0.0277629 99
0.0274172 99
0.0281267 99
0.0279962 99
0.0278753 99
0.0283936 99
0.0277517 99
0.0277953 99
0.0280193 99
0.0277079 99
0.0278224 99
0.0279585 99
0.0275812 99
0.0278938 99
0.0279424 99
0.0275766 99
0.0279166 99
0.0277187 99
0.0282703 99
0.0279214 99
0.0278597 99
0.0277028 99
0.0278044 99
0.0276324 99
0.0278799 99
0.0279617 99
0.0277694 99
0.02829 99
0.0276688 99
0.0280961 99
0.0283384 99
0.0279046 99
0.0280334 99
0.0277585 99
0.0279021 99
0.0283801 99
0.027702 99
0.0277838 99
0.0278151 99
0.0281321 99
0.0279279 99
0.0276839 99
0.0280099 99
0.0278812 99
0.027707 99
0.0279843 99
0.0278498 99
0.0280036 99
0.0278724 99
0.0278946 99
0.0277785 99
0.0285209 99
0.0276619 99
0.027892 99
0.0275621 99
0.0290058 99
0.0275681 99
0.0277638 99
0.027777 99
0.0278077 99
0.0276741 99
0.0279993 99
0.0277678 99
0.0280922 99
0.0279361 99
0.028072 99
0.0276099 99
0.0277775 99
0.0284461 99
0.0284094 99
0.0277255 99
0.0278958 99
0.0282614 99
0.0277652 99
0.0284409 99
0.027707 99
0.0277759 99
0.0281357 99
0.0277407 99
0.0278434 99
0.0277971 99
0.0277983 99
0.0277841 99
0.0280246 99
0.0278182 99
0.0279003 99
0.0279961 99
0.0277466 99
0.0276886 99
0.028025 99
0.0273409 99
0.027984 99
0.0280628 99
0.0280902 99
0.0275908 99
0.0280499 99
0.0278053 99
0.0278099 99
0.0277636 99
0.0279695 99
0.0279524 99
0.0278296 99
0.028287 99
0.0278229 99
0.0277276 99
0.027742 99
0.0279126 99
0.0278521 99
0.0278493 99
0.0278408 99
0.0275976 99
0.0279584 99
0.0278478 99
0.0277588 99
0.0278387 99
0.027709 99
0.0281353 99
0.0276383 99
0.0278005 99
0.027921 99
0.0278948 99
0.0279065 99
0.0279942 99
0.027798 99
0.0279248 99
0.0279916 99
0.0277338 99
0.0278342 99
0.0278022 99
0.0278232 99
0.0274037 99
0.0278825 99
0.0280299 99
0.0276172 99
0.0281965 99
0.0278553 99
0.0279202 99
0.0276763 99
0.0278185 99
0.027747 99
0.0281402 99
0.0278263 99
0.0277556 99
0.0278973 99
0.0278454 99
0.0277105 99
0.0277155 99
0.0280718 99
0.0278183 99
0.0281906 99
0.0276369 99
0.0278901 99
0.0279173 99
0.027854 99
0.027892 99
0.0280042 99
0.0279901 99
0.0276972 99
0.0275609 99
0.0279224 99
0.0276433 99
0.0279251 99
0.0278407 99
0.0283296 99
0.0278069 99
0.0278308 99
0.0281989 99
0.0281531 99
0.0278148 99
0.0277133 99
0.027813 99
0.0277677 99
0.0280988 99
0.0278897 99
0.0277638 99
0.0281861 99
0.0279781 99
0.0277881 99
0.0281555 99
0.027863 99
0.0279794 99
0.0278136 99
0.0278819 99
0.0277691 99
0.0278075 99
0.0281335 99
0.0279847 99
0.0279618 99
0.0278817 99
0.0277891 99
0.0276657 99
0.0278244 99
0.028235 99
0.0279079 99
0.0278953 99
0.0279878 99
0.0281021 99
0.0277565 99
0.0281487 99
0.0280043 99
0.0279864 99
0.027485 99
0.0279634 99
0.0277191 99
0.0280122 99
0.0278768 99
0.0277646 99
0.0279386 99
0.0279261 99
0.0280631 99
0.0278375 99
0.0277591 99
0.0279456 99
0.0277397 99
0.0279203 99
0.0280972 99
0.0278351 99
0.0278287 99
0.0277861 99
0.0274619 99
0.0278077 99
0.0280574 99
0.0276957 99
0.0276742 99
0.0278608 99
0.0276352 99
0.0280367 99
0.0279536 99
0.0279317 99
0.0276934 99
0.0277636 99
0.0278454 99
0.0277847 99
0.0281311 99
0.0277864 99
0.027837 99
0.0285483 99
0.0276452 99
0.0277924 99
0.0279753 99
0.027674 99
0.0280222 99
0.0281817 99
0.0277593 99
0.0280443 99
0.0277105 99
0.0277446 99
0.028026 99
0.0278501 99
0.0278669 99
0.0279305 99
0.0276146 99
0.0278776 99
0.0278312 99
0.0278702 99
0.027757 99
0.0277348 99
0.0279099 99
0.027665 99
0.0277409 99
0.0282529 99
0.0278445 99
0.0277193 99
0.0278862 99
0.0279298 99
0.02789 99
0.0278174 99
0.0278133 99
0.0280119 99
0.0277535 99
0.0277499 99
0.0281382 99
0.0279906 99
0.0278888 99
0.0278132 99
0.027782 99
0.0280612 99
0.0279683 99
0.0280674 99
0.0278455 99
0.0281025 99
0.0279782 99
0.0278618 99
0.027908 99
0.0278683 99
0.0279381 99
0.027749 99
0.028035 99
0.0276744 99
0.0278899 99
0.02787 99
0.0279356 99
0.0277652 99
0.0277897 99
0.0277253 99
0.0278282 99
0.0278561 99
0.0267395 99
0.0264402 99
0.0269897 99
0.0268592 99
0.0265337 99
0.0268839 99
0.0269232 99
0.0268205 99
0.0270135 99
0.0269095 99
0.0268804 99
0.0269344 99
0.0267024 99
0.0268221 99
0.0269828 99
0.0269552 99
0.0271908 99
0.0267404 99
0.026996 99
0.026819 99
0.0269952 99
0.0268197 99
0.0268789 99
0.0267079 99
0.0269696 99
0.0268474 99
0.0267629 99
0.0266967 99
0.0269575 99
0.0267477 99
0.027325 99
0.0271221 99
0.0267123 99
0.0270647 99
0.0266327 99
0.0266714 99
0.0267666 99
0.0270268 99
0.026825 99
0.0267046 99
0.0266901 99
0.026625 99
0.0267389 99
0.0266216 99
0.0269362 99
0.0268873 99
0.0271323 99
0.0266472 99
0.026912 99
0.0267379 99
0.0267929 99
0.0272063 99
0.0268868 99
0.0269848 99
0.0268384 99
0.0268018 99
0.0270739 99
0.0270067 99
0.0269789 99
0.026926 99
0.0266689 99
0.0269777 99
0.0268299 99
0.0268585 99
0.0268885 99
0.0271463 99
0.0266268 99
0.0279081 99
0.0267314 99
0.0268071 99
0.0267371 99
0.0268167 99
0.0269422 99
0.0269077 99
0.0271422 99
0.0266997 99
0.0266387 99
0.0271255 99
0.0270123 99
0.027098 99
0.0267341 99
0.0267832 99
0.0268067 99
0.0270914 99
0.0269221 99
0.0269984 99
0.0274181 99
0.0279874 99
0.0266677 99
0.026935 99
0.0267362 99
0.0269357 99
0.0268849 99
0.0271045 99
0.0266606 99
0.0271706 99
0.0268061 99
0.0268415 99
0.0270161 99
0.0283561 99
0.0279616 99
0.0278023 99
0.0280228 99
0.0277847 99
0.0277176 99
0.0278275 99
0.0281147 99
0.0277365 99
0.028389 99
0.0278203 99
0.0278946 99
0.0276656 99
0.0280354 99
0.0275713 99
0.0279982 99
0.0273389 99
0.0280328 99
0.027706 99
0.0276928 99
0.0278885 99
0.0278509 99
0.0278397 99
0.0277374 99
0.0277369 99
0.0279602 99
0.0283444 99
0.0281037 99
0.027779 99
0.0278381 99
0.0281402 99
0.0277707 99
0.0279616 99
0.027861 99
0.0277891 99
0.0278132 99
0.0278346 99
0.0277953 99
0.027799 99
0.0278085 99
0.027819 99
0.0277149 99
0.0278726 99
0.0277966 99
0.0278363 99
0.0279222 99
0.027765 99
0.0283383 99
0.0278098 99
0.0277557 99
0.0277193 99
0.0282087 99
0.0279737 99
0.0278889 99
0.0276964 99
0.0278781 99
0.0277136 99
0.0279307 99
0.0277839 99
0.0280554 99
0.0276936 99
0.0277218 99
0.0279605 99
0.0279591 99
0.0280499 99
0.0277285 99
0.0279676 99
0.0280795 99
0.0279358 99
0.0279039 99
0.0277613 99
0.0277892 99
0.0280881 99
0.0280292 99
0.0278595 99
0.0280482 99
0.0277398 99
0.0276947 99
0.0278072 99
0.0277304 99
0.0279737 99
0.0277374 99
0.0277093 99
0.02792 99
0.0290782 99
0.0278707 99
0.0277675 99
0.0277631 99
0.0281609 99
0.0277937 99
0.0277679 99
0.0278785 99
0.0279048 99
0.0280723 99
0.0277498 99
0.0277409 99
0.0279199 99
0.0277436 99
0.0277351 99
0.0281093 99
0.0277652 99
0.0280103 99
0.0277924 99
0.0282994 99
0.0279672 99
0.0278165 99
0.0280282 99
0.0290627 99
0.0277503 99
0.0278583 99
0.0283108 99
0.0277532 99
0.028071 99
0.0278724 99
0.0277664 99
0.0280095 99
0.0278902 99
0.0277433 99
0.0280033 99
0.0276642 99
0.0282281 99
0.0280212 99
0.0279333 99
0.0277936 99
0.0276778 99
0.0278663 99
0.0276758 99
0.0280457 99
0.0283187 99
0.0277218 99
0.0277666 99
0.0280524 99
0.0279538 99
0.0280683 99
0.0279677 99
0.0278542 99
0.0278263 99
0.0278656 99
0.028116 99
0.0280275 99
0.0279296 99
0.0279178 99
0.0282339 99
0.0296259 99
0.0279265 99
0.0278285 99
0.0280799 99
0.0278751 99
0.0279611 99
0.0280662 99
0.0277332 99
0.0280327 99
0.0277786 99
0.0278502 99
0.0278237 99
0.0279315 99
0.0279946 99
0.0278508 99
0.0275704 99
0.0280182 99
0.0277238 99
0.0278127 99
0.0278404 99
0.0278628 99
0.0279953 99
0.0277784 99
0.0279928 99
0.0279452 99
0.0278645 99
0.0281848 99
0.0279131 99
0.0277538 99
0.0280339 99
0.0279402 99
0.0277092 99
0.0279345 99
0.0280192 99
0.027896 99
0.0284116 99
0.0279938 99
0.0279622 99
0.0278746 99
0.0274712 99
0.0280425 99
0.027885 99
0.0278177 99
0.0278931 99
0.0277935 99
0.0278787 99
0.027847 99
0.0278638 99
0.027854 99
0.0279756 99
0.0279254 99
0.0278213 99
0.0281309 99
0.0282211 99
0.0278032 99
0.0280306 99
0.0282022 99
0.0277228 99
0.0275012 99
0.0278157 99
0.0277458 99
0.0282954 99
0.0277883 99
0.0277738 99
0.027864 99
0.0282812 99
0.0278266 99
0.0285974 99
0.0278973 99
0.028009 99
0.0278363 99
0.0277508 99
0.0279871 99
0.0286608 99
0.0278678 99
0.0280061 99
0.0279658 99
0.0278274 99
0.0276394 99
0.0279769 99
0.0280125 99
0.0278781 99
0.0278567 99
0.0278877 99
0.0281338 99
0.0277774 99
0.0278521 99
0.0283462 99
0.0277973 99
0.0277886 99
0.0280941 99
0.0281792 99
0.0278977 99
0.0278847 99
0.0276499 99
0.0277419 99
0.0279523 99
0.0281348 99
0.0278754 99
0.0278979 99
0.0279938 99
0.0277992 99
0.0279893 99
0.0279556 99
0.027865 99
0.0281245 99
0.0279833 99
0.0276131 99
0.0283589 99
0.0280253 99
0.0279543 99
0.0280895 99
0.0273802 99
0.0278646 99
0.027941 99
0.02794 99
0.0278026 99
0.0279915 99
0.02796 99
0.0278326 99
0.0278658 99
0.0279977 99
0.0277837 99
0.0277841 99
0.0278894 99
0.027764 99
0.0284787 99
0.0281503 99
0.0278804 99
0.0277746 99
0.027972 99
0.0280335 99
0.0279569 99
0.0282078 99
0.0277179 99
0.0278206 99
0.0276717 99
0.0280746 99
0.028641 99
0.0281762 99
0.027944 99
0.0278148 99
0.0279533 99
0.0277866 99
0.0278927 99
0.0278605 99
0.027943 99
0.0276525 99
0.0279917 99
0.0279005 99
0.0278735 99
0.0280084 99
0.0278745 99
0.027932 99
0.0280012 99
0.0276012 99
0.0280564 99
0.0281425 99
0.0279226 99
0.0277818 99
0.0276907 99
0.0279907 99
0.0278432 99
0.0281562 99
0.0278874 99
0.0288112 99
0.0278113 99
0.0278128 99
0.0277737 99
0.02782 99
0.0280922 99
0.0278907 99
0.0280768 99
0.0277875 99
0.027883 99
0.0278088 99
0.027816 99
0.0281226 99
0.0277067 99
0.0279176 99
0.027913 99
0.0277911 99
0.027868 99
0.0279664 99
0.0281775 99
0.0283881 99
0.027904 99
0.0281804 99
0.0278488 99
0.0280966 99
0.0282023 99
0.0276767 99
0.0280155 99
0.0278029 99
0.0277619 99
0.0280928 99
0.0279631 99
0.0280122 99
0.0279084 99
0.0279494 99
0.0285038 99
0.0278354 99
0.0276745 99
0.0281716 99
0.026719 99
0.0268848 99
0.0269016 99
0.0269663 99
0.0267927 99
0.0270317 99
0.0267793 99
0.0269847 99
0.0266993 99
0.0269992 99
0.0270011 99
0.0267294 99
0.0270089 99
0.0269508 99
0.0269073 99
0.026831 99
0.0268351 99
0.0269113 99
0.0267694 99
0.0271681 99
0.027891 99
0.02811 99
0.0280728 99
0.0278066 99
0.0281373 99
0.0277113 99
0.0279409 99
0.0277227 99
0.0279664 99
0.0275943 99
0.0281825 99
0.0277124 99
0.0279149 99
0.0281784 99
0.0278746 99
0.0278349 99
0.0277864 99
0.0277191 99
0.0279653 99
0.0283224 99
0.027667 99
0.0278986 99
0.0279606 99
0.0277062 99
0.0280067 99
0.0275583 99
0.0281929 99
0.0278101 99
0.0280321 99
0.0275505 99
0.0281221 99
0.0277848 99
0.0278925 99
0.0280377 99
0.0280891 99
0.0278917 99
0.0278934 99
0.0280732 99
0.0283349 99
0.0278923 99
0.027817 99
0.0281433 99
0.0278438 99
0.0275209 99
0.0278449 99
0.0279007 99
0.0278111 99
0.0281609 99
0.0279287 99
0.0282165 99
0.027665 99
0.0278746 99
0.0276102 99
0.0280925 99
0.027906 99
0.0279848 99
0.0276603 99
0.0278179 99
0.0278829 99
0.0281091 99
0.0277308 99
0.0279471 99
0.0275597 99
0.0282919 99
0.0280171 99
0.0276176 99
0.0279404 99
0.0276726 99
0.027937 99
0.0279413 99
0.027949 99
0.0278383 99
0.0279842 99
0.0281085 99
0.028359 99
0.0278703 99
0.0279453 99
0.0279458 99
0.0278264 99
0.0281194 99
0.0276088 99
0.0283907 99
0.0280082 99
0.0277365 99
0.0281496 99
0.028004 99
0.0276061 99
0.0281686 99
0.0277341 99
0.0278263 99
0.0279086 99
0.0277792 99
0.0283419 99
0.0278605 99
0.0277546 99
0.0284274 99
0.0279527 99
0.0282393 99
0.0277646 99
0.0280728 99
0.0281053 99
0.0280792 99
0.0276363 99
0.0280314 99
0.0278279 99
0.028122 99
0.0277773 99
0.02821 99
0.0280182 99
0.0279932 99
0.0278658 99
0.0278034 99
0.0277453 99
0.0281615 99
0.0278793 99
0.0285326 99
0.0279436 99
0.0276539 99
0.0280684 99
0.0277843 99
0.0277456 99
0.0280383 99
0.0280442 99
0.0277421 99
0.0278996 99
0.0280933 99
0.0278813 99
0.0281876 99
0.027594 99
0.027958 99
0.028204 99
0.0279059 99
0.0280023 99
0.0279143 99
0.0279112 99
0.0278912 99
0.0276949 99
0.0279784 99
0.027522 99
0.0286246 99
0.02798 99
0.0281572 99
0.0277711 99
0.0278703 99
0.0276157 99
0.0280457 99
0.0280343 99
0.0279597 99
0.027739 99
0.0283696 99
0.0277766 99
0.0279001 99
0.0277238 99
0.0279673 99
0.0277709 99
0.0281845 99
0.0276446 99
0.0280481 99
0.0278169 99
0.0280286 99
0.0277181 99
0.0279547 99
0.0276708 99
0.0280283 99
0.0281268 99
0.0276043 99
0.0281803 99
0.0274676 99
0.0278789 99
0.0279888 99
0.0280261 99
0.0279089 99
0.027798 99
0.0278743 99
0.0278433 99
0.0278442 99
0.0277473 99
0.0279777 99
0.0278638 99
0.0280375 99
0.0279057 99
0.0284189 99
0.027726 99
0.0280449 99
0.0280737 99
0.027986 99
0.0277682 99
0.0278847 99
0.0277023 99
0.0279799 99
0.0280805 99
0.0278623 99
0.0278988 99
0.0279129 99
0.0279375 99
0.0288616 99
0.0277321 99
0.0277907 99
0.0280575 99
0.027841 99
0.0280626 99
0.0283288 99
0.0277724 99
0.0282171 99
0.0278748 99
0.0278438 99
0.0281354 99
0.0277726 99
0.0279929 99
0.0281415 99
0.0277955 99
0.0280153 99
0.0280182 99
0.0279425 99
0.0281898 99
0.0276492 99
0.0279338 99
0.0278361 99
0.0279476 99
0.0277378 99
0.0279384 99
0.0278869 99
0.0278774 99
0.0278851 99
0.0279047 99
0.0279648 99
0.0280518 99
0.0278414 99
0.0279022 99
0.0285319 99
0.0280037 99
0.027791 99
0.0279772 99
0.0279632 99
0.0279314 99
0.0280354 99
0.0278152 99
0.0281051 99
0.0280252 99
0.0278002 99
0.0278994 99
0.0283344 99
0.0285826 99
0.0281032 99
0.0279682 99
0.028027 99
0.0280538 99
0.0279148 99
0.0283871 99
0.0278459 99
0.0281468 99
0.0280565 99
0.0277201 99
0.0279591 99
0.0279281 99
0.0276453 99
0.0279292 99
0.0280079 99
0.0279786 99
0.0280734 99
0.0277396 99
0.0277444 99
0.0281599 99
0.0276666 99
0.0278637 99
0.0283621 99
0.0285621 99
0.0279508 99
0.0278147 99
0.0279124 99
0.0282926 99
0.0280985 99
0.0278663 99
0.0278586 99
0.028793 99
0.0278533 99
0.0279238 99
0.0279581 99
0.0279169 99
0.0278976 99
0.0278226 99
0.0278018 99
0.0280421 99
0.0278909 99
0.0281319 99
0.0279768 99
0.0278438 99
0.027844 99
0.0277323 99
0.0279205 99
0.0280072 99
0.0277565 99
0.0279521 99
0.0283579 99
0.0279642 99
0.0283676 99
0.0278199 99
0.0278264 99
0.0282849 99
0.0279442 99
0.0280075 99
0.0278653 99
0.0280585 99
0.0280324 99
0.0279602 99
0.0279588 99
0.0279637 99
0.0279548 99
0.0279377 99
0.0279959 99
0.0278927 99
0.0277117 99
0.0278883 99
0.0279352 99
0.0281059 99
0.0277315 99
0.0281996 99
0.0278507 99
0.0279342 99
0.0278839 99
0.0278093 99
0.0280626 99
0.028185 99
0.0277746 99
0.0280923 99
0.0282362 99
0.0277675 99
0.0280164 99
0.0279075 99
0.0282297 99
0.0279538 99
0.0279341 99
0.0280092 99
0.0278647 99
0.0280558 99
0.0278395 99
0.0278841 99
0.0279 99
0.0282561 99
0.0278761 99
0.0278458 99
0.0279981 99
0.0281259 99
0.0278004 99
0.0278983 99
0.0282892 99
0.0278028 99
0.028093 99
0.0278421 99
0.0279402 99
0.0281822 99
0.0279184 99
0.0277384 99
0.0279218 99
0.0284684 99
0.0283805 99
0.0277827 99
0.0278628 99
0.0281889 99
0.0279323 99
0.0279615 99
0.028211 99
0.0277416 99
0.0279386 99
0.0278978 99
0.0281407 99
0.0279339 99
0.0280514 99
0.0279634 99
0.0279106 99
0.027933 99
0.0287003 99
0.0277377 99
0.0282094 99
0.0280058 99
0.0276909 99
0.0279376 99
0.0279505 99
0.02798 99
0.0283531 99
0.027771 99
0.0282263 99
0.0276515 99
0.0283918 99
0.0278756 99
0.0279263 99
0.0279058 99
0.0287145 99
0.0279317 99
0.0280778 99
0.0280056 99
0.0277874 99
0.0280048 99
0.027738 99
0.0285782 99
0.0277868 99
0.0280715 99
0.0280337 99
0.0279551 99
0.0281571 99
0.0278994 99
0.0278751 99
0.0279719 99
0.0277912 99
0.0284185 99
0.0280831 99
0.0280105 99
0.0276636 99
0.0279389 99
0.0278623 99
0.0278283 99
0.0281715 99
0.0276637 99
0.0283215 99
0.0280635 99
0.0276546 99
0.0279077 99
0.0280201 99
0.0281947 99
0.0279706 99
0.0279172 99
0.0278708 99
0.0279483 99
0.0278143 99
0.027922 99
0.0279424 99
0.0281399 99
0.027858 99
0.0278512 99
0.0279296 99
0.028108 99
0.0276228 99
0.0279855 99
0.0283563 99
0.0281145 99
0.0277536 99
0.0280084 99
0.0278656 99
0.0280422 99
0.0281989 99
0.0276712 99
0.0277439 99
0.028122 99
0.0277837 99
0.0278272 99
0.0278233 99
0.0278759 99
0.0279128 99
0.0278464 99
0.0277864 99
0.028196 99
0.0277265 99
0.0278571 99
0.0280921 99
0.0279234 99
0.0279637 99
0.0286964 99
0.0279244 99
0.0279295 99
0.0277388 99
0.0278289 99
0.0279817 99
0.0280405 99
0.02779 99
0.0278753 99
0.0279733 99
0.0279954 99
0.0274457 99
0.0280849 99
0.0283456 99
0.0278979 99
0.027906 99
0.0280397 99
0.0280566 99
0.028319 99
0.0277921 99
0.028008 99
0.0278798 99
0.0281863 99
0.0278888 99
0.028093 99
0.0277702 99
0.0281534 99
0.0277067 99
0.0280799 99
0.0283382 99
0.0278434 99
0.0278314 99
0.0279396 99
0.027916 99
0.0280035 99
0.0277574 99
0.0280452 99
0.0281645 99
0.0278847 99
0.0278762 99
0.028141 99
0.0281814 99
0.0279582 99
0.0277369 99
0.0280351 99
0.0278656 99
0.0278079 99
0.0283249 99
0.0277782 99
0.028006 99
0.0279757 99
0.027649 99
0.0279005 99
0.0281651 99
0.0280122 99
0.027946 99
0.0278485 99
0.0279662 99
0.028158 99
0.0277119 99
0.0279796 99
0.0280342 99
0.0283095 99
0.0283241 99
0.0283424 99
0.0278138 99
0.0277753 99
0.0281802 99
0.0276078 99
0.0278811 99
0.0280928 99
0.0277905 99
0.0279599 99
0.0280414 99
0.0281286 99
0.0279244 99
0.0280134 99
0.0279477 99
0.027914 99
0.0281897 99
0.0276753 99
0.0279641 99
0.0275365 99
0.0280827 99
0.02779 99
0.0277298 99
0.0290699 99
0.0276252 99
0.0277755 99
0.0283556 99
0.0286845 99
0.0279537 99
0.0277609 99
0.0279005 99
0.0281687 99
0.0279947 99
0.0278043 99
0.0277999 99
0.0281364 99
0.0280365 99
0.027965 99
0.0279863 99
0.0281677 99
0.0277032 99
0.0281385 99
0.0279187 99
0.0281303 99
0.0277977 99
0.0279232 99
0.0278556 99
0.0283035 99
0.0277125 99
0.0279839 99
0.0281403 99
0.0283035 99
0.0278407 99
0.0278681 99
0.028125 99
0.0280817 99
0.0276787 99
0.028164 99
0.0279296 99
0.0279871 99
0.0278612 99
0.0277574 99
0.02824 99
0.0279227 99
0.02798 99
0.028227 99
0.0282191 99
0.0280551 99
0.0278866 99
0.027912 99
0.028035 99
0.0280214 99
0.0281325 99
0.027786 99
0.0279146 99
0.0280824 99
0.028046 99
0.0277379 99
0.0280136 99
0.0280817 99
0.0279065 99
0.0281179 99
0.0289942 99
0.0277785 99
0.028032 99
0.0277551 99
0.0280793 99
0.0282356 99
0.0280458 99
0.0277678 99
0.027922 99
0.0280481 99
0.0279019 99
0.0277309 99
0.0276635 99
0.0277543 99
0.0283474 99
0.0279843 99
0.0279235 99
0.0280174 99
0.0280813 99
0.0275749 99
0.0281057 99
0.0279524 99
0.0278191 99
0.027984 99
0.027845 99
0.0281448 99
0.0277482 99
0.0279613 99
0.0277927 99
0.0279912 99
0.0275742 99
0.0279739 99
0.0278442 99
0.0283334 99
0.0278872 99
0.0280721 99
0.0278313 99
0.0279718 99
0.0281968 99
0.0280153 99
0.027768 99
0.0277984 99
0.0279439 99
0.0279324 99
0.0278669 99
0.0278888 99
0.0279738 99
0.0280002 99
0.0278872 99
0.0280341 99
0.0280507 99
0.0280097 99
0.027902 99
0.0279996 99
0.0280596 99
0.0278156 99
0.0278656 99
0.0279324 99
0.0277388 99
0.0282173 99
0.0278804 99
0.0279172 99
0.0281491 99
0.027801 99
0.0278519 99
0.028214 99
0.027566 99
0.0285252 99
0.0278722 99
0.0278971 99
0.0279764 99
0.02781 99
0.0278837 99
0.0280456 99
0.027923 99
0.0279257 99
0.0277904 99
0.0278594 99
0.0283033 99
0.0282514 99
0.0279231 99
0.0285078 99
0.0275934 99
0.0278514 99
0.0279336 99
0.0278537 99
0.0297091 99
0.0276682 99
0.0283454 99
0.0282123 99
0.0278915 99
0.0282766 99
0.0278601 99
0.0283946 99
0.0277228 99
0.027804 99
0.0279201 99
0.0289688 99
0.0279471 99
0.0279077 99
0.0276953 99
0.0279653 99
0.0282841 99
0.0278452 99
0.0278561 99
0.0277429 99
0.0280043 99
0.0278198 99
0.0278316 99
0.0279385 99
0.0277998 99
0.0279822 99
0.0282747 99
0.0280137 99
0.0280172 99
0.027966 99
0.027935 99
0.0280431 99
0.0280589 99
0.028749 99
0.0280817 99
0.0280977 99
0.0278656 99
0.0276774 99
0.0281258 99
0.0279708 99
0.0278727 99
0.0279725 99
0.0279517 99
0.0277814 99
0.0284145 99
0.0278215 99
0.0279312 99
0.0278324 99
0.028162 99
0.0278657 99
0.0278913 99
0.0278254 99
0.0276131 99
0.0278532 99
0.0281977 99
0.0280762 99
0.0277569 99
0.0280021 99
0.0278284 99
0.027823 99
0.0282489 99
0.0282026 99
0.0280367 99
0.0279354 99
0.0277095 99
0.0279648 99
0.0280085 99
0.0282128 99
0.027897 99
0.0279785 99
0.0279936 99
0.0282734 99
0.0282778 99
0.0281164 99
0.0278761 99
0.0276968 99
0.0281694 99
0.0276259 99
0.0280424 99
0.0279172 99
0.0281243 99
0.0283282 99
0.0277353 99
0.0280761 99
0.0279588 99
0.0278429 99
0.0280048 99
0.028079 99
0.0279923 99
0.0279753 99
0.0279577 99
0.027919 99
0.0280961 99
0.0276996 99
0.0281426 99
0.027926 99
0.0278243 99
0.0281775 99
0.0277962 99
0.0279641 99
0.028198 99
0.0280136 99
0.028107 99
0.0279617 99
0.0283804 99
0.0276667 99
0.0278781 99
0.0285284 99
0.0279079 99
0.0281216 99
0.0284811 99
0.027862 99
0.0280534 99
0.0281279 99
0.0279476 99
0.0284588 99
0.0285044 99
0.0279559 99
0.0280731 99
0.0282582 99
0.0280085 99
0.027754 99
0.0282548 99
0.0279839 99
0.0278052 99
0.0281171 99
0.0278188 99
0.0280726 99
0.0279657 99
0.0277363 99
0.0280955 99
0.0278608 99
0.0283471 99
0.0279331 99
0.0279325 99
0.0279877 99
0.0281028 99
0.0276667 99
0.0285221 99
0.0277213 99
0.0281425 99
0.0278828 99
0.0278669 99
0.027951 99
0.0279857 99
0.0277622 99
0.0279221 99
0.0281458 99
0.0281215 99
0.0281822 99
0.0280581 99
0.0279401 99
0.0284886 99
0.0278924 99
0.0277489 99
0.0278955 99
0.0280889 99
0.0282461 99
0.0277092 99
0.0278099 99
0.0280448 99
0.0277207 99
0.0277885 99
0.0281663 99
0.0280471 99
0.0281071 99
0.028139 99
0.0280511 99
0.0280294 99
0.0280457 99
0.0282083 99
0.0279105 99
0.0275392 99
0.0277658 99
0.027919 99
0.0279701 99
0.0279814 99
0.0279003 99
0.0279165 99
0.0278871 99
0.0280208 99
0.0281088 99
0.0279536 99
0.0278247 99
0.0278051 99
0.0282953 99
0.027946 99
0.0280913 99
0.0279543 99
0.0279399 99
0.0280635 99
0.0280731 99
0.0279019 99
0.0280767 99
0.0279035 99
0.0282029 99
0.0282269 99
0.0277943 99
0.027816 99
0.0278094 99
0.0280815 99
0.0278794 99
0.0283163 99
0.0279856 99
0.0282079 99
0.0280484 99
0.0280993 99
0.0279874 99
0.0282025 99
0.027912 99
0.0278987 99
0.0281062 99
0.0281435 99
0.0273457 99
0.0282549 99
0.0279873 99
0.0281925 99
0.0276988 99
0.0278112 99
0.0280779 99
0.0279576 99
0.0276735 99
0.0285448 99
0.0280077 99
0.0278748 99
0.0279729 99
0.0279283 99
0.028041 99
0.0283778 99
0.0301428 99
0.0252523 99
0.0248718 99
0.027034 99
0.026592 99
0.0269632 99
0.0268741 99
0.0269712 99
0.0270928 99
0.0268376 99
0.0269961 99
0.0271929 99
0.0274133 99
0.0268009 99
0.0270573 99
0.0284503 99
0.0279741 99
0.0279178 99
0.0280641 99
0.0282563 99
0.0278904 99
0.0280727 99
0.0276811 99
0.0279771 99
0.0278537 99
0.027912 99
0.0279708 99
0.0282313 99
0.0278223 99
0.0280475 99
0.0278692 99
0.0279528 99
0.028155 99
0.0279282 99
0.0286103 99
0.0283022 99
0.0277491 99
0.0283696 99
0.027841 99
0.028233 99
0.0282552 99
0.0276552 99
0.0280533 99
0.0280473 99
0.0291113 99
0.0278668 99
0.0277822 99
0.0281883 99
0.0279631 99
0.0278272 99
0.028105 99
0.0281533 99
0.0280266 99
0.0279931 99
0.0286331 99
0.0282521 99
0.027736 99
0.027869 99
0.0280171 99
0.0282847 99
0.0280974 99
0.0282552 99
0.0283189 99
0.0280725 99
0.0277826 99
0.0283645 99
0.0279821 99
0.0282419 99
0.0279679 99
0.0278128 99
0.0280223 99
0.0279151 99
0.0281802 99
0.0279739 99
0.0281968 99
0.0282895 99
0.0279079 99
0.02775 99
0.0282086 99
0.0279268 99
0.0277959 99
0.0279531 99
0.0279155 99
0.0280435 99
0.0281668 99
0.0279558 99
0.0281554 99
0.02796 99
0.0277169 99
0.028442 99
0.0280065 99
0.0283471 99
0.0278761 99
0.0277891 99
0.0280526 99
0.0282419 99
0.0278953 99
0.028074 99
0.0282276 99
0.0279598 99
0.0280656 99
0.0277769 99
0.0282158 99
0.0282212 99
0.0283764 99
0.0279289 99
0.0279068 99
0.0282235 99
0.0279524 99
0.0279178 99
0.0278472 99
0.0278924 99
0.0287474 99
0.0275702 99
0.0282755 99
0.0278199 99
0.0278962 99
0.0277758 99
0.0278564 99
0.0279966 99
0.027941 99
0.0279958 99
0.0278761 99
0.0283847 99
0.0277676 99
0.027988 99
0.0279126 99
0.0278224 99
0.0280472 99
0.0279083 99
0.0283991 99
0.0279138 99
0.0277893 99
0.028575 99
0.0278616 99
0.028061 99
0.0279975 99
0.0282538 99
0.0280092 99
0.0279998 99
0.0279641 99
0.0278799 99
0.0279709 99
0.0289861 99
0.0269088 99
0.0277763 99
0.0280527 99
0.027578 99
0.0280612 99
0.0279296 99
0.0282082 99
0.028061 99
0.0278908 99
0.0279013 99
0.0280914 99
0.0286135 99
0.0275339 99
0.0274258 99
0.0283709 99
0.0280676 99
0.0277769 99
0.0279185 99
0.0282211 99
0.0277552 99
0.0280277 99
0.0279493 99
0.027837 99
0.0280223 99
0.0279843 99
0.0278423 99
0.0280315 99
0.0279267 99
0.0280955 99
0.0280236 99
0.0280528 99
0.028099 99
0.0279474 99
0.0279183 99
0.0281103 99
0.0290844 99
0.0272289 99
0.0278601 99
0.0279603 99
0.0286008 99
0.0278953 99
0.0329728 99
0.028096 99
0.0264145 99
0.0266071 99
0.0276757 99
0.0254257 99
0.0252083 99
0.0290238 99
0.0260069 99
0.0256363 99
0.0260524 99
0.0267678 99
0.027192 99
0.027019 99
0.0271963 99
0.0268457 99
0.0271426 99
0.0280032 99
0.0281653 99
0.0279883 99
0.0283062 99
0.0280911 99
0.0279158 99
0.0293762 99
0.0277578 99
0.0274234 99
0.0280309 99
0.0278022 99
0.0280221 99
0.0282948 99
0.028029 99
0.0277899 99
0.0279757 99
0.0280607 99
0.0280952 99
0.0278767 99
0.0281056 99
0.0278545 99
0.0281517 99
0.0292035 99
0.0274587 99
0.0270713 99
0.0279687 99
0.0280884 99
0.0278531 99
0.0348658 99
0.0292424 99
0.0287894 99
0.0275094 99
0.0266787 99
0.0257154 99
0.0268001 99
0.0255164 99
0.0262596 99
0.0263327 99
0.0271987 99
0.02725 99
0.0269057 99
0.0269316 99
0.0280753 99
0.0282121 99
0.0291427 99
0.0286722 99
0.0261587 99
0.0279779 99
0.0283469 99
0.0291784 99
0.0271436 98
0.0272751 98
0.0278502 98
0.0282735 98
0.0278916 98
0.0294142 98
0.0293916 98
0.0277973 98
0.0280125 98
0.0265273 98
0.0301976 98
0.0311333 98
0.028555 98
0.0253157 98
0.0266986 98
0.0262304 98
0.0269063 98
0.0265904 98
0.0265668 98
0.0271229 98
0.0283342 98
0.0282052 98
0.0469497 98
0.0308312 98
0.032264 98
0.0285387 98
0.0276839 98
0.0294874 98
0.026948 98
0.0283017 98
0.0278568 98
0.0261862 98
0.0295557 98
0.0267696 98
0.0269998 98
0.0280444 95
0.0266271 95
0.0262119 95
0.0278385 95
0.0266273 95
0.0262589 95
0.0293547 95
0.0271866 95
0.0289448 95
0.0286048 95
0.0272916 95
0.0287828 95
0.0272841 95
0.0268456 95
0.0268439 95
0.0268762 95
0.0260405 95
0.0282455 95
0.0273224 95
0.0262021 95
0.0280124 95
0.0274144 95
0.026005 95
0.0267446 95
0.0264419 95
0.0273635 95
0.0289041 95
0.0269269 95
0.0306392 95
0.0296073 95
0.0306466 95
0.0282333 95
0.0286114 95
0.0275615 95
0.0261988 95
0.0293411 95
0.0273679 95
0.0259488 97
0.0276468 97
0.0273253 97
0.0263331 97
0.0276651 97
0.0286951 97
0.0281745 97
0.0293391 97
0.0281609 97
0.0307382 97
0.0274721 97
0.0276054 97
0.0290508 97
0.0278459 97
0.0282194 97
0.027922 97
0.0290268 97
0.028703 97
0.0276999 97
0.0272662 97
0.0278967 97
0.0274168 97
0.0275008 97
0.0282817 97
0.0276903 97
0.0294175 97
0.0295531 97
0.0277916 97
0.0276064 97
0.0277865 97
0.0295495 97
0.0277274 97
0.0279955 97
0.0274053 97
0.0287617 97
0.0263489 97
0.027372 96
0.0277353 96
0.0270522 96
0.0273395 96
0.0293608 96
0.0283223 96
0.0294819 96
0.0288823 96
0.0288323 96
0.0301254 96
0.0282406 96
0.0324395 96
0.0290783 96
0.0273547 96
0.0275024 96
0.0277025 96
0.0270802 96
0.0281221 96
0.0275342 96
0.0275119 96
0.0285918 96
0.0282592 96
0.0293784 96
0.0292138 96
0.028295 96
0.0275381 96
0.0274609 96
0.0279746 96
0.0281694 96
0.0297561 96
0.0294794 96
0.0289101 96
0.0274542 96
0.0283378 96
0.0300986 96
0.0281479 95
0.0297802 95
0.0301118 95
0.029066 95
0.0293071 95
0.0295731 95
0.0290719 95
0.0295688 95
0.0298121 95
0.0276235 95
0.0271938 95
0.0276607 95
0.0284298 95
0.0272591 95
0.0313865 95
0.0276906 95
0.0293385 95
0.0312281 95
0.0297937 95
0.0295799 95
0.0277463 95
0.0300992 95
0.0316099 95
0.0285801 95
0.0283693 95
0.0300218 95
0.0304466 95
0.0289399 95
0.028214 95
0.0284787 95
0.0275816 95
0.0297037 95
0.0281766 95
0.0291621 95
0.028052 95
0.0291907 92
0.0281842 92
0.0279022 92
0.0296987 92
0.0296117 92
0.0329611 92
0.0336535 92
0.0332666 92
0.0308759 92
0.028733 92
0.0315062 92
0.0291036 92
0.0284335 92
0.0276648 92
0.0290678 92
0.028361 92
0.0302064 92
0.0302218 92
0.0287855 92
0.0282877 92
0.0300571 92
0.0279922 92
0.0289189 92
0.0279025 92
0.028942 92
0.0293755 92
0.0312631 92
0.0312206 92
0.0319905 92
0.0295004 92
0.029033 92
0.0296797 92
0.0286723 92
0.0285369 92
0.0279295 91
0.0296882 91
0.0294652 91
0.0303528 91
0.0309812 91
0.0338508 91
0.0304945 91
0.03196 91
0.0279019 91
0.0294935 91
0.0285004 91
0.0291769 91
0.028323 91
0.0287319 91
0.0286651 91
0.0293463 91
0.0285245 91
0.0285786 91
0.0288086 91
0.0293004 91
0.028548 91
0.0287214 91
0.0290401 91
0.0345019 91
0.0288089 91
0.029812 91
0.0279976 91
0.03081 91
0.0288291 91
0.0299223 91
0.0288419 91
0.031777 91
0.0304515 91
0.0295039 91
0.0292548 91
0.0294871 91
0.0290048 91
0.0304563 91
0.0328677 91
0.031271 91
0.0332659 91
0.0307065 91
0.0285221 91
0.0282287 91
0.0300331 91
0.0284928 91
0.0293351 91
0.0315952 91
0.0307091 91
0.028386 91
0.0294996 91
0.0290404 91
0.0304814 91
0.0283824 91
0.0296374 91
0.028855 91
0.0309257 91
0.0288404 91
0.0295506 91
0.0294691 91
0.0312318 91
0.0303673 91
0.0320233 91
0.0290787 91
0.0291908 91
0.0301145 91
0.02998 91
0.0333254 91
0.0305 90
0.0293136 90
0.0304701 90
0.0310273 90
0.0317819 90
0.030954 90
0.0338868 90
0.0288219 90
0.0308485 90
0.0293072 90
0.0287839 90
0.0299192 90
0.0296586 90
0.0289506 90
0.0293577 90
0.0292293 90
0.0298899 90
0.0310923 90
0.0293198 90
0.0298574 90
0.0318465 90
0.0316101 90
0.0303342 90
0.0300163 90
0.0291546 90
0.0299788 90
0.0327217 90
0.0313181 90
0.0294381 90
0.0310802 90
0.030684 90
0.0300389 90
0.0297484 90
0.0309336 89
0.0304429 89
0.0313607 89
0.0314858 89
0.0315491 89
0.0310507 89
0.0341441 89
0.0326884 89
0.0296051 89
0.0314392 89
0.0297119 89
0.0298804 89
0.0297657 89
0.0302806 89
0.0325483 89
0.0308113 89
0.0289932 89
0.0320065 89
0.030002 89
0.0298231 89
0.0299002 89
0.0323531 89
0.029987 89
0.029763 89
0.030116 89
0.0301317 89
0.0308048 89
0.0299962 89
0.0298889 89
0.0319657 89
0.034061 89
0.030806 89
0.029606 89
0.030211 87
0.0314886 87
0.0320775 87
0.0323135 87
0.031525 87
0.0325459 87
0.030418 87
0.0285243 87
0.0303313 87
0.0312673 87
0.0297841 87
0.0331776 87
0.0315075 87
0.0312099 87
0.0311843 87
0.0299832 87
0.0316527 87
0.0299543 87
0.0310288 87
0.0304777 87
0.0357996 87
0.0325421 87
0.0301905 87
0.030492 87
0.0312132 87
0.0312311 87
0.029773 87
0.032848 87
0.0328891 87
0.0312837 87
0.0328677 87
0.0325041 87
0.0298768 87
0.0320891 86
0.0330035 86
0.0318028 86
0.0357455 86
0.0328497 86
0.029797 86
0.030881 86
0.0303658 86
0.0304491 86
0.0302265 86
0.0311287 86
0.0307762 86
0.0313589 86
0.0299374 86
0.0317814 86
0.0326539 86
0.0316282 86
0.0302827 86
0.0327003 86
0.0321532 86
0.0311523 86
0.0351831 86
0.0316584 86
0.0312704 86
0.0311443 86
0.0302672 86
0.0314779 86
0.0337529 86
0.033818 86
0.0304524 86
0.0296823 86
0.0314237 86
0.0349919 86
0.0334406 86
0.032396 86
0.0330407 86
0.0318467 86
0.0336223 86
0.0331872 86
0.0329124 86
0.0314712 86
0.0311789 86
0.0306776 86
0.0312544 86
0.0302446 86
0.0330762 86
0.030395 86
0.0325036 86
0.0306723 86
0.0307779 86
0.0312585 86
0.0309491 86
0.0312715 86
0.0314649 86
0.031287 86
0.031707 86
0.0327725 86
0.0306871 86
0.033057 86
0.0308373 86
0.0346379 86
0.0316295 86
0.031046 86
0.0326197 85
0.0337643 85
0.0332718 85
0.0337784 85
0.0322298 85
0.0308533 85
0.0310213 85
0.0308254 85
0.0316652 85
0.0328367 85
0.0325266 85
0.0307933 85
0.0363145 85
0.0336569 85
0.031148 85
0.0320489 85
0.0309551 85
0.0308037 85
0.0315011 85
0.0313406 85
0.0325799 85
0.0317074 85
0.0325042 85
0.0312425 85
0.0330776 85
0.0313826 85
0.0326499 85
0.031863 85
0.0308715 85
0.0335904 85
0.0313368 85
0.031849 85
0.0347612 85
0.0368084 85
0.0355977 85
0.0364274 85
0.0306931 85
0.03194 85
0.032416 85
0.030445 85
0.0341551 85
0.0316273 85
0.0334296 85
0.0311663 85
0.0315631 85
0.0325979 85
0.0311965 85
0.0329111 85
0.0313632 85
0.0325594 85
0.0322485 85
0.0319097 85
0.0334185 85
0.0323125 85
0.0313136 85
0.0321887 85
0.0322992 85
0.0346319 85
0.0318113 85
0.0313297 85
0.0332325 85
0.0316958 85
0.0348438 85
0.0340611 83
0.033649 83
0.035048 83
0.0331942 83
0.0307676 83
0.0324326 83
0.031712 83
0.0320082 83
0.0313343 83
0.0338469 83
0.0339159 83
0.0316725 83
0.0339665 83
0.0319072 83
0.0323547 83
0.0326194 83
0.0316207 83
0.0326258 83
0.0327094 83
0.0326844 83
0.0325035 83
0.0349464 83
0.0337963 83
0.0326913 83
0.0330191 83
0.0339809 83
0.0333738 83
0.0320821 83
0.03315 83
0.0341065 83
0.036974 83
0.0359119 83
0.0347486 83
0.0335215 83
0.0336457 83
0.0337121 83
0.0314765 83
0.0325625 83
0.0367824 83
0.0337579 83
0.0331421 83
0.037051 83
0.0328564 83
0.0321622 83
0.034023 83
0.0317788 83
0.0345578 83
0.0347743 83
0.0325068 83
0.032506 83
0.0333293 83
0.0320348 83
0.0337087 83
0.0322644 83
0.0334376 83
0.0336632 83
0.032265 83
0.0320582 83
0.0329882 83
0.0338386 83
0.0352021 83
0.0352712 81
0.0346042 81
0.0357337 81
0.0332064 81
0.0323589 81
0.0326499 81
0.0331177 81
0.0322694 81
0.0339434 81
0.0370141 81
0.034109 81
0.0319926 81
0.0333981 81
0.0325931 81
0.034054 81
0.03247 81
0.0336825 81
0.0341995 81
0.0329385 81
0.0325912 81
0.034058 81
0.0327262 81
0.0331482 81
0.0347089 81
0.0333144 81
0.0332474 81
0.0336721 81
0.0325862 81
0.0375592 81
0.0388869 81
0.0360333 81
0.0345004 81
0.0323411 81
0.0340429 81
0.0327168 81
0.0328731 81
0.0332546 81
0.0323487 81
0.03622 81
0.0350019 81
0.032716 81
0.0327206 81
0.0331527 81
0.0328224 81
0.0336097 81
0.0333212 81
0.0331278 81
0.0348521 81
0.033209 81
0.0338566 81
0.0351182 81
0.0328967 81
0.0351036 81
0.034399 81
0.0334194 81
0.033184 81
0.0343047 81
0.0365928 81
0.0346208 81
0.0350784 81
0.0346887 80
0.0348561 80
0.0322374 80
0.0339786 80
0.0333718 80
0.0332126 80
0.0334387 80
0.0334599 80
0.0330772 80
0.0338947 80
0.0330755 80
0.0334444 80
0.0335902 80
0.0357246 80
0.0348975 80
0.036049 80
0.0355387 80
0.034297 80
0.0332299 80
0.0338538 80
0.0335929 80
0.0368714 80
0.0370518 80
0.0334414 80
0.0336174 80
0.0355955 80
0.0362432 80
0.0359506 80
0.0358264 80
0.0355375 80
0.0373618 80
0.0332701 80
0.0328687 80
0.0344729 80
0.0355146 80
0.0344818 80
0.0348113 80
0.0349839 80
0.0336046 80
0.0329132 80
0.0346464 80
0.0343394 80
0.0357827 80
0.0364329 80
0.0345411 80
0.0341452 80
0.03351 80
0.0349377 80
0.0339837 80
0.0341474 80
0.0361725 80
0.0345334 80
0.0360275 80
0.0359597 80
0.0340481 80
0.0364171 80
0.0361073 80
0.0358446 80
0.0363219 77
0.0344837 77
0.0337387 77
0.034569 77
0.0339912 77
0.034151 77
0.0335657 77
0.0343401 77
0.0334574 77
0.0338939 77
0.0346824 77
0.0338724 77
0.0333073 77
0.0345917 77
0.0346665 77
0.0364929 77
0.0380861 77
0.0346192 77
0.0344026 77
0.0343318 77
0.0363692 77
0.0365423 77
0.0343039 77
0.0345882 77
0.0371 77
0.0383007 77
0.0389113 77
0.0373691 77
0.0367258 77
0.0353378 77
0.0346706 77
0.0335852 77
0.0337467 77
0.0351133 77
0.0369331 77
0.0351465 77
0.0339742 77
0.0359148 77
0.0344584 77
0.0348027 77
0.0335138 77
0.0351494 77
0.0342884 77
0.0350807 77
0.035575 77
0.0351552 77
0.0346646 77
0.0351786 77
0.0364935 77
0.0354437 77
0.0346604 77
0.0347079 77
0.0349893 77
0.0374782 77
0.0382425 77
0.0393464 77
0.0395539 77
0.0380897 77
0.0350084 77
0.0351621 77
0.0341564 77
0.0343145 77
0.0357766 77
0.0344868 77
0.0342027 77
0.0360142 77
0.0351129 77
0.0354709 77
0.0342158 77
0.0358308 77
0.0352194 77
0.0353569 77
0.0347886 77
0.0364445 77
0.0350955 77
0.0352395 77
0.0357264 77
0.0365121 77
0.0379386 77
0.0357595 77
0.0352999 77
0.0347271 77
0.0429421 77
0.0384876 77
0.0378103 77
0.0397796 77
0.0340989 76
0.0344342 76
0.0358561 76
0.0348544 76
0.0348302 76
0.0351773 76
0.0354749 76
0.03449 76
0.0370139 76
0.0359945 76
0.0360576 76
0.0351913 76
0.0363062 76
0.0356342 76
0.0383399 76
0.0382265 76
0.0357465 76
0.0360368 76
0.0351074 76
0.0379468 76
0.0393493 76
0.0360376 76
0.0379363 76
0.0366014 76
0.0377261 76
0.0375828 76
0.0389661 76
0.0369285 76
0.0346236 75
0.034856 75
0.0348532 75
0.0352667 75
0.0358705 75
0.0352178 75
0.0350265 75
0.0376467 75
0.0368829 75
0.0352393 75
0.0353015 75
0.0381389 75
0.0439812 75
0.0397865 75
0.0362622 75
0.0359695 75
0.0352942 75
0.0354513 75
0.0397971 75
0.0357783 75
0.0383007 75
0.0372981 75
0.0381112 75
0.0373626 75
0.0375721 75
0.0381951 75
0.0380018 75
0.0390206 73
0.036787 73
0.0349246 73
0.0358619 73
0.0368293 73
0.0354488 73
0.0349676 73
0.0350077 73
0.0392288 73
0.0383712 73
0.0362601 73
0.0356637 73
0.036031 73
0.0381601 73
0.0384306 73
0.038065 73
0.0364728 73
0.0360057 73
0.0399158 73
0.0370196 73
0.0356846 73
0.0367435 73
0.039475 73
0.0395336 73
0.0397637 73
0.0375837 73
0.0365739 73
0.036608 73
0.0383881 73
0.0380329 73
0.0362091 73
0.0351473 73
0.0353566 73
0.0356574 73
0.0378827 73
0.0370998 73
0.0349897 73
0.0353677 73
0.0359928 73
0.0365272 73
0.0361673 73
0.0363179 73
0.0367235 73
0.0365531 73
0.0361036 73
0.037185 73
0.0366889 73
0.0360894 73
0.0367727 73
0.0375334 73
0.0389304 73
0.0381659 73
0.0378087 73
0.0369611 73
0.0369678 73
0.0359195 74
0.03473 74
0.0355018 74
0.036973 74
0.0374774 74
0.0369086 74
0.0351399 74
0.0355462 74
0.0372767 74
0.0387719 74
0.0383475 74
0.0365354 74
0.0358672 74
0.0361212 74
0.0387012 74
0.0388056 74
0.0366881 74
0.0377177 74
0.036799 74
0.0364999 74
0.0367471 74
0.0393871 74
0.044354 74
0.0409832 74
0.0390217 74
0.0363868 74
0.0363351 74
0.035793 73
0.0371443 73
0.035229 73
0.0366527 73
0.0360035 73
0.0354372 73
0.0358714 73
0.0381068 73
0.0364709 73
0.0354891 73
0.0364426 73
0.0364777 73
0.0374301 73
0.0370523 73
0.0369914 73
0.0361278 73
0.0364391 73
0.0384678 73
0.0371355 73
0.03706 73
0.0365777 73
0.0386573 73
0.0384311 73
0.0385684 73
0.0387169 73
0.0401011 73
0.040228 73
0.0394218 73
0.04082 73
0.0388158 73
0.0385107 73
0.0369374 73
0.0358179 73
0.0361993 73
0.036268 73
0.0360891 73
0.0373244 73
0.0365507 73
0.0370316 73
0.0371435 73
0.0368028 73
0.0370269 73
0.0375542 73
0.0383533 73
0.0370632 73
0.0366703 73
0.0373141 73
0.0387695 73
0.0410637 73
0.0399836 73
0.0394536 73
0.0418988 73
0.038492 73
0.0364834 73
0.0359742 71
0.0357845 71
0.0365257 71
0.0378405 71
0.0362852 71
0.036485 71
0.0360565 71
0.0379717 71
0.0392017 71
0.0400223 71
0.0392865 71
0.0386884 71
0.0389847 71
0.0386328 71
0.0380462 71
0.0402025 71
0.0375851 71
0.0375158 71
0.0380229 71
0.0414404 71
0.043704 71
0.0406128 71
0.0399574 71
0.0385704 71
0.037119 71
0.0388178 71
0.0377527 71
0.0365006 71
0.036563 71
0.0372272 71
0.0366662 71
0.0372044 71
0.0365493 71
0.0368915 71
0.0367066 71
0.0372488 71
0.038013 71
0.0381036 71
0.0405616 71
0.0384644 71
0.0372933 71
0.038685 71
0.0384371 71
0.0371985 71
0.0388637 71
0.0380798 71
0.0420325 71
0.0416969 71
0.040664 71
0.041308 71
0.0387799 71
0.0376826 71
0.0382352 71
0.0369036 70
0.0369453 70
0.0367979 70
0.037095 70
0.0383676 70
0.0375717 70
0.0364161 70
0.0376365 70
0.0373271 70
0.038179 70
0.0381616 70
0.040842 70
0.0389377 70
0.0386201 70
0.0390196 70
0.0466068 70
0.0424201 70
0.0414841 70
0.0409892 70
0.0401789 70
0.0408987 70
0.0407148 70
0.040331 70
0.0376128 70
0.0403835 70
0.0407309 70
0.0382017 69
0.0399449 69
0.0385718 69
0.0367938 69
0.0370653 69
0.0373674 69
0.0370874 69
0.0385407 69
0.0380916 69
0.0387725 69
0.0380873 69
0.0379242 69
0.0381626 69
0.0377717 69
0.0389966 69
0.0409048 69
0.0390419 69
0.0390535 69
0.0421762 69
0.041864 69
0.0442737 69
0.0399927 69
0.0371942 69
0.0387055 69
0.0395633 69
0.0382491 69
0.0377907 70
0.0371499 70
0.0392946 70
0.0367283 70
0.0394471 70
0.0388865 70
0.0422629 70
0.0396375 70
0.039159 70
0.0397285 70
0.0387675 70
0.039643 70
0.0390503 70
0.0402392 70
0.0415882 70
0.0405966 70
0.039236 70
0.0399523 70
0.0431535 70
0.0431717 70
0.0436039 70
0.039945 70
0.0417483 70
0.038736 70
0.0428245 70
0.0397554 67
0.0398634 67
0.0382032 67
0.0384588 67
0.0392937 67
0.037116 67
0.0375613 67
0.0384558 67
0.0392989 67
0.0386449 67
0.0386764 67
0.0405623 67
0.0426189 67
0.0404773 67
0.0414807 67
0.0393966 67
0.0422043 67
0.0416671 67
0.0412255 67
0.0400065 67
0.0406125 67
0.0377621 67
0.0396521 67
0.0388789 67
0.0386828 67
0.0391972 67
0.0381611 68
0.037622 68
0.0399579 68
0.0406161 68
0.0376348 68
0.0390902 68
0.0380727 68
0.0426923 68
0.0392604 68
0.039025 68
0.039438 68
0.0414036 68
0.0410461 68
0.0399397 68
0.0400756 68
0.0414332 68
0.0421972 68
0.0417682 68
0.0405995 68
0.0410619 68
0.0376805 68
0.0383066 68
0.0406292 68
0.0410717 68
0.0408149 68
0.0402961 68
0.0384817 68
0.0398774 68
0.0409922 68
0.0406431 68
0.0387069 68
0.0389598 68
0.0396028 68
0.038561 68
0.0390185 68
0.0390991 68
0.0385588 68
0.0397505 68
0.0395066 68
0.0388558 68
0.0398091 68
0.0442446 68
0.0450144 68
0.043016 68
0.0427761 68
0.0381878 68
0.0385863 68
0.0381722 68
0.040047 68
0.0403611 68
0.0399457 68
0.0404376 68
0.0390858 68
0.041479 68
0.0399725 68
0.0382625 68
0.0407293 68
0.0420642 68
0.0401637 68
0.0403841 68
0.0397288 68
0.0413676 68
0.0417309 68
0.0396162 68
0.0395419 68
0.0432408 68
0.0444699 68
0.0438046 68
0.0408137 68
0.0427838 68
0.0377418 68
0.0382291 68
0.0388432 68
0.038332 68
0.0383327 68
0.0401948 68
0.0391287 66
0.0403638 66
0.0403734 66
0.0404521 66
0.0409162 66
0.0418094 66
0.0431642 66
0.0418187 66
0.0396635 66
0.0399281 66
0.0420599 66
0.0406676 66
0.0396434 66
0.0433633 66
0.0415578 66
0.0457494 66
0.043073 66
0.0433613 66
0.0401678 66
0.0383679 66
0.0392428 66
0.0379701 66
0.0421283 66
0.0411571 66
0.0386095 66
0.0393197 66
0.0387254 66
0.0380477 66
0.039779 66
0.0419895 66
0.041386 66
0.0397978 66
0.0394998 66
0.0403051 66
0.0405556 66
0.0418444 66
0.041759 66
0.0417969 66
0.0397187 66
0.0436694 66
0.0427257 66
0.0441587 66
0.0412421 66
0.0390703 66
0.0387904 66
0.0387008 66
0.0393733 66
0.0384746 66
0.0389442 66
0.0391713 66
0.0386939 68
0.0396473 68
0.0414896 68
0.0409623 68
0.0413075 68
0.0420107 68
0.0421062 68
0.0416511 68
0.0418341 68
0.0393705 68
0.0418329 68
0.0396254 68
0.0430377 68
0.0398533 68
0.0426228 68
0.0427376 68
0.0429913 68
0.0409202 68
0.0442431 68
0.0407476 68
0.0432596 68
0.0390091 68
0.0422655 68
0.0403704 68
0.0407486 65
0.0406623 65
0.0399031 65
0.0403464 65
0.0412825 65
0.0411739 65
0.0403803 65
0.0434421 65
0.0418635 65
0.0422902 65
0.0424378 65
0.0409875 65
0.0407742 65
0.0406832 65
0.0449458 65
0.0440844 65
0.04512 65
0.0438751 65
0.0411156 65
0.0395055 65
0.0397312 65
0.0413882 65
0.0419394 65
0.0385806 65
0.039452 65
0.0402899 65
0.0390852 65
0.0415766 65
0.0409982 65
0.0410807 65
0.0398147 65
0.0405781 65
0.0410334 65
0.0399938 65
0.04242 65
0.0400819 65
0.0410168 65
0.0399155 65
0.0430361 65
0.0455695 65
0.0441207 65
0.0423826 65
0.0405605 65
0.0411172 65
0.0411371 65
0.0404628 65
0.0410272 65
0.0401241 65
0.0430036 65
0.0415879 64
0.0430778 64
0.0411442 64
0.0432067 64
0.0400325 64
0.0431846 64
0.0426892 64
0.0415233 64
0.0403203 64
0.0443882 64
0.0432614 64
0.0414392 64
0.0437183 64
0.0465762 64
0.0439643 64
0.0432557 64
0.0403974 64
0.0428551 64
0.0399031 64
0.0404994 64
0.0392845 64
0.0396111 64
0.0400058 64
0.0397186 64
0.0400292 64
0.03942 65
0.0409515 65
0.0414109 65
0.0408661 65
0.0412303 65
0.0407867 65
0.0414989 65
0.0410309 65
0.0426007 65
0.041238 65
0.0454643 65
0.0439286 65
0.0436513 65
0.0440839 65
0.0432198 65
0.0422255 65
0.0398035 65
0.0404469 65
0.0400345 65
0.040579 65
0.0392746 65
0.0402964 65
0.040541 65
0.0398524 65
0.0406544 66
0.0397196 66
0.041795 66
0.0410432 66
0.040899 66
0.0417944 66
0.0413717 66
0.0417678 66
0.042856 66
0.0426096 66
0.0444794 66
0.0412569 66
0.0445608 66
0.0441553 66
0.0439897 66
0.0429444 66
0.0397997 66
0.041994 66
0.0405924 66
0.0422725 66
0.0412685 66
0.0427772 66
0.0409486 66
0.042399 66
0.0398547 64
0.0419487 64
0.0412607 64
0.0421412 64
0.0406117 64
0.0419968 64
0.0414982 64
0.041761 64
0.0421851 64
0.0445912 64
0.0438956 64
0.0443861 64
0.0473041 64
0.0441397 64
0.0440541 64
0.0425418 64
0.0405994 64
0.0429616 64
0.0427771 64
0.0415233 64
0.0424384 64
0.0461726 64
0.0417471 64
0.04136 64
0.0413583 63
0.0411989 63
0.0422785 63
0.0417429 63
0.0431857 63
0.0426246 63
0.0435499 63
0.0428265 63
0.0446624 63
0.0432539 63
0.0416572 63
0.0447007 63
0.046406 63
0.044893 63
0.0432132 63
0.0401772 63
0.0409351 63
0.0403221 63
0.0415145 63
0.0429538 63
0.0430347 63
0.041783 63
0.042445 63
0.0449531 63
0.0423841 62
0.0432883 62
0.0431703 62
0.0421988 62
0.0415931 62
0.0427243 62
0.0419579 62
0.0465091 62
0.0433556 62
0.0417649 62
0.0439309 62
0.0447233 62
0.0448827 62
0.044975 62
0.0447449 62
0.0415058 62
0.0434811 62
0.0404345 62
0.0430262 62
0.0407817 62
0.0414332 62
0.0404255 62
0.0439681 62
0.0438097 62
0.0442829 62
0.0437035 62
0.0419943 62
0.042648 62
0.0421098 62
0.0426677 62
0.0433567 62
0.0435197 62
0.0448419 62
0.0435678 62
0.0457155 62
0.0449151 62
0.0449331 62
0.0426811 62
0.0430982 62
0.0408806 62
0.0416261 62
0.0406608 62
0.0416557 62
0.0412202 62
0.0417931 62
0.0412347 62
0.0441283 62
0.0434318 64
0.0436656 64
0.0452657 64
0.0454753 64
0.0424189 64
0.0424239 64
0.0443929 64
0.043392 64
0.0427624 64
0.0454393 64
0.0464479 64
0.0447466 64
0.0447948 64
0.0467712 64
0.0427522 64
0.0414582 64
0.0417439 64
0.040629 64
0.0426031 64
0.0414789 64
0.0418494 64
0.0411202 64
0.0429499 64
0.0428181 62
0.0445853 62
0.0463437 62
0.0445023 62
0.0436215 62
0.0423296 62
0.0466494 62
0.0444506 62
0.0428759 62
0.0438133 62
0.0460909 62
0.0459132 62
0.0472704 62
0.0425088 62
0.0421054 62
0.0418862 62
0.0432783 62
0.0417922 62
0.0454394 62
0.0440669 62
0.0418173 62
0.0423579 62
0.0414294 62
0.0438301 61
0.0449498 61
0.0456642 61
0.0452779 61
0.0433893 61
0.0437273 61
0.044353 61
0.0431316 61
0.0444678 61
0.0458721 61
0.0454982 61
0.0455323 61
0.0458704 61
0.0435845 61
0.0453788 61
0.0442767 61
0.0414422 61
0.042178 61
0.0418626 61
0.0438349 61
0.044614 61
0.0425022 61
0.0432457 61
0.0428612 60
0.0440383 60
0.0442065 60
0.0445241 60
0.0449763 60
0.0435581 60
0.0462649 60
0.0451102 60
0.0471896 60
0.0477768 60
0.0454546 60
0.0473937 60
0.04398 60
0.0426421 60
0.0417575 60
0.0422917 60
0.0417387 60
0.0431117 60
0.0427343 60
0.0441358 60
0.0438205 60
0.0422045 60
0.0437215 60
0.0432285 60
0.0440252 60
0.0445972 60
0.0445788 60
0.0442046 60
0.0454661 60
0.0434236 60
0.0447762 60
0.0480029 60
0.046915 60
0.0459235 60
0.0459006 60
0.0434569 60
0.0420363 60
0.0427977 60
0.0449458 60
0.0442015 60
0.0447199 60
0.0449593 60
0.041995 60
0.0429766 60
0.0430781 60
0.044662 60
0.0469655 62
0.0434842 62
0.0445537 62
0.0442056 62
0.0437129 62
0.0477075 62
0.0442752 62
0.0445944 62
0.045241 62
0.0477997 62
0.0487654 62
0.0464097 62
0.0439785 62
0.0434243 62
0.0436086 62
0.0425984 62
0.0431264 62
0.0423329 62
0.0437781 62
0.0439672 62
0.0446164 62
0.0443624 62
0.0447983 62
0.044069 60
0.0451472 60
0.0465287 60
0.0438758 60
0.0453858 60
0.0450355 60
0.0472721 60
0.0473024 60
0.0493417 60
0.0467561 60
0.0463022 60
0.0472816 60
0.0454547 60
0.044972 60
0.0431258 60
0.043647 60
0.043041 60
0.0439945 60
0.044142 60
0.0455906 60
0.0447317 60
0.0449983 60
0.0464878 58
0.0487518 58
0.044962 58
0.0449327 58
0.0469241 58
0.0445046 58
0.0451008 58
0.0463436 58
0.0505076 58
0.0486342 58
0.0469895 58
0.0444074 58
0.0434635 58
0.0424113 58
0.0437576 58
0.0458554 58
0.0467922 58
0.0433614 58
0.0437029 58
0.0431209 58
0.0445062 58
0.0459539 58
0.0454649 60
0.0473684 60
0.0461487 60
0.0469009 60
0.0456876 60
0.0452922 60
0.0454434 60
0.0476952 60
0.0470222 60
0.0475464 60
0.048072 60
0.0436429 60
0.0437857 60
0.0427976 60
0.0446125 60
0.0454476 60
0.0431315 60
0.0441134 60
0.0436746 60
0.0433107 60
0.0460785 60
0.0457925 60
0.0475937 60
0.0469006 59
0.0497838 59
0.0472673 59
0.0467089 59
0.0473713 59
0.0472551 59
0.0473764 59
0.049272 59
0.047749 59
0.0467835 59
0.0446108 59
0.0434428 59
0.044256 59
0.0444995 59
0.0446169 59
0.0456513 59
0.0443367 59
0.0433206 59
0.0447412 59
0.0462789 59
0.0461773 59
0.0459605 59
0.0454303 59
0.046049 59
0.0456991 59
0.0470868 59
0.045707 59
0.0474725 59
0.047918 59
0.047602 59
0.053088 59
0.0469782 59
0.0449092 59
0.046726 59
0.0444365 59
0.0441881 59
0.0444953 59
0.0451351 59
0.0458287 59
0.0435638 59
0.0453526 59
0.0492935 59
0.0472781 59
0.0455788 59
0.0464132 57
0.0475408 57
0.0470818 57
0.0463308 57
0.0464471 57
0.0466681 57
0.0485527 57
0.0502497 57
0.0471887 57
0.0448123 57
0.0450596 57
0.0465298 57
0.0452732 57
0.0468988 57
0.0458719 57
0.0443389 57
0.0443787 57
0.0448889 57
0.0466782 57
0.0459388 57
0.0459776 57
0.0461501 57
0.0460928 59
0.0458244 59
0.0470112 59
0.0470228 59
0.0462802 59
0.0477929 59
0.0493935 59
0.0481983 59
0.0470709 59
0.0459811 59
0.045081 59
0.0439667 59
0.044594 59
0.0449214 59
0.0447728 59
0.0454 59
0.045546 59
0.0445334 59
0.0473513 59
0.0484479 59
0.0464105 59
0.0491399 57
0.0474758 57
0.0470002 57
0.0480629 57
0.0460919 57
0.0466313 57
0.0546717 57
0.0524859 57
0.0475948 57
0.0446321 57
0.0445317 57
0.0455941 57
0.0468908 57
0.0459678 57
0.0447672 57
0.0463163 57
0.044672 57
0.0456885 57
0.045615 57
0.046211 57
0.0464598 57
0.0463865 57
0.0472997 58
0.0468268 58
0.0475274 58
0.0466616 58
0.0483344 58
0.0488057 58
0.0493986 58
0.0483296 58
0.0468009 58
0.0448511 58
0.0447786 58
0.0472827 58
0.0469625 58
0.0469094 58
0.0467153 58
0.0453637 58
0.0463063 58
0.0473473 58
0.0459474 58
0.0467451 58
0.0489737 58
0.0465091 58
0.0464964 58
0.048324 58
0.046753 58
0.0468081 58
0.0525206 58
0.0494177 58
0.050131 58
0.0475651 58
0.0463539 58
0.0462994 58
0.0445041 58
0.0453059 58
0.0486562 58
0.0468826 58
0.04535 58
0.0448838 58
0.0482047 58
0.0469461 58
0.0466006 58
0.0489931 58
0.0467545 58
0.0495258 56
0.0511318 56
0.0472998 56
0.0500476 56
0.0517448 56
0.0531937 56
0.0491099 56
0.048597 56
0.0475499 56
0.0454265 56
0.0455918 56
0.045275 56
0.0443645 56
0.0454484 56
0.048174 56
0.0468766 56
0.0460617 56
0.048358 56
0.0470946 56
0.0471164 56
0.0483325 56
0.0478201 57
0.048644 57
0.0475531 57
0.0469589 57
0.0486246 57
0.0515527 57
0.049005 57
0.0473087 57
0.0459207 57
0.0456482 57
0.0459487 57
0.048233 57
0.0480415 57
0.0484318 57
0.0453107 57
0.0462169 57
0.0585956 57
0.048116 57
0.0475489 57
0.0473974 57
0.0467867 57
0.0470942 56
0.0485348 56
0.0476736 56
0.0491116 56
0.0500695 56
0.0517039 56
0.0526936 56
0.0491411 56
0.0458507 56
0.0464845 56
0.0474432 56
0.045308 56
0.0460787 56
0.0477878 56
0.0458729 56
0.0459692 56
0.0478903 56
0.0478316 56
0.0474004 56
0.0484143 56
0.0477847 56
0.0498786 56
0.0489031 55
0.0476943 55
0.047169 55
0.0523488 55
0.0502921 55
0.0513309 55
0.0464055 55
0.049832 55
0.0461637 55
0.0461346 55
0.0461089 55
0.0461274 55
0.0456894 55
0.0460566 55
0.0487969 55
0.04772 55
0.0477616 55
0.0495394 55
0.0477375 55
0.0501823 55
0.0490527 55
0.0487105 56
0.0483122 56
0.0506086 56
0.0507107 56
0.0505274 56
0.0519323 56
0.0505836 56
0.0465238 56
0.0485771 56
0.0488915 56
0.046232 56
0.046467 56
0.0474038 56
0.046424 56
0.0470358 56
0.0479243 56
0.0497961 56
0.0479989 56
0.0504286 56
0.0478613 56
0.0521365 55
0.0496535 55
0.0485565 55
0.0537167 55
0.0532754 55
0.0497715 55
0.0526256 55
0.0470078 55
0.0466041 55
0.0497909 55
0.0482708 55
0.0499406 55
0.0462647 55
0.0459529 55
0.0489585 55
0.0480053 55
0.0478899 55
0.0497513 55
0.0482186 55
0.0491082 55
0.0497571 55
0.0504079 54
0.0498342 54
0.0497724 54
0.0525306 54
0.0504728 54
0.0501736 54
0.0474252 54
0.0479226 54
0.0466923 54
0.0459409 54
0.0486906 54
0.0463742 54
0.0488833 54
0.0502902 54
0.0480494 54
0.0493825 54
0.0485095 54
0.0482123 54
0.0484221 54
0.0479633 54
0.0504542 54
0.0482138 56
0.0486947 56
0.0566119 56
0.0525805 56
0.0502558 56
0.0484362 56
0.0467942 56
0.0464748 56
0.0475038 56
0.0490376 56
0.0470844 56
0.0485447 56
0.0467631 56
0.0476478 56
0.049008 56
0.0488151 56
0.0493503 56
0.0485813 56
0.0491053 56
0.0502633 56
0.048467 54
0.0496935 54
0.0510109 54
0.0533342 54
0.0502829 54
0.0514962 54
0.0473104 54
0.0490869 54
0.0470031 54
0.0469235 54
0.0482078 54
0.0470191 54
0.0470585 54
0.0501931 54
0.0502065 54
0.0508914 54
0.0492406 54
0.0524232 54
0.0514293 54
0.0505384 54
0.0488902 54
0.0498762 55
0.0502383 55
0.0549781 55
0.0522026 55
0.0492284 55
0.0472276 55
0.0485721 55
0.0473164 55
0.0472016 55
0.049615 55
0.0488759 55
0.0469916 55
0.0501634 55
0.0485441 55
0.0507577 55
0.0486199 55
0.0501768 55
0.0493405 55
0.0541251 55
0.0505868 55
0.0509311 53
0.0501665 53
0.0529374 53
0.0509571 53
0.0543667 53
0.0522498 53
0.0476073 53
0.0476102 53
0.0518571 53
0.0494768 53
0.0491647 53
0.0475162 53
0.0476405 53
0.0498377 53
0.0491514 53
0.0507131 53
0.0491647 53
0.0502267 53
0.0501766 53
0.049912 53
0.0493448 53
0.0504549 54
0.0525893 54
0.0525523 54
0.0509796 54
0.0486524 54
0.047701 54
0.0468153 54
0.0498603 54
0.0501541 54
0.05272 54
0.049084 54
0.0498038 54
0.049248 54
0.0499935 54
0.0494585 54
0.0495576 54
0.0511969 54
0.0514174 54
0.0494103 54
0.0494144 54
0.0527187 54
0.0532177 54
0.0514959 54
0.0505623 54
0.0524461 54
0.0501459 54
0.0478161 54
0.0479701 54
0.0514787 54
0.04949 54
0.0497513 54
0.0480018 54
0.0506852 54
0.0498319 54
0.0504781 54
0.0495775 54
0.0499652 54
0.0508056 54
0.0494975 54
0.0494852 54
0.0509782 53
0.0540916 53
0.053621 53
0.0498856 53
0.0494275 53
0.0483822 53
0.0478242 53
0.0501139 53
0.0482764 53
0.0494539 53
0.047961 53
0.0485972 53
0.0510296 53
0.0500311 53
0.051154 53
0.0500806 53
0.0512567 53
0.0509307 53
0.0510837 53
0.0500859 53
0.0557594 53
0.0534557 53
0.0525399 53
0.0492214 53
0.0509342 53
0.0490638 53
0.047987 53
0.0477123 53
0.0501963 53
0.0484584 53
0.051146 53
0.0495402 53
0.0524742 53
0.0501175 53
0.0517206 53
0.0508297 53
0.0518234 53
0.0512484 53
0.0498642 53
0.0502115 53
0.0549186 53
0.0529725 53
0.0515331 53
0.0493438 53
0.0480386 53
0.0486635 53
0.0485774 53
0.0484843 53
0.0496454 53
0.0485366 53
0.0482337 53
0.050082 53
0.0505958 53
0.0517484 53
0.050144 53
0.0501892 53
0.0526384 53
0.0527208 53
0.0514917 53
0.0503701 53
0.0564935 53
0.0537187 53
0.0519222 53
0.054283 53
0.0486834 53
0.0495021 53
0.048594 53
0.0487385 53
0.0530762 53
0.0493617 53
0.0512827 53
0.050164 53
0.0510148 53
0.0507751 53
0.0504802 53
0.0504167 53
0.0519378 53
0.0521899 53
0.0507579 53
0.0531437 53
0.0540084 52
0.0528296 52
0.0500253 52
0.0486275 52
0.0489352 52
0.0505355 52
0.0486112 52
0.0509379 52
0.048961 52
0.0500194 52
0.0494716 52
0.0553805 52
0.0532402 52
0.0532033 52
0.0505632 52
0.0507509 52
0.0521265 52
0.0510938 52
0.0511436 52
0.0544146 52
0.0546383 53
0.0548085 53
0.0498147 53
0.0501411 53
0.0492562 53
0.0491936 53
0.0511041 53
0.0511486 53
0.0498005 53
0.0493562 53
0.0517142 53
0.050928 53
0.0527702 53
0.0510853 53
0.0508453 53
0.0553058 53
0.0515374 53
0.0512384 53
0.0523857 53
0.0540436 51
0.053868 51
0.0508551 51
0.0512053 51
0.0492684 51
0.0500051 51
0.049518 51
0.0496253 51
0.0493982 51
0.0494246 51
0.0522073 51
0.0516078 51
0.0509684 51
0.0513162 51
0.0515311 51
0.0519262 51
0.0524417 51
0.053602 51
0.0516069 51
0.0547922 51
0.0542109 52
0.052941 52
0.0491875 52
0.0491953 52
0.0516685 52
0.0501281 52
0.0535353 52
0.0493482 52
0.0498073 52
0.0501364 52
0.0528549 52
0.0519262 52
0.0513269 52
0.0514268 52
0.0514705 52
0.0534423 52
0.0516202 52
0.0538677 52
0.0537767 52
0.0568443 52
0.0547471 52
0.0516902 52
0.0500715 52
0.0498547 52
0.0494273 52
0.0491361 52
0.0497936 52
0.0497443 52
0.050067 52
0.051436 52
0.0539065 52
0.0540766 52
0.0514118 52
0.0522274 52
0.0523816 52
0.0529506 52
0.0525601 52
0.0532835 52
0.0550914 52
0.0535473 51
0.05158 51
0.0500883 51
0.0499986 51
0.0498674 51
0.0519121 51
0.0509416 51
0.0500031 51
0.0494154 51
0.0513855 51
0.0540048 51
0.0535861 51
0.0532808 51
0.0520965 51
0.0523765 51
0.0544472 51
0.0515025 51
0.0527636 51
0.0546897 51
0.0541183 51
0.0546113 53
0.0497551 53
0.0518476 53
0.0500188 53
0.0508388 53
0.0505296 53
0.0516219 53
0.0503807 53
0.0510277 53
0.0519885 53
0.0535483 53
0.0539965 53
0.0520188 53
0.0519034 53
0.0533532 53
0.0517343 53
0.0530665 53
0.0555919 53
0.0546756 53
0.0544325 51
0.0493204 51
0.0504721 51
0.0501839 51
0.0516678 51
0.0507317 51
0.0503846 51
0.0503972 51
0.0509623 51
0.0519573 51
0.0522827 51
0.0523257 51
0.0552658 51
0.0535985 51
0.0538179 51
0.052212 51
0.0538496 51
0.0553553 51
0.057596 51
0.0558415 51
0.0526792 51
0.0511157 51
0.0544407 51
0.0553235 51
0.0506759 51
0.0512959 51
0.0506183 51
0.0520833 51
0.0521836 51
0.0553327 51
0.052312 51
0.0524201 51
0.0532765 51
0.0532261 51
0.0533051 51
0.0535494 51
0.0557009 51
0.0544849 51
0.0573223 49
0.0505082 49
0.0508684 49
0.0503434 49
0.0505777 49
0.0507542 49
0.0508818 49
0.0502555 49
0.0518077 49
0.0528953 49
0.0533296 49
0.0537661 49
0.0528857 49
0.0529469 49
0.0553028 49
0.0529638 49
0.0534844 49
0.0567277 49
0.0547055 49
0.0538462 49
0.0504933 51
0.0528353 51
0.0521215 51
0.0508375 51
0.0506545 51
0.0507735 51
0.0508949 51
0.0514439 51
0.0535243 51
0.0537102 51
0.0547504 51
0.0539984 51
0.0579754 51
0.0564051 51
0.0545993 51
0.0563632 51
0.0593841 51
0.0587888 51
0.0559525 50
0.0529915 50
0.0533119 50
0.053194 50
0.0510329 50
0.0531276 50
0.0535406 50
0.0539418 50
0.0537993 50
0.0529326 50
0.0529777 50
0.0536505 50
0.0537373 50
0.0549919 50
0.053003 50
0.0532688 50
0.0560412 50
0.0568864 50
0.054302 50
0.0514308 50
0.0514924 50
0.0508878 50
0.051959 50
0.0514625 50
0.0525543 50
0.0508356 50
0.0522094 50
0.0531947 50
0.0534145 50
0.0572674 50
0.0532568 50
0.0535189 50
0.0566066 50
0.0534156 50
0.0544198 50
0.0584817 50
0.0580381 50
0.0531128 50
0.0519767 49
0.0521504 49
0.0515638 49
0.0539364 49
0.0512971 49
0.0531795 49
0.0523802 49
0.0532617 49
0.0535401 49
0.0534753 49
0.0535469 49
0.054768 49
0.0554774 49
0.055644 49
0.0534299 49
0.0595203 49
0.056939 49
0.0557415 49
0.0510776 49
0.0523664 50
0.0516179 50
0.0535185 50
0.051304 50
0.0523383 50
0.05354 50
0.0524078 50
0.0543385 50
0.0537012 50
0.0535829 50
0.055754 50
0.0536534 50
0.054739 50
0.0563339 50
0.0544625 50
0.0566012 50
0.0566294 50
0.054433 50
0.0518994 50
0.0518324 50
0.0519671 50
0.0522984 50
0.052627 50
0.0518747 50
0.0537174 50
0.0532685 50
0.0537699 50
0.0552819 50
0.0538138 50
0.0537965 50
0.0562889 50
0.0547768 50
0.0534571 50
0.056267 50
0.0597755 50
0.0588622 50
0.0559356 50
0.0540584 50
0.0525034 49
0.0528368 49
0.0516787 49
0.0533621 49
0.0519978 49
0.0538906 49
0.0538915 49
0.0544602 49
0.0563873 49
0.0578725 49
0.0564365 49
0.0552998 49
0.0542652 49
0.0575743 49
0.0565431 49
0.0613133 49
0.0546008 49
0.0521624 49
0.0536695 49
0.052347 49
0.0542066 49
0.0522358 49
0.0513756 49
0.053267 49
0.0546764 49
0.0543869 49
0.0542936 49
0.0541803 49
0.0570793 49
0.0588676 49
0.0572215 49
0.0550733 49
0.0572098 49
0.0570253 49
0.0557184 49
0.0556765 49
0.0533867 49
0.0537172 50
0.0524615 50
0.054429 50
0.0557296 50
0.0530211 50
0.0540613 50
0.0569846 50
0.0578915 50
0.054434 50
0.0549057 50
0.0561349 50
0.0551948 50
0.0557216 50
0.0610612 50
0.0611728 50
0.0539678 50
0.0555498 50
0.0521696 50
0.052755 48
0.0533179 48
0.0525424 48
0.0549543 48
0.0531342 48
0.0547242 48
0.0550013 48
0.0556387 48
0.0545479 48
0.0547629 48
0.0577416 48
0.057847 48
0.0550436 48
0.0590327 48
0.0569057 48
0.0578272 48
0.0532738 48
0.0525053 48
0.0557575 48
0.0532615 48
0.0548436 48
0.0551695 48
0.055267 48
0.05413 48
0.0548866 48
0.0591525 48
0.0560491 48
0.0545196 48
0.0561539 48
0.0562487 48
0.0587944 48
0.0588913 48
0.0572597 48
0.0552938 48
0.0527799 48
0.0552314 48
0.0557001 48
0.0542324 48
0.0551131 48
0.0530288 48
0.0532519 48
0.0557652 48
0.0550735 48
0.0562608 48
0.0574486 48
0.0599596 48
0.0577233 48
0.055793 48
0.0559351 48
0.0578182 48
0.0579081 48
0.0562198 48
0.0533446 48
0.0531422 48
0.0554453 48
0.0529254 49
0.0529426 49
0.0558109 49
0.0533264 49
0.0551857 49
0.0570226 49
0.0567595 49
0.0551529 49
0.0555347 49
0.0558911 49
0.0562899 49
0.0565545 49
0.0600416 49
0.0599492 49
0.0568588 49
0.0544513 49
0.0534788 49
0.0532233 49
0.056629 48
0.0563008 48
0.0573475 48
0.0550061 48
0.056543 48
0.0561986 48
0.055667 48
0.0556461 48
0.0554344 48
0.0594778 48
0.0559163 48
0.0575397 48
0.0586535 48
0.0579051 48
0.0544559 48
0.0540755 48
0.0537581 48
0.0533132 48
0.0532297 48
0.0534329 48
0.0557854 48
0.0547439 48
0.0550583 48
0.0579924 48
0.0604106 48
0.0571573 48
0.0605338 48
0.0574111 48
0.0564242 48
0.0581989 48
0.0589964 48
0.0576024 48
0.0567144 48
0.0535559 48
0.0534024 48
0.0540701 48
0.0534936 47
0.053408 47
0.0553279 47
0.0552832 47
0.0557804 47
0.0556695 47
0.0587636 47
0.0590462 47
0.0615634 47
0.0578256 47
0.056138 47
0.0611974 47
0.0606987 47
0.0595203 47
0.0539354 47
0.0551981 47
0.0541881 47
0.0536788 47
0.0547735 47
0.0539061 47
0.0547607 47
0.0574464 47
0.0567104 47
0.0567905 47
0.0560903 47
0.0565961 47
0.058396 47
0.0564932 47
0.0575329 47
0.0590354 47
0.058825 47
0.0575769 47
0.0570674 47
0.0545465 47
0.0538804 47
0.0544879 47
0.0555398 47
0.0538528 47
0.0552817 47
0.0557872 47
0.0567012 47
0.0590092 47
0.0578921 47
0.0566205 47
0.0577527 47
0.0579708 47
0.0602647 47
0.0626697 47
0.0608184 47
0.0573907 47
0.0562499 47
0.0544752 47
0.0549456 47
0.0551911 47
0.0546872 47
0.054486 47
0.0580282 47
0.0579565 47
0.0562188 47
0.0569802 47
0.0563456 47
0.0593686 47
0.0636158 47
0.0622705 47
0.0595153 47
0.0618802 47
0.0564019 47
0.0548266 47
0.0542363 47
0.0550293 47
0.0571299 47
0.0543459 45
0.0549945 45
0.0551764 45
0.057535 45
0.05707 45
0.056587 45
0.0570085 45
0.0589686 45
0.0595311 45
0.0576999 45
0.0649612 45
0.0604182 45
0.0606737 45
0.0573015 45
0.0542921 45
0.0543173 45
0.0553081 45
0.0544667 45
0.0568571 47
0.0551945 47
0.0581196 47
0.0618639 47
0.0599028 47
0.0573224 47
0.056642 47
0.0608399 47
0.0584118 47
0.058915 47
0.060054 47
0.0602902 47
0.0580218 47
0.0562493 47
0.0544084 47
0.0573521 47
0.056467 47
0.0571889 47
0.055831 45
0.0562886 45
0.0571344 45
0.0575969 45
0.0594231 45
0.0578606 45
0.0585503 45
0.0567727 45
0.0572451 45
0.0609793 45
0.0619903 45
0.0576596 45
0.0570163 45
0.0582907 45
0.0553098 45
0.0547073 45
0.0547765 45
0.0568893 47
0.0557997 47
0.0564568 47
0.0578886 47
0.058908 47
0.0606006 47
0.059819 47
0.0616578 47
0.0614533 47
0.0628725 47
0.0625648 47
0.0604476 47
0.058458 47
0.057811 47
0.0549898 47
0.0554336 47
0.0551774 47
0.0559461 47
0.0563257 46
0.0568804 46
0.0579641 46
0.059063 46
0.0605903 46
0.0598528 46
0.0613163 46
0.0588711 46
0.0621835 46
0.0640686 46
0.0615711 46
0.0561509 46
0.0584626 46
0.0571137 46
0.0554112 46
0.0551186 46
0.0569055 46
0.056748 45
0.0571059 45
0.0573766 45
0.0587008 45
0.0586521 45
0.0615026 45
0.0590286 45
0.0588364 45
0.061996 45
0.0627315 45
0.0621052 45
0.0592744 45
0.0582694 45
0.0587864 45
0.057676 45
0.0563022 45
0.0554704 45
0.0585326 45
0.0578928 45
0.0583199 45
0.0572298 45
0.0582414 45
0.0584532 45
0.0577778 45
0.0613662 45
0.0649076 45
0.0627254 45
0.0579534 45
0.0584745 45
0.0579756 45
0.0582031 45
0.0584574 45
0.0575241 45
0.0554581 45
0.0593692 46
0.0597234 46
0.0587598 46
0.0589188 46
0.0596242 46
0.0597611 46
0.0587554 46
0.0584399 46
0.0609505 46
0.0608842 46
0.0594664 46
0.0561453 46
0.0562926 46
0.0589005 46
0.0610404 46
0.0608403 46
0.0585008 46
0.0570174 46
0.0576286 45
0.0586098 45
0.0579777 45
0.0586897 45
0.0596257 45
0.060484 45
0.059545 45
0.066996 45
0.0611676 45
0.0582064 45
0.0610611 45
0.0563199 45
0.0566087 45
0.0564004 45
0.0561721 45
0.0563627 45
0.0579701 45
0.0589119 46
0.0595361 46
0.0609379 46
0.0598196 46
0.0596605 46
0.0580223 46
0.0611198 46
0.061624 46
0.0630861 46
0.0593767 46
0.0565634 46
0.0559258 46
0.056512 46
0.0594452 46
0.0570883 46
0.0564776 46
0.0573206 46
0.0579215 45
0.0592946 45
0.0614489 45
0.0621241 45
0.0628274 45
0.0585095 45
0.0593944 45
0.0675883 45
0.0630188 45
0.0573264 45
0.0559342 45
0.0578556 45
0.0577919 45
0.0559891 45
0.0566117 45
0.0586684 45
0.0583447 45
0.059731 44
0.0605881 44
0.0603444 44
0.064046 44
0.0620663 44
0.0588344 44
0.0620516 44
0.0625357 44
0.0609466 44
0.0567869 44
0.0592635 44
0.0572175 44
0.0570896 44
0.0561511 44
0.0562769 44
0.0571122 44
0.0594992 44
0.0628765 45
0.0631344 45
0.0601601 45
0.0619545 45
0.064258 45
0.0596352 45
0.061948 45
0.0618561 45
0.0612804 45
0.0561268 45
0.0586375 45
0.057299 45
0.0571991 45
0.0563724 45
0.0562864 45
0.0601678 45
0.0600503 45
0.0612784 45
0.0600032 45
0.0596379 45
0.0637853 45
0.0651774 45
0.0594796 45
0.0619315 45
0.0621449 45
0.0603198 45
0.0599511 45
0.062272 45
0.056643 45
