=============
GeForce GTX 1660 Ti with Max-Q Design (Deferred average case) (Forward)
1920, 1080
Viewport maximized: true
Window fullscreen: true
Position: 6.8, 2, 0
Rotation: 0, 0.707107, 0, 0.707107
Seed: 3789060008
Room count: 9
Light count: 9
Sat Jan 15 21:46:59 2022
0.0435079 99
0.0431982 99
0.0432271 99
0.0439853 99
0.0438215 99
0.0435694 99
0.043412 99
0.0435194 99
0.0434464 99
0.0438125 99
0.0432872 99
0.0437253 99
0.0437399 99
0.0432014 99
0.0434862 99
0.0432884 99
0.0431527 99
0.0434778 99
0.0428817 99
0.0434928 99
0.0431531 99
0.0433906 99
0.0431665 99
0.0431585 99
0.0431291 99
0.0433811 99
0.0436549 99
0.0436293 99
0.0433401 99
0.0440466 99
0.0434623 99
0.0434209 99
0.0433726 99
0.0432734 99
0.0434569 99
0.0438795 99
0.0433407 99
0.0433474 99
0.0434653 99
0.0435782 99
0.0431937 99
0.0431167 99
0.0431379 99
0.0431954 99
0.0435365 99
0.0433265 99
0.0434106 99
0.0433535 99
0.0434999 99
0.0433069 99
0.0436547 99
0.043906 99
0.0431955 99
0.0432763 99
0.0432742 99
0.04326 99
0.0434663 99
0.0434954 99
0.0434369 99
0.0432497 99
0.0432215 99
0.0432689 99
0.0432093 99
0.043397 99
0.0432023 99
0.0432888 99
0.0437809 99
0.0430114 99
0.0431148 99
0.0434996 99
0.0433525 99
0.0434601 99
0.0431274 99
0.0437244 99
0.0436195 99
0.0434104 99
0.042888 99
0.0433699 99
0.0432381 99
0.0434567 99
0.0437084 99
0.0430028 99
0.0433913 99
0.0431286 99
0.0427338 99
0.0432726 99
0.0432053 99
0.0433842 99
0.0431809 99
0.0431892 99
0.0433222 99
0.0435227 99
0.0431805 99
0.0433102 99
0.0433539 99
0.0434597 99
0.0431147 99
0.0439503 99
0.0437005 99
0.0434926 99
0.0437109 99
0.0429607 99
0.0434184 99
0.0439672 99
0.0436355 99
0.043642 99
0.0436759 99
0.042915 99
0.0430548 99
0.0430444 99
0.0434246 99
0.0435085 99
0.0436722 99
0.0432454 99
0.0431844 99
0.043172 99
0.0435757 99
0.0434616 99
0.0431783 99
0.0434467 99
0.0433215 99
0.0430851 99
0.0434679 99
0.0432103 99
0.0434534 99
0.0434005 99
0.043237 99
0.0431347 99
0.0433658 99
0.043467 99
0.0434853 99
0.0430515 99
0.043005 99
0.0435792 99
0.0432952 99
0.0431814 99
0.043142 99
0.0434627 99
0.0432926 99
0.0434847 99
0.0436034 99
0.0434967 99
0.0439463 99
0.0429684 99
0.0436267 99
0.0434326 99
0.0433366 99
0.0430876 99
0.0435026 99
0.0432273 99
0.0441143 99
0.0426673 99
0.0437222 99
0.0434561 99
0.0436542 99
0.0432857 99
0.0432475 99
0.0432138 99
0.0432378 99
0.0432471 99
0.0435946 99
0.0430392 99
0.0434234 99
0.0435129 99
0.0435047 99
0.04334 99
0.0441059 99
0.0437621 99
0.043529 99
0.0429532 99
0.0438192 99
0.0434755 99
0.0432217 99
0.0435266 99
0.0433885 99
0.0434695 99
0.0432191 99
0.0433402 99
0.0437367 99
0.0431926 99
0.0429505 99
0.0431475 99
0.0431927 99
0.0433626 99
0.043495 99
0.043627 99
0.0432595 99
0.0436514 99
0.0434972 99
0.0433836 99
0.0436732 99
0.0432413 99
0.0432792 99
0.042948 99
0.0435191 99
0.0434061 99
0.043837 99
0.0430198 99
0.0431817 99
0.0431644 99
0.0432767 99
0.0434542 99
0.0434689 99
0.0430338 99
0.0431964 99
0.0433721 99
0.043372 99
0.043279 99
0.0434877 99
0.0430462 99
0.0437356 99
0.0436783 99
0.0433833 99
0.0437362 99
0.0428356 99
0.0432344 99
0.0435979 99
0.0431914 99
0.0435499 99
0.043617 99
0.0439163 99
0.0434667 99
0.0429388 99
0.0427996 99
0.0438625 99
0.0433528 99
0.0432097 99
0.0430841 99
0.0432472 99
0.0435544 99
0.0432527 99
0.0434935 99
0.043084 99
0.0435712 99
0.0439099 99
0.0432134 99
0.0432693 99
0.0432983 99
0.0436306 99
0.043726 99
0.0431172 99
0.04385 99
0.0431865 99
0.0436487 99
0.0431309 99
0.0435088 99
0.0437354 99
0.0430494 99
0.0434682 99
0.0435553 99
0.0429742 99
0.0438228 99
0.0436343 99
0.0433786 99
0.0433809 99
0.0436081 99
0.043603 99
0.0435474 99
0.0435587 99
0.0434981 99
0.0430498 99
0.0436748 99
0.043205 99
0.0434008 99
0.0434749 99
0.0435039 99
0.0439602 99
0.0433045 99
0.0435183 99
0.0432502 99
0.043222 99
0.0433693 99
0.0433976 99
0.0431921 99
0.0432459 99
0.0432508 99
0.0433504 99
0.0434047 99
0.0432831 99
0.0436405 99
0.0435511 99
0.0439088 99
0.0430904 99
0.0434599 99
0.0432971 99
0.0435707 99
0.0433099 99
0.0435672 99
0.0434504 99
0.0433521 99
0.0432835 99
0.0436479 99
0.0437749 99
0.0432159 99
0.0435171 99
0.0433493 99
0.0434851 99
0.0433435 99
0.0433143 99
0.043565 99
0.0437886 99
0.0440714 99
0.0437576 99
0.0434219 99
0.0434819 99
0.0432224 99
0.0433773 99
0.0437957 99
0.0431538 99
0.0438503 99
0.0433918 99
0.0429268 99
0.0435078 99
0.0439001 99
0.0430007 99
0.0433231 99
0.0432748 99
0.0437028 99
0.0433703 99
0.0433792 99
0.0433071 99
0.0433459 99
0.0433506 99
0.0432358 99
0.0432034 99
0.0433427 99
0.0435524 99
0.043722 99
0.0435697 99
0.0435473 99
0.0437643 99
0.0432894 99
0.0433055 99
0.0430957 99
0.0434516 99
0.0435896 99
0.0435584 99
0.0433847 99
0.0432489 99
0.0434849 99
0.0432277 99
0.04385 99
0.0435864 99
0.043481 99
0.0428677 99
0.0434409 99
0.0439053 99
0.043322 99
0.0433265 99
0.0433631 99
0.043395 99
0.0435235 99
0.0436902 99
0.0433266 99
0.0433484 99
0.04353 99
0.0434165 99
0.0432333 99
0.043343 99
0.043349 99
0.0434687 99
0.0436098 99
0.0431716 99
0.05518 99
0.0314484 99
0.0440194 99
0.0430651 99
0.0432113 99
0.0432264 99
0.0435249 99
0.0438439 99
0.0432679 99
0.0432508 99
0.0436051 99
0.0433776 99
0.0433087 99
0.0436129 99
0.0432428 99
0.0435418 99
0.0433619 99
0.0435771 99
0.043367 99
0.0435883 99
0.0435173 99
0.0432034 99
0.0433397 99
0.0433329 99
0.0433178 99
0.0433218 99
0.0434044 99
0.0432075 99
0.0433591 99
0.0436927 99
0.0434809 99
0.0437381 99
0.0433678 99
0.0432685 99
0.0433015 99
0.0435845 99
0.0432752 99
0.043586 99
0.0432059 99
0.0431064 99
0.0435078 99
0.043408 99
0.0433441 99
0.0436624 99
0.0432922 99
0.0433434 99
0.0434271 99
0.0431187 99
0.0434466 99
0.0432416 99
0.0431086 99
0.0436977 99
0.0435495 99
0.0436248 99
0.0433218 99
0.0433129 99
0.0432838 99
0.0432402 99
0.0434104 99
0.0433913 99
0.0434665 99
0.0435656 99
0.0433613 99
0.0436018 99
0.0436883 99
0.0437477 99
0.0433857 99
0.0437773 99
0.0430857 99
0.0434889 99
0.043582 99
0.0433451 99
0.0431513 99
0.04336 99
0.0436941 99
0.0432884 99
0.0434735 99
0.0432823 99
0.0432415 99
0.0433611 99
0.0436345 99
0.0437478 99
0.04355 99
0.0433236 99
0.0435502 99
0.0436423 99
0.0435664 99
0.0433256 99
0.0435663 99
0.0432813 99
0.0434905 99
0.0434043 99
0.043461 99
0.0434003 99
0.0436298 99
0.0433826 99
0.0431643 99
0.0434814 99
0.0435343 99
0.0432429 99
0.0435546 99
0.0436258 99
0.0433627 99
0.0436312 99
0.0431805 99
0.0434756 99
0.0436551 99
0.0438684 99
0.0434242 99
0.0430936 99
0.0437204 99
0.0434625 99
0.0436693 99
0.0434545 99
0.0435725 99
0.0432254 99
0.0491 99
0.0380446 99
0.0433316 99
0.0432447 99
0.0434103 99
0.0436184 99
0.0436333 99
0.0438065 99
0.0434107 99
0.0429494 99
0.0432915 99
0.0432674 99
0.0430612 99
0.0435156 99
0.0437139 99
0.0433082 99
0.0431747 99
0.0434521 99
0.0435693 99
0.0434482 99
0.0436001 99
0.0434035 99
0.0432836 99
0.0432939 99
0.0435214 99
0.0436866 99
0.0435353 99
0.0438306 99
0.0429551 99
0.0436528 99
0.0430265 99
0.0435941 99
0.0432567 99
0.0430622 99
0.0435143 99
0.0433874 99
0.0434416 99
0.0433794 99
0.0433424 99
0.0433204 99
0.0437053 99
0.0432664 99
0.043632 99
0.0436955 99
0.0435715 99
0.0433797 99
0.0435088 99
0.043292 99
0.0434798 99
0.04319 99
0.0436056 99
0.0437479 99
0.0432282 99
0.0433294 99
0.0433946 99
0.0433699 99
0.0429596 99
0.0434471 99
0.0435384 99
0.0434056 99
0.0435371 99
0.0435333 99
0.0435655 99
0.0433233 99
0.0434679 99
0.0431596 99
0.0439069 99
0.0434329 99
0.0433603 99
0.0437063 99
0.0428958 99
0.0433794 99
0.0436638 99
0.0433607 99
0.0432527 99
0.0434565 99
0.0434779 99
0.0434387 99
0.0434154 99
0.0434907 99
0.0432926 99
0.0435377 99
0.0435033 99
0.0434773 99
0.043546 99
0.0436862 99
0.0432771 99
0.0435637 99
0.043858 99
0.0434039 99
0.0432729 99
0.0434292 99
0.0436583 99
0.0436051 99
0.0433951 99
0.0435645 99
0.0436122 99
0.043906 99
0.0434467 99
0.0433098 99
0.0434492 99
0.0433582 99
0.0433297 99
0.0433618 99
0.043441 99
0.0434237 99
0.0433719 99
0.0433364 99
0.0437232 99
0.0434953 99
0.0435519 99
0.0432579 99
0.0436142 99
0.043542 99
0.0434194 99
0.043326 99
0.0433434 99
0.0433264 99
0.043456 99
0.0434594 99
0.0435306 99
0.044136 99
0.0435736 99
0.0432427 99
0.0433976 99
0.0439599 99
0.0435939 99
0.0433578 99
0.0436775 99
0.0434256 99
0.0434491 99
0.0434586 99
0.0434408 99
0.0436763 99
0.0435014 99
0.0433944 99
0.0433872 99
0.0434784 99
0.0431621 99
0.0433767 99
0.0436022 99
0.0435241 99
0.0436786 99
0.0436392 99
0.0433362 99
0.0433488 99
0.0434631 99
0.0435306 99
0.0434633 99
0.0434669 99
0.0435077 99
0.043499 99
0.0438025 99
0.0434456 99
0.0433767 99
0.0437311 99
0.0433789 99
0.0433565 99
0.0431826 99
0.0432723 99
0.0434819 99
0.0436073 99
0.0437403 99
0.0434123 99
0.0433223 99
0.0437874 99
0.04317 99
0.0436273 99
0.0432179 99
0.0436953 99
0.0434181 99
0.0434073 99
0.043411 99
0.0433998 99
0.0435548 99
0.0432136 99
0.0433461 99
0.0433556 99
0.0432905 99
0.0434577 99
0.0433165 99
0.0434889 99
0.0432852 99
0.0435735 99
0.0432762 99
0.0432592 99
0.0432351 99
0.0431899 99
0.0433996 99
0.0436402 99
0.0438694 99
0.0433254 99
0.0433227 99
0.0432139 99
0.0438771 99
0.0432736 99
0.0434465 99
0.0433126 99
0.0435181 99
0.0431584 99
0.0433989 99
0.0435573 99
0.043518 99
0.04357 99
0.0431932 99
0.0434314 99
0.0435254 99
0.043078 99
0.0436072 99
0.0432943 99
0.0433704 99
0.0435208 99
0.0438583 99
0.0433284 99
0.0436791 99
0.043099 99
0.0434035 99
0.0438278 99
0.0429454 99
0.0436665 99
0.0433855 99
0.0432787 99
0.0435043 99
0.0432538 99
0.0434005 99
0.0434141 99
0.0436541 99
0.0431609 99
0.0438314 99
0.0436285 99
0.0433769 99
0.0434139 99
0.0431 99
0.0433047 99
0.0434982 99
0.0436216 99
0.0430856 99
0.0430626 99
0.0433867 99
0.0437143 99
0.0433217 99
0.0435013 99
0.0436877 99
0.0432938 99
0.0433323 99
0.0434284 99
0.0431703 99
0.0438297 99
0.0434201 99
0.0434258 99
0.0433477 99
0.0437838 99
0.0431459 99
0.0433787 99
0.0432399 99
0.0432935 99
0.043341 99
0.0433694 99
0.0435684 99
0.043192 99
0.0432278 99
0.0434085 99
0.0435963 99
0.0432189 99
0.0436175 99
0.0434249 99
0.0433747 99
0.043268 99
0.0433218 99
0.0435484 99
0.0431361 99
0.0433341 99
0.0434204 99
0.043388 99
0.0436358 99
0.04367 99
0.043343 99
0.0433826 99
0.04298 99
0.0434486 99
0.0435507 99
0.0435506 99
0.04311 99
0.043185 99
0.0434104 99
0.0437221 99
0.043628 99
0.0432588 99
0.0434196 99
0.0435345 99
0.0431908 99
0.0432567 99
0.0435164 99
0.0434662 99
0.0435424 99
0.0432931 99
0.043872 99
0.0434372 99
0.0433014 99
0.0432288 99
0.0434456 99
0.0436058 99
0.043265 99
0.0436681 99
0.0433189 99
0.0434951 99
0.0435494 99
0.0433417 99
0.0432676 99
0.0434021 99
0.0436097 99
0.043372 99
0.0437438 99
0.0432774 99
0.043281 99
0.0433998 99
0.043264 99
0.0438005 99
0.0435158 99
0.0434654 99
0.0433272 99
0.0432602 99
0.0433872 99
0.0434181 99
0.0433462 99
0.0434706 99
0.0433799 99
0.0435333 99
0.0432681 99
0.0434064 99
0.0435046 99
0.0435186 99
0.0434302 99
0.0433636 99
0.0435354 99
0.0431825 99
0.04312 99
0.0440833 99
0.0439237 99
0.0432414 99
0.0434004 99
0.0434086 99
0.0437909 99
0.0435867 99
0.0433606 99
0.0432988 99
0.0433269 99
0.0432307 99
0.043506 99
0.043286 99
0.0436029 99
0.0432355 99
0.0434578 99
0.0434395 99
0.0436012 99
0.0434971 99
0.043465 99
0.0435236 99
0.0433106 99
0.0433994 99
0.0432781 99
0.0433712 99
0.043438 99
0.0435916 99
0.043495 99
0.043282 99
0.0432399 99
0.0435118 99
0.0434765 99
0.0436888 99
0.0433507 99
0.0432558 99
0.043465 99
0.0437315 99
0.043779 99
0.0433245 99
0.0431128 99
0.0437627 99
0.0435946 99
0.0434799 99
0.0432201 99
0.0436111 99
0.0433449 99
0.0435517 99
0.0435799 99
0.0432343 99
0.043367 99
0.0438026 99
0.0433342 99
0.0433448 99
0.0432819 99
0.0434076 99
0.0431447 99
0.0433657 99
0.0438175 99
0.0435395 99
0.0433347 99
0.0437061 99
0.0434612 99
0.043392 99
0.0434074 99
0.0432979 99
0.0431659 99
0.04345 99
0.0432057 99
0.0432132 99
0.043361 99
0.0436359 99
0.043418 99
0.0434729 99
0.0431798 99
0.0436725 99
0.043965 99
0.043495 99
0.0434421 99
0.0434754 99
0.0434896 99
0.043448 99
0.0437235 99
0.0431327 99
0.0436392 99
0.0439035 99
0.0432904 99
0.0434145 99
0.0432411 99
0.0433232 99
0.0433359 99
0.0435784 99
0.0435807 99
0.0433977 99
0.043536 99
0.0434599 99
0.0435283 99
0.0437971 99
0.0432678 99
0.0434591 99
0.043571 99
0.0432859 99
0.0436047 99
0.0435241 99
0.0436041 99
0.0434142 99
0.0433524 99
0.0434725 99
0.0435422 99
0.0434764 99
0.0435257 99
0.0437003 99
0.0430997 99
0.0432545 99
0.0431822 99
0.0434052 99
0.0433886 99
0.0433742 99
0.0437737 99
0.0429345 99
0.0436038 99
0.0434452 99
0.043498 99
0.0434112 99
0.0432523 99
0.0440396 99
0.043323 99
0.0434853 99
0.043268 99
0.0434758 99
0.0434494 99
0.0432777 99
0.0434301 99
0.0433658 99
0.0434301 99
0.0436178 99
0.0432628 99
0.0431674 99
0.0431222 99
0.043561 99
0.0438119 99
0.0434023 99
0.0433826 99
0.0433146 99
0.0434226 99
0.043319 99
0.0434224 99
0.0433859 99
0.0433478 99
0.0435481 99
0.0439552 99
0.0433668 99
0.0433941 99
0.0434284 99
0.0431636 99
0.0433754 99
0.0435402 99
0.0433354 99
0.0434572 99
0.0433915 99
0.0432637 99
0.0434679 99
0.043473 99
0.0433601 99
0.0433878 99
0.0432395 99
0.0432415 99
0.0433191 99
0.0434817 99
0.0432505 99
0.0435427 99
0.0438231 99
0.0438303 99
0.0433991 99
0.0434379 99
0.0433604 99
0.0431299 99
0.0434383 99
0.0433991 99
0.0436047 99
0.0432826 99
0.0435739 99
0.0433781 99
0.0435294 99
0.0434021 99
0.0435869 99
0.0432463 99
0.0433244 99
0.0433599 99
0.0431547 99
0.043688 99
0.0434939 99
0.0436485 99
0.0433731 99
0.0436517 99
0.0436464 99
0.0436883 99
0.0434939 99
0.0434293 99
0.043773 99
0.0436105 99
0.0433612 99
0.0435079 99
0.04292 99
0.0437767 99
0.0435995 99
0.0432707 99
0.043425 99
0.0435759 99
0.0434699 99
0.0431668 99
0.0434495 99
0.0436265 99
0.0432918 99
0.0434686 99
0.0435444 99
0.0437285 99
0.0431481 99
0.0433236 99
0.0433928 99
0.0432028 99
0.0436169 99
0.0437999 99
0.0434335 99
0.04334 99
0.0434242 99
0.0433264 99
0.0432975 99
0.043322 99
0.0435261 99
0.0436269 99
0.0434161 99
0.0433221 99
0.0434053 99
0.0432241 99
0.0435733 99
0.0431824 99
0.0432649 99
0.0434823 99
0.0437659 99
0.0431747 99
0.0434888 99
0.0432913 99
0.0437254 99
0.0434182 99
0.043472 99
0.0434187 99
0.0435937 99
0.043803 99
0.0433414 99
0.0433624 99
0.0435085 99
0.0431828 99
0.043362 99
0.0436047 99
0.04345 99
0.0433845 99
0.0432598 99
0.0434987 99
0.0433222 99
0.0434213 99
0.0433509 99
0.0434732 99
0.0435621 99
0.0434367 99
0.0434953 99
0.0434546 99
0.0433078 99
0.0435292 99
0.043524 99
0.0434407 99
0.0431862 99
0.0438337 99
0.0435313 99
0.0433371 99
0.0433621 99
0.0435012 99
0.0433789 99
0.0434207 99
0.0434511 99
0.0435144 99
0.0434706 99
0.0432035 99
0.0434669 99
0.0435606 99
0.0436061 99
0.0434068 99
0.043423 99
0.043456 99
0.0434584 99
0.0434412 99
0.0434647 99
0.0436118 99
0.0434927 99
0.0436074 99
0.043377 99
0.0435654 99
0.0439741 99
0.0434372 99
0.0436166 99
0.0434182 99
0.0432586 99
0.0436406 99
0.0433191 99
0.0437446 99
0.0431949 99
0.0433215 99
0.0435779 99
0.0437359 99
0.0435125 99
0.0432618 99
0.0434836 99
0.0437944 99
0.0433684 99
0.0434002 99
0.0435676 99
0.0433818 99
0.0433291 99
0.0434845 99
0.0433479 99
0.0434648 99
0.0439682 99
0.0431402 99
0.0434023 99
0.043442 99
0.0437475 99
0.0433558 99
0.0432412 99
0.0434802 99
0.0435776 99
0.0433364 99
0.043436 99
0.0433995 99
0.043431 99
0.0434427 99
0.0434602 99
0.0432067 99
0.0437007 99
0.0436503 99
0.0433427 99
0.0434599 99
0.0433903 99
0.0436383 99
0.0437067 99
0.0436741 99
0.0438079 99
0.0433845 99
0.0435866 99
0.0433444 99
0.0435495 99
0.0430278 99
0.0433267 99
0.0434264 99
0.0434652 99
0.0434558 99
0.0437421 99
0.0434922 99
0.0434112 99
0.0431876 99
0.0433718 99
0.0433597 99
0.0434936 99
0.0432435 99
0.0434098 99
0.0435771 99
0.0433345 99
0.0435668 99
0.0431431 99
0.043541 99
0.0436983 99
0.0441232 99
0.043153 99
0.0433395 99
0.0434109 99
0.0433879 99
0.043493 99
0.0436145 99
0.0435965 99
0.0433638 99
0.0433798 99
0.0434627 99
0.0431919 99
0.0434165 99
0.0436843 99
0.0433873 99
0.0433197 99
0.0434667 99
0.0432421 99
0.0433544 99
0.0435247 99
0.0437665 99
0.0433523 99
0.0436528 99
0.0435828 99
0.0434368 99
0.0436991 99
0.0431562 99
0.0434246 99
0.0433947 99
0.0433923 99
0.0433974 99
0.043409 99
0.0434321 99
0.0434902 99
0.0435225 99
0.0435562 99
0.0436389 99
0.043673 99
0.043534 99
0.0435355 99
0.0435331 99
0.043342 99
0.043516 99
0.0434102 99
0.0433575 99
0.0434444 99
0.0432931 99
0.0435425 99
0.0435889 99
0.0436671 99
0.0434241 99
0.0434759 99
0.04331 99
0.0435735 99
0.0432648 99
0.0438027 99
0.0436875 99
0.0436537 99
0.0436128 99
0.043195 99
0.0437271 99
0.0434373 99
0.0434618 99
0.0431324 99
0.0436342 99
0.0434419 99
0.0435751 99
0.0434674 99
0.0434561 99
0.043474 99
0.043568 99
0.0436659 99
0.0436947 99
0.0434994 99
0.0432395 99
0.043341 99
0.0434543 99
0.0432091 99
0.0437253 99
0.0435103 99
0.0434249 99
0.0434489 99
0.0431633 99
0.0435265 99
0.0435527 99
0.043514 99
0.0433979 99
0.0436135 99
0.0436478 99
0.0433817 99
0.0435619 99
0.0435194 99
0.0440366 99
0.0434363 99
0.0439221 99
0.0435019 99
0.0434869 99
0.0429207 99
0.043577 99
0.0437933 99
0.0433386 99
0.0432949 99
0.0435475 99
0.0435387 99
0.0434778 99
0.0432942 99
0.043408 99
0.0433431 99
0.0434107 99
0.0435472 99
0.0436229 99
0.0433356 99
0.04368 99
0.0433454 99
0.0432988 99
0.0437072 99
0.0434944 99
0.0435647 99
0.0433049 99
0.0434873 99
0.0433121 99
0.0432154 99
0.0435432 99
0.0437378 99
0.0435785 99
0.0436184 99
0.0431526 99
0.0434741 99
0.0434885 99
0.0434841 99
0.0434816 99
0.0436389 99
0.0434693 99
0.043215 99
0.0434454 99
0.0436041 99
0.043424 99
0.0434975 99
0.0437537 99
0.0436503 99
0.0434495 99
0.043549 99
0.0433183 99
0.0436267 99
0.0435734 99
0.0437559 99
0.0431866 99
0.0437997 99
0.043915 99
0.0433489 99
0.0433839 99
0.043338 99
0.0433242 99
0.0435138 99
0.0436718 99
0.0431625 99
0.0436953 99
0.0432392 99
0.0437778 99
0.0436543 99
0.0438258 99
0.0434681 99
0.0437794 99
0.0431647 99
0.0435338 99
0.0438952 99
0.0434902 99
0.0434485 99
0.043189 99
0.0435277 99
0.0435153 99
0.0433884 99
0.0438922 99
0.0432249 99
0.0437819 99
0.0433949 99
0.043268 99
0.0435556 99
0.0435745 99
0.043515 99
0.0433923 99
0.0432369 99
0.0435988 99
0.0435871 99
0.0435204 99
0.0436066 99
0.0432531 99
0.0439831 99
0.0433631 99
0.0434418 99
0.0431697 99
0.0434805 99
0.0435626 99
0.043737 99
0.0433394 99
0.0435053 99
0.0433651 99
0.0439426 99
0.0434827 99
0.0434894 99
0.0432661 99
0.0435489 99
0.0435525 99
0.0435396 99
0.0433966 99
0.0433882 99
0.043635 99
0.0435791 99
0.0433961 99
0.0434562 99
0.043363 99
0.0436352 99
0.0435853 99
0.0435289 99
0.0434292 99
0.0432745 99
0.0435294 99
0.0436432 99
0.0433745 99
0.0434934 99
0.0433514 99
0.0434067 99
0.0432091 99
0.0434547 99
0.0435752 99
0.0434654 99
0.0436673 99
0.0433552 99
0.0434681 99
0.0434511 99
0.0434775 99
0.0437045 99
0.0436063 99
0.0434273 99
0.0433499 99
0.0434171 99
0.0433508 99
0.0435373 99
0.0434424 99
0.043576 99
0.0434662 99
0.0432665 99
0.043315 99
0.0435107 99
0.0438029 99
0.0435394 99
0.0433731 99
0.0438095 99
0.0435699 99
0.0434802 99
0.0433561 99
0.0433005 99
0.0436907 99
0.0432747 99
0.0433253 99
0.0438065 99
0.043544 99
0.0435504 99
0.0435512 99
0.0434901 99
0.043308 99
0.0435141 99
0.0435605 99
0.0435184 99
0.0435191 99
0.0437027 99
0.0434558 99
0.0433926 99
0.0434701 99
0.0433763 99
0.0431836 99
0.0436739 99
0.0435521 99
0.04336 99
0.0433007 99
0.0434106 99
0.0434416 99
0.0435152 99
0.0435107 99
0.0435132 99
0.0438241 99
0.0435582 99
0.0434535 99
0.0431946 99
0.0439659 99
0.043659 99
0.0434528 99
0.0434502 99
0.043445 99
0.0433592 99
0.0434713 99
0.0434037 99
0.0436161 99
0.0434825 99
0.0436078 99
0.0433374 99
0.0433644 99
0.0434289 99
0.043322 99
0.0436703 99
0.0436378 99
0.0434119 99
0.0433942 99
0.0434222 99
0.0435744 99
0.0434267 99
0.0437662 99
0.0436514 99
0.0435662 99
0.0434922 99
0.0433444 99
0.043381 99
0.0433118 99
0.0434719 99
0.0434796 99
0.0433938 99
0.0434187 99
0.0434407 99
0.0432731 99
0.0436184 99
0.0436064 99
0.04353 99
0.0436206 99
0.0434324 99
0.0433142 99
0.0434288 99
0.0433574 99
0.0431152 99
0.0436533 99
0.0438447 99
0.0436008 99
0.043437 99
0.0433672 99
0.0436192 99
0.0435222 99
0.0436174 99
0.0432932 99
0.0434273 99
0.0437413 99
0.0432983 99
0.0436315 99
0.0434222 99
0.0435318 99
0.0435504 99
0.0439332 99
0.0435215 99
0.0436401 99
0.0432475 99
0.0436859 99
0.0435759 99
0.0432318 99
0.0439054 99
0.0435336 99
0.0435144 99
0.0434153 99
0.0435868 99
0.0435858 99
0.0433719 99
0.0434434 99
0.043445 99
0.0434553 99
0.0432913 99
0.0435684 99
0.0434773 99
0.0434903 99
0.0433335 99
0.0433919 99
0.0435397 99
0.0433515 99
0.0438216 99
0.0433507 99
0.0433344 99
0.0436345 99
0.0438788 99
0.0433711 99
0.0433447 99
0.0432815 99
0.0439926 99
0.0433306 99
0.043408 99
0.0431991 99
0.0436444 99
0.0434041 99
0.0433524 99
0.0434184 99
0.0432323 99
0.0437483 99
0.0435705 99
0.0433271 99
0.0432877 99
0.0435773 99
0.0436018 99
0.0434185 99
0.0434449 99
0.0436273 99
0.0434348 99
0.0435444 99
0.0433692 99
0.043415 99
0.0434439 99
0.0434244 99
0.0432807 99
0.0434942 99
0.0437805 99
0.0433884 99
0.0434691 99
0.0433783 99
0.043328 99
0.0432825 99
0.0436077 99
0.0435093 99
0.0435956 99
0.0434802 99
0.0433462 99
0.0434007 99
0.0436021 99
0.0437553 99
0.0432911 99
0.0436248 99
0.0439143 99
0.0435253 99
0.0434357 99
0.0433805 99
0.0436976 99
0.0434599 99
0.0434316 99
0.0432609 99
0.0434644 99
0.043419 99
0.0435226 99
0.0433927 99
0.0434379 99
0.0432432 99
0.0432559 99
0.043827 99
0.0435394 99
0.0435195 99
0.0434641 99
0.0434867 99
0.0434446 99
0.0435917 99
0.0435833 99
0.0435642 99
0.0440436 99
0.0437878 99
0.0433616 99
0.0433604 99
0.0432017 99
0.0436194 99
0.0436914 99
0.0434745 99
0.043294 99
0.0432194 99
0.0435503 99
0.0436421 99
0.0434049 99
0.0435995 99
0.0434645 99
0.043315 99
0.043404 99
0.0434083 99
0.0435047 99
0.0435348 99
0.0434866 99
0.0436699 99
0.0436137 99
0.0434654 99
0.0434071 99
0.0432971 99
0.0438871 99
0.0435983 99
0.0434681 99
0.0436324 99
0.0433493 99
0.0434321 99
0.0434629 99
0.0433788 99
0.0433687 99
0.043438 99
0.0437514 99
0.0433987 99
0.043575 99
0.0431831 99
0.0436323 99
0.0434706 99
0.0433931 99
0.0434449 99
0.0433822 99
0.0436594 99
0.0435243 99
0.0435689 99
0.0433693 99
0.0435661 99
0.0436892 99
0.0437835 99
0.0434138 99
0.0434642 99
0.0433797 99
0.0435525 99
0.0435501 99
0.0431144 99
0.0437326 99
0.0435987 99
0.0433716 99
0.0434663 99
0.043142 99
0.0435298 99
0.0434392 99
0.0433004 99
0.0436684 99
0.043408 99
0.0432434 99
0.0437715 99
0.0434055 99
0.043338 99
0.0433622 99
0.0434945 99
0.0438758 99
0.0435572 99
0.0439976 99
0.0431387 99
0.0435151 99
0.0435815 99
0.0435323 99
0.0433121 99
0.0436735 99
0.0435093 99
0.0433871 99
0.0434619 99
0.0434642 99
0.0436004 99
0.0433339 99
0.0434702 99
0.0436277 99
0.0435312 99
0.0433681 99
0.0434546 99
0.0435177 99
0.0435579 99
0.0436601 99
0.0434197 99
0.0433546 99
0.0433121 99
0.043254 99
0.0437192 99
0.04366 99
0.0434316 99
0.0432342 99
0.0432663 99
0.0434839 99
0.0436189 99
0.0433466 99
0.0436377 99
0.0434343 99
0.0432855 99
0.0436096 99
0.0437516 99
0.0434552 99
0.0434856 99
0.0433955 99
0.0435178 99
0.0433903 99
0.0436305 99
0.0436507 99
0.0433418 99
0.0435168 99
0.0435064 99
0.0434368 99
0.0434999 99
0.0436626 99
0.0434181 99
0.0436609 99
0.0433139 99
0.0433042 99
0.0436216 99
0.0435089 99
0.0435001 99
0.0432522 99
0.0436375 99
0.0433717 99
0.0434709 99
0.0434574 99
0.0435813 99
0.0435096 99
0.0434855 99
0.0436102 99
0.0431783 99
0.0435571 99
0.0436403 99
0.0434533 99
0.0439464 99
0.0434475 99
0.0433978 99
0.0437055 99
0.0439622 99
0.0434543 99
0.0433972 99
0.0435232 99
0.0431911 99
0.043541 99
0.0437548 99
0.0436375 99
0.0436603 99
0.0433842 99
0.0432995 99
0.0437516 99
0.0435858 99
0.0434141 99
0.0433841 99
0.0435608 99
0.0432896 99
0.0435284 99
0.0435837 99
0.0432979 99
0.0435984 99
0.0436423 99
0.0434549 99
0.0434501 99
0.0433386 99
0.0436722 99
0.0437491 99
0.0432622 99
0.0435077 99
0.0433125 99
0.0432324 99
0.0435792 99
0.0437004 99
0.0432714 99
0.0440026 99
0.0437609 99
0.0434575 99
0.0432693 99
0.0433341 99
0.0435849 99
0.0437103 99
0.0434677 99
0.0436157 99
0.043414 99
0.0434096 99
0.0433383 99
0.0431313 99
0.0438608 99
0.0435987 99
0.0434425 99
0.0438496 99
0.0434824 99
0.0433081 99
0.0434329 99
0.0434047 99
0.0434067 99
0.0435147 99
0.0438879 99
0.0435025 99
0.0436313 99
0.0433803 99
0.0433737 99
0.0433379 99
0.043537 99
0.0437964 99
0.0434927 99
0.0434162 99
0.0434423 99
0.0432597 99
0.0435414 99
0.0436432 99
0.0435587 99
0.0434553 99
0.0435677 99
0.0437641 99
0.0432623 99
0.0436003 99
0.0434276 99
0.0435518 99
0.0435813 99
0.0434262 99
0.0433559 99
0.0436175 99
0.0432884 99
0.0438699 99
0.0435631 99
0.0435572 99
0.0433769 99
0.0433401 99
0.043868 99
0.0434477 99
0.0435359 99
0.0433614 99
0.0435836 99
0.0435779 99
0.0435674 99
0.0434721 99
0.0434623 99
0.0432964 99
0.0434236 99
0.0435233 99
0.0434566 99
0.0435774 99
0.0435227 99
0.0434137 99
0.0434504 99
0.0434594 99
0.043512 99
0.0437014 99
0.0437143 99
0.04341 99
0.0437454 99
0.0435257 99
0.0434774 99
0.0433576 99
0.0435125 99
0.0436364 99
0.0436017 99
0.0435396 99
0.043486 99
0.0433419 99
0.0435015 99
0.0436555 99
0.0434377 99
0.0434369 99
0.0433827 99
0.0435229 99
0.0432209 99
0.043523 99
0.0435749 99
0.043423 99
0.0438099 99
0.0434904 99
0.0435325 99
0.0435871 99
0.0434748 99
0.0434669 99
0.0435788 99
0.0435296 99
0.0431576 99
0.0433308 99
0.0439705 99
0.0432573 99
0.0435693 99
0.0432488 99
0.0435168 99
0.0435344 99
0.0435447 99
0.0438681 99
0.0433141 99
0.0432858 99
0.0434323 99
0.0435191 99
0.0436073 99
0.043268 99
0.04375 99
0.0435708 99
0.0435475 99
0.0436473 99
0.0433683 99
0.0434813 99
0.0435523 99
0.0433072 99
0.0432893 99
0.0437734 99
0.0432924 99
0.0435828 99
0.0431488 99
0.0436817 99
0.0434183 99
0.0434034 99
0.0434831 99
0.0432545 99
0.0434163 99
0.0436116 99
0.0436116 99
0.043345 99
0.0433577 99
0.0433998 99
0.0433619 99
0.0435704 99
0.0438161 99
0.0432644 99
0.0431484 99
0.0435389 99
0.0435186 99
0.0435246 99
0.0434639 99
0.0436114 99
0.0432016 99
0.0434169 99
0.0434898 99
0.043565 99
0.0435317 99
0.0437237 99
0.0433082 99
0.0435866 99
0.044029 99
0.0436698 99
0.0434077 99
0.04356 99
0.0436399 99
0.0435184 99
0.0433124 99
0.0438633 99
0.0430292 99
0.0435676 99
0.0435133 99
0.0436085 99
0.0433923 99
0.0433407 99
0.0434807 99
0.0435433 99
0.043499 99
0.0432686 99
0.0435414 99
0.0433379 99
0.0438222 99
0.0434418 99
0.0436726 99
0.0436175 99
0.0432919 99
0.0433868 99
0.0437018 99
0.0436857 99
0.0437254 99
0.043538 99
0.04322 99
0.0437108 99
0.0437634 99
0.0434771 99
0.0433791 99
0.043595 99
0.0434289 99
0.0436323 99
0.043482 99
0.0432433 99
0.0436852 99
0.0433128 99
0.043472 99
0.0433225 99
0.0433799 99
0.043258 99
0.0436475 99
0.0436046 99
0.0434331 99
0.0440967 99
0.0432591 99
0.0438595 99
0.0432375 99
0.0434733 99
0.0435592 99
0.043577 99
0.043421 99
0.0434964 99
0.0432081 99
0.0432153 99
0.0439216 99
0.0435633 99
0.0435169 99
0.0434436 99
0.043424 99
0.0433447 99
0.0434288 99
0.0435492 99
0.0435026 99
0.0433003 99
0.0434701 99
0.0438238 99
0.0437996 99
0.043348 99
0.043538 99
0.043293 99
0.0435587 99
0.0435602 99
0.0435488 99
0.0434377 99
0.0433666 99
0.0434299 99
0.0432076 99
0.0431596 99
0.0436056 99
0.0436941 99
0.0439343 99
0.0434063 99
0.0433579 99
0.0434264 99
0.0435541 99
0.0434115 99
0.0434483 99
0.0436528 99
0.0434002 99
0.0436248 99
0.0435792 99
0.0437196 99
0.0441113 99
0.0432861 99
0.0435259 99
0.0433 99
0.0434109 99
0.0435024 99
0.0435687 99
0.0433503 99
0.0433386 99
0.0434808 99
0.0432769 99
0.0434815 99
0.0433788 99
0.0435373 99
0.0436662 99
0.043077 99
0.0434836 99
0.04357 99
0.0434959 99
0.0434209 99
0.0433567 99
0.0433683 99
0.0437598 99
0.0433091 99
0.0434068 99
0.0434799 99
0.043512 99
0.0431646 99
0.0433933 99
0.0435744 99
0.0438721 99
0.0432935 99
0.0434417 99
0.0431656 99
0.0435867 99
0.0433862 99
0.0432108 99
0.0435633 99
0.0435066 99
0.0436543 99
0.0432671 99
0.0435774 99
0.0433558 99
0.0435642 99
0.043279 99
0.0437972 99
0.0437443 99
0.0435396 99
0.0433894 99
0.0437605 99
0.0431966 99
0.0438043 99
0.0434758 99
0.0436719 99
0.0434893 99
0.0433571 99
0.0432861 99
0.0435163 99
0.0434774 99
0.0435659 99
0.0431503 99
0.0435118 99
0.0436173 99
0.0434423 99
0.0434272 99
0.0433747 99
0.0436055 99
0.0436383 99
0.0430865 99
0.0439026 99
0.0434409 99
0.04383 99
0.0433749 99
0.0430706 99
0.0435134 99
0.0437723 99
0.0435498 99
0.0436127 99
0.0431674 99
0.0434961 99
0.0434212 99
0.0431846 99
0.0433842 99
0.0435317 99
0.0434682 99
0.0434843 99
0.0435206 99
0.0436541 99
0.0433904 99
0.0432953 99
0.0437295 99
0.0435227 99
0.0435658 99
0.0433913 99
0.0437955 99
0.043463 99
0.0434453 99
0.043751 99
0.0437542 99
0.0434035 99
0.0431082 99
0.0435784 99
0.043543 99
0.0434629 99
0.0434965 99
0.0433348 99
0.043752 99
0.0435686 99
0.0434752 99
0.0438324 99
0.0437327 99
0.043351 99
0.0433503 99
0.04361 99
0.0434147 99
0.0434527 99
0.0435779 99
0.0437629 99
0.0432405 99
0.0434241 99
0.0432678 99
0.0434254 99
0.0441946 99
0.0432462 99
0.0437992 99
0.0432692 99
0.0437108 99
0.0432367 99
0.0437675 99
0.0436232 99
0.0433609 99
0.0435977 99
0.0434384 99
0.0438427 99
0.0436744 99
0.0435373 99
0.043577 99
0.0432317 99
0.0435387 99
0.0438106 99
0.0433837 99
0.0433578 99
0.0433758 99
0.0432333 99
0.0435192 99
0.0435543 99
0.0436469 99
0.0434397 99
0.0432841 99
0.0433635 99
0.0435993 99
0.0436518 99
0.0435391 99
0.0432414 99
0.0437525 99
0.0436221 99
0.0434424 99
0.0434394 99
0.0433624 99
0.043703 99
0.0436769 99
0.0434681 99
0.0433824 99
0.0433558 99
0.0434466 99
0.0435866 99
0.0435207 99
0.0432808 99
0.0433435 99
0.0435795 99
0.0435365 99
0.0435616 99
0.0438142 99
0.0434903 99
0.0432172 99
0.0435007 99
0.0437057 99
0.0438625 99
0.0434263 99
0.0433057 99
0.0434096 99
0.0436983 99
0.0436346 99
0.0433699 99
0.0434484 99
0.0436922 99
0.0438728 99
0.0432378 99
0.0437707 99
0.043691 99
0.0431391 99
0.0432991 99
0.0436187 99
0.0435014 99
0.0432729 99
0.0435509 99
0.0435317 99
0.0434138 99
0.0435473 99
0.0441668 99
0.0434575 99
0.0435052 99
0.043519 99
0.0437284 99
0.0436347 99
0.0435753 99
0.0434386 99
0.0435855 99
0.0434386 99
0.0435166 99
0.0437051 99
0.0433551 99
0.0434853 99
0.0434627 99
0.0434053 99
0.0434083 99
0.0437292 99
0.0434143 99
0.0434671 99
0.0433119 99
0.0435717 99
0.0443425 99
0.0439705 99
0.043376 99
0.0433974 99
0.0435478 99
0.044072 99
0.043693 99
0.0434845 99
0.0437941 99
0.0433827 99
0.0434334 99
0.0439323 99
0.0434948 99
0.0436887 99
0.0435411 99
0.0434816 99
0.0432734 99
0.0433675 99
0.0434925 99
0.0437511 99
0.04332 99
0.0438023 99
0.0435607 99
0.0434864 99
0.0434726 99
0.0436077 99
0.0435288 99
0.0433989 99
0.0434223 99
0.0432401 99
0.0434541 99
0.0436458 99
0.0435482 99
0.0435116 99
0.0435999 99
0.0434353 99
0.0436738 99
0.0431557 99
0.0433866 99
0.0437481 99
0.0435232 99
0.0434774 99
0.0435958 99
0.0436692 99
0.0436895 99
0.0434855 99
0.0435008 99
0.0434476 99
0.0439848 99
0.043949 99
0.0434214 99
0.0434195 99
0.0435656 99
0.0434989 99
0.0436187 99
0.0436475 99
0.0435854 99
0.0438144 99
0.0436904 99
0.0435582 99
0.0432808 99
0.0433917 99
0.0434864 99
0.0435365 99
0.0432841 99
0.0435311 99
0.0435598 99
0.0433777 99
0.0435285 99
0.0436597 99
0.0434334 99
0.0436763 99
0.0435213 99
0.0434259 99
0.043667 99
0.0433295 99
0.0436089 99
0.0435242 99
0.0435666 99
0.0434847 99
0.0436155 99
0.0438388 99
0.043529 99
0.0435018 99
0.0434067 99
0.043585 99
0.0432775 99
0.0435604 99
0.0436063 99
0.0437208 99
0.0435252 99
0.0434651 99
0.0434998 99
0.0436952 99
0.0435043 99
0.0435373 99
0.043522 99
0.0435605 99
0.0434176 99
0.0435993 99
0.0436696 99
0.0437345 99
0.0434503 99
0.0437159 99
0.0435237 99
0.0434165 99
0.0433458 99
0.0434221 99
0.0437504 99
0.043567 99
0.0434817 99
0.0434006 99
0.0437159 99
0.0436373 99
0.0436656 99
0.0437445 99
0.0434658 99
0.0434616 99
0.0435782 99
0.0435582 99
0.0435798 99
0.0435522 99
0.0436584 99
0.0435525 99
0.0437653 99
0.0434882 99
0.0437136 99
0.0435338 99
0.0434416 99
0.0436621 99
0.0433324 99
0.0433923 99
0.0437893 99
0.043445 99
0.0436312 99
0.0434429 99
0.0436576 99
0.0434692 99
0.043462 99
0.0435068 99
0.043754 99
0.0437819 99
0.04351 99
0.0436218 99
0.0435492 99
0.0437033 99
0.0435052 99
0.0435219 99
0.0435572 99
0.0435676 99
0.0436651 99
0.0435468 99
0.043484 99
0.0435336 99
0.0434746 99
0.0435339 99
0.0435369 99
0.0435978 99
0.0436971 99
0.0432537 99
0.0435242 99
0.0434458 99
0.0434131 99
0.0433746 99
0.0438885 99
0.0434988 99
0.0436952 99
0.0434215 99
0.0434421 99
0.0437765 99
0.0436048 99
0.0436045 99
0.0435389 99
0.043441 99
0.0433709 99
0.0435281 99
0.0434687 99
0.0435123 99
0.0435073 99
0.0433851 99
0.0433924 99
0.043261 99
0.0436157 99
0.0435542 99
0.0437091 99
0.0434611 99
0.0434593 99
0.0434639 99
0.0435075 99
0.0434438 99
0.0438388 99
0.0436723 99
0.04386 99
0.0434491 99
0.0436432 99
0.0436505 99
0.0436029 99
0.0435276 99
0.0434715 99
0.043809 99
0.0432645 99
0.0435507 99
0.0436113 99
0.0434956 99
0.0433689 99
0.0436304 99
0.0433806 99
0.0435933 99
0.0438188 99
0.0435963 99
0.0432728 99
0.0434804 99
0.0434863 99
0.0437112 99
0.0434566 99
0.0436649 99
0.0437686 99
0.043612 99
0.0438001 99
0.043316 99
0.0433913 99
0.0434135 99
0.0435473 99
0.043578 99
0.043591 99
0.0435634 99
0.0435089 99
0.0435338 99
0.0435271 99
0.0434627 99
0.0437096 99
0.0434315 99
0.0437478 99
0.0433143 99
0.0434298 99
0.0434789 99
0.0435674 99
0.0434231 99
0.0438573 99
0.0437001 99
0.0436705 99
0.0444973 99
0.0434178 99
0.0433833 99
0.0433445 99
0.0432271 99
0.0436236 99
0.0440923 99
0.0436598 99
0.04326 99
0.0432404 99
0.0436272 99
0.0436442 99
0.0436384 99
0.043882 99
0.043421 99
0.0434323 99
0.043156 99
0.0438376 99
0.0436321 99
0.0436505 99
0.0436553 99
0.0436518 99
0.0436895 99
0.04359 99
0.0435867 99
0.0433699 99
0.0434778 99
0.0437936 99
0.0434075 99
0.043616 99
0.0436208 99
0.04367 99
0.0434459 99
0.0436245 99
0.0437421 99
0.0438451 99
0.043813 99
0.043312 99
0.0434707 99
0.0435565 99
0.043454 99
0.043893 99
0.0435191 99
0.0435672 99
0.0435954 99
0.0436844 99
0.0433683 99
0.0435489 99
0.0436311 99
0.0435871 99
0.0436541 99
0.0434209 99
0.0434156 99
0.0434685 99
0.0434604 99
0.0440386 99
0.0458979 99
0.0413397 99
0.0435752 99
0.043398 99
0.043482 99
0.043817 99
0.0430754 99
0.0437593 99
0.0439661 99
0.043643 99
0.0435248 99
0.0435124 99
0.0433449 99
0.0435839 99
0.043605 99
0.0434302 99
0.043584 99
0.0438092 99
0.0434746 99
0.0437498 99
0.0434937 99
0.0434293 99
0.043535 99
0.0440155 99
0.0433981 99
0.043414 99
0.0435482 99
0.0435085 99
0.0434604 99
0.0433794 99
0.0436283 99
0.0441968 99
0.0432429 99
0.0435297 99
0.0435431 99
0.0432969 99
0.0435628 99
0.0437267 99
0.0435203 99
0.0435819 99
0.0434289 99
0.0435346 99
0.0436415 99
0.0435642 99
0.0434954 99
0.0436003 99
0.0434506 99
0.0434032 99
0.0436221 99
0.0435327 99
0.0435897 99
0.0436853 99
0.0436531 99
0.043511 99
0.0436191 99
0.043738 99
0.043582 99
0.0435872 99
0.0436776 99
0.0434998 99
0.0435664 99
0.0435582 99
0.0438632 99
0.0435287 99
0.0434184 99
0.0434552 99
0.0433309 99
0.0436485 99
0.0436803 99
0.0436516 99
0.0434592 99
0.0434893 99
0.0435627 99
0.0435583 99
0.0435482 99
0.0433639 99
0.0432986 99
0.0438779 99
0.0436078 99
0.0434581 99
0.0435696 99
0.0433429 99
0.0437869 99
0.0437631 99
0.0434458 99
0.0433919 99
0.0436966 99
0.0435401 99
0.0438871 99
0.0435349 99
0.043558 99
0.0435914 99
0.0436948 99
0.0436641 99
0.0434756 99
0.0435543 99
0.0436409 99
0.0433798 99
0.044337 99
0.0436798 99
0.0435946 99
0.043672 99
0.0434777 99
0.0436712 99
0.0438416 99
0.0434175 99
0.0438991 99
0.0437733 99
0.0435162 99
0.043281 99
0.0437657 99
0.0437453 99
0.043485 99
0.0435226 99
0.0437827 99
0.043437 99
0.0436134 99
0.043651 99
0.0435298 99
0.0435287 99
0.0438388 99
0.0434872 99
0.0434342 99
0.0439873 99
0.0437117 99
0.0434845 99
0.0434473 99
0.0435987 99
0.0435801 99
0.0436938 99
0.0437182 99
0.0435187 99
0.0436197 99
0.0434036 99
0.0438514 99
0.0434485 99
0.0438097 99
0.043347 99
0.04402 99
0.0436019 99
0.0435035 99
0.0435654 99
0.0434021 99
0.0436213 99
0.0435832 99
0.0437171 99
0.0434531 99
0.0435809 99
0.0437642 99
0.0435187 99
0.043206 99
0.0437704 99
0.0436363 99
0.0435866 99
0.0434678 99
0.0434996 99
0.043692 99
0.0435034 99
0.0437867 99
0.0434236 99
0.0436146 99
0.0436494 99
0.0435805 99
0.043504 99
0.0435155 99
0.0438052 99
0.0435289 99
0.0437077 99
0.0437816 99
0.0436559 99
0.0433581 99
0.0435962 99
0.0441934 99
0.0434367 99
0.0437796 99
0.0435891 99
0.0437652 99
0.0433143 99
0.0435462 99
0.0436182 99
0.0435111 99
0.043491 99
0.0433758 99
0.0438104 99
0.0436632 99
0.0435249 99
0.0434822 99
0.0435857 99
0.043505 99
0.0436306 99
0.0436548 99
0.0435761 99
0.0434523 99
0.0436077 99
0.0434769 99
0.0435255 99
0.0436923 99
0.0436572 99
0.0437113 99
0.0435747 99
0.0435293 99
0.0434138 99
0.043484 99
0.0433642 99
0.0436775 99
0.0435702 99
0.0434875 99
0.0434757 99
0.0437483 99
0.0436389 99
0.0435847 99
0.0435355 99
0.043945 99
0.0432484 99
0.0437128 99
0.0435544 99
0.0434832 99
0.0435327 99
0.043704 99
0.043582 99
0.0436982 99
0.0437956 99
0.0435597 99
0.043792 99
0.0436365 99
0.0436076 99
0.0432758 99
0.0437562 99
0.0436076 99
0.0436787 99
0.0436204 99
0.0436375 99
0.0432995 99
0.0435715 99
0.0436229 99
0.0437007 99
0.0436214 99
0.0434104 99
0.0432916 99
0.0437866 99
0.0437016 99
0.0437086 99
0.0436781 99
0.0435252 99
0.043614 99
0.043703 99
0.0442476 99
0.0435082 99
0.0446085 99
0.0426217 99
0.0433507 99
0.0435956 99
0.0437885 99
0.043826 99
0.0433767 99
0.0434408 99
0.0435515 99
0.043667 99
0.0434926 99
0.0436022 99
0.0437325 99
0.0436932 99
0.0435147 99
0.0438009 99
0.0437208 99
0.0435666 99
0.0438299 99
0.0435124 99
0.0433121 99
0.043641 99
0.0436546 99
0.0439356 99
0.0435388 99
0.0435168 99
0.0435429 99
0.0434505 99
0.0436928 99
0.0435218 99
0.0435962 99
0.0435219 99
0.0435357 99
0.0435002 99
0.0436961 99
0.043677 99
0.043405 99
0.0439538 99
0.0437836 99
0.0436412 99
0.0435432 99
0.0434769 99
0.0434671 99
0.0437645 99
0.0437845 99
0.0436415 99
0.0436703 99
0.043734 99
0.0440181 99
0.043554 99
0.0434936 99
0.04352 99
0.0436659 99
0.0437103 99
0.0435018 99
0.043631 99
0.0435457 99
0.0434046 99
0.0437278 99
0.044159 99
0.0435488 99
0.0437704 99
0.0435803 99
0.0434803 99
0.043467 99
0.0437899 99
0.0438154 99
0.043881 99
0.0435581 99
0.0433323 99
0.0435182 99
0.043723 99
0.0434255 99
0.0440988 99
0.0435076 99
0.0433854 99
0.0438131 99
0.0437143 99
0.0438348 99
0.0435286 99
0.0435298 99
0.0436032 99
0.0436878 99
0.0437138 99
0.0436596 99
0.0437662 99
0.043607 99
0.043623 99
0.0434738 99
0.0437656 99
0.0436257 99
0.0435829 99
0.0438208 99
0.0436304 99
0.0435504 99
0.0437334 99
0.0434667 99
0.0441978 99
0.0435292 99
0.0435437 99
0.0434308 99
0.0436909 99
0.0435028 99
0.0436179 99
0.0434797 99
0.0434595 99
0.04362 99
0.0437748 99
0.0437996 99
0.0435632 99
0.0435636 99
0.0436413 99
0.0434625 99
0.0435529 99
0.0435634 99
0.04375 99
0.0436132 99
0.0435773 99
0.0433097 99
0.0439522 99
0.0435763 99
0.043476 99
0.0439493 99
0.0437345 99
0.0434934 99
0.0433824 99
0.0437256 99
0.0435658 99
0.0435855 99
0.0434509 99
0.0433745 99
0.0436528 99
0.0438681 99
0.0436803 99
0.0435061 99
0.0435539 99
0.0434415 99
0.0437707 99
0.0436911 99
0.043732 99
0.0435275 99
0.0436111 99
0.0435981 99
0.0435082 99
0.0436057 99
0.0434331 99
0.0437377 99
0.0441853 99
0.0433801 99
0.0433387 99
0.0435385 99
0.0436292 99
0.0440484 99
0.0434449 99
0.0434955 99
0.0435057 99
0.0438171 99
0.0437907 99
0.0434736 99
0.0437557 99
0.043687 99
0.0435598 99
0.0437457 99
0.0438514 99
0.043565 99
0.0437743 99
0.0434877 99
0.0433568 99
0.0437165 99
0.0436527 99
0.0436676 99
0.0436911 99
0.0440252 99
0.0436254 99
0.0435873 99
0.0436421 99
0.0435936 99
0.0435711 99
0.0435126 99
0.043627 99
0.0436717 99
0.0434787 99
0.0439077 99
0.0437253 99
0.0436308 99
0.0434663 99
0.0437403 99
0.0438003 99
0.0434984 99
0.0437755 99
0.043517 99
0.0434619 99
0.0454241 99
0.0471298 99
0.0418951 99
0.0404637 99
0.0433456 99
0.0438588 99
0.0440488 99
0.0436351 99
0.0435991 99
0.0436343 99
0.0437046 99
0.0434988 99
0.0435138 99
0.0436323 99
0.0439561 99
0.0438829 99
0.0437403 99
0.0454545 99
0.041604 99
0.0434377 99
0.0436468 99
0.0453725 99
0.0431752 99
0.0447182 99
0.0411825 99
0.0439832 99
0.0434629 99
0.0438355 99
0.0442824 99
0.042836 99
0.0438569 99
0.044062 99
0.0434608 99
0.0438115 99
0.0436503 99
0.0435757 99
0.0434699 99
0.0436713 99
0.0437282 99
0.0433817 99
0.0437914 99
0.0436299 99
0.0437032 99
0.0435988 99
0.0438858 99
0.0458448 99
0.0435554 99
0.04133 99
0.0436747 99
0.0436896 99
0.0434701 99
0.0472716 99
0.039722 99
0.0435131 99
0.0435997 99
0.0440703 99
0.0434839 99
0.0438851 99
0.0436098 99
0.0435711 99
0.0435412 99
0.0433294 99
0.0437663 99
0.0437443 99
0.0434826 99
0.0435785 99
0.0434366 99
0.0437236 99
0.0435252 99
0.0455424 99
0.0434363 99
0.0420414 99
0.0447418 99
0.0430118 99
0.0442684 99
0.0447329 99
0.0416173 99
0.0435606 99
0.0433492 99
0.0436592 99
0.044155 99
0.0438533 99
0.0434431 99
0.0436008 99
0.0435649 99
0.0437155 99
0.0436656 99
0.043866 99
0.0439706 99
0.0435065 99
0.0435385 99
0.0434265 99
0.043631 99
0.0437428 99
0.0443757 99
0.0449196 99
0.0435228 99
0.0421199 99
0.0443995 99
0.0424071 99
0.0438182 99
0.0438839 99
0.0436118 99
0.0438619 99
0.0435031 99
0.0439984 99
0.0435936 99
0.043498 99
0.0434527 99
0.0436682 99
0.0436671 99
0.043547 99
0.0437087 99
0.0436928 99
0.0437499 99
0.043497 99
0.0450259 99
0.0445639 99
0.0421599 99
0.0427427 99
0.0443451 99
0.0432703 99
0.0432004 99
0.0456726 99
0.0417704 99
0.0435702 99
0.0433851 99
0.0440177 99
0.0435475 99
0.0437262 99
0.0441308 99
0.0435972 99
0.0435529 99
0.0437683 99
0.0436749 99
0.0437936 99
0.0435434 99
0.0438737 99
0.0435674 99
0.0456058 99
0.0434178 99
0.0438595 99
0.0422737 99
0.0430148 99
0.0451209 99
0.0431224 99
0.0426107 99
0.0434997 99
0.043677 99
0.0436096 99
0.0485636 99
0.0415665 99
0.0408818 99
0.0436317 99
0.0435032 99
0.0440169 99
0.0433782 99
0.0437572 99
0.0437665 99
0.0433634 99
0.0435526 99
0.0436811 99
0.0433951 99
0.0437249 99
0.0436258 99
0.0437227 99
0.0450472 99
0.0428821 99
0.0427851 99
0.0434822 99
0.0436338 99
0.0436588 99
0.0436961 99
0.0441542 99
0.0434409 99
0.0432961 99
0.0438916 99
0.0437779 99
0.0435339 99
0.0462072 99
0.0528679 99
0.0433415 99
0.0424512 99
0.0417021 99
0.0418052 99
0.0414318 99
0.0461727 99
0.0438362 99
0.0433313 99
0.0441363 99
0.042683 99
0.0427922 99
0.0394903 99
0.0427216 99
0.0461221 99
0.0429591 99
0.0418987 99
0.0435567 99
0.0434745 99
0.0434719 99
0.043832 99
0.0438049 99
0.0436542 99
0.0445175 99
0.0432588 99
0.0443345 99
0.0435302 99
0.0425365 99
0.0438209 99
0.0444161 99
0.0444469 99
0.0433458 99
0.0430658 99
0.043059 99
0.0441065 99
0.0432 99
0.0435279 99
0.043403 99
0.0436078 99
0.0439934 99
0.0436721 99
0.0436724 99
0.0434785 99
0.0437377 99
0.0436826 99
0.0437542 99
0.0436497 99
0.0436152 99
0.0447342 99
0.0436231 99
0.0425445 99
0.0440664 99
0.0441119 99
0.0467099 99
0.048471 99
0.0446908 99
0.045474 99
0.0445495 99
0.0406411 99
0.0420847 99
0.0408762 99
0.0418671 99
0.0441984 99
0.0434096 99
0.041123 99
0.0434449 99
0.0435914 99
0.0437834 99
0.0422756 99
0.0442447 99
0.0431446 99
0.0436903 99
0.043498 99
0.0651125 99
0.0481316 99
0.0445416 99
0.0446238 99
0.0464683 99
0.044495 99
0.0439407 99
0.0435099 99
0.041943 99
0.0422419 99
0.0425761 99
0.041229 99
0.0419436 99
0.0414448 99
0.0445055 99
0.0437302 99
0.0420813 99
0.0435286 99
0.0443612 99
0.0431821 99
0.0418966 99
0.0458534 99
0.0449806 99
0.0418837 99
0.0454475 99
0.0439667 99
0.0444678 99
0.0446192 99
0.0474202 99
0.0459489 99
0.0430401 99
0.0439683 99
0.0429962 99
0.0439145 99
0.0427586 99
0.0416554 99
0.0425499 99
0.0448414 99
0.0458691 99
0.0464382 99
0.0435661 99
0.0440158 99
0.0423955 99
0.0412876 99
0.0421006 99
0.0434665 99
0.0452942 99
0.0462096 99
0.0455836 99
0.04521 99
0.0469448 99
0.0449999 99
0.0446278 99
0.045352 99
0.0440599 99
0.0449394 99
0.0443536 99
0.0428001 99
0.041998 99
0.0434482 99
0.0437745 99
0.042389 99
0.0458152 99
0.0431766 99
0.0424636 99
0.0424508 99
0.0441752 99
0.0438476 99
0.0419125 99
0.0435309 99
0.0473478 99
0.047022 99
0.0452816 99
0.0469924 99
0.0462919 99
0.046556 99
0.0432401 99
0.043004 99
0.0421538 99
0.0428557 99
0.042982 99
0.0473688 98
0.0434832 98
0.0427142 98
0.042171 98
0.0433367 98
0.0420778 98
0.0471273 98
0.0451612 98
0.0418307 98
0.0444701 98
0.042527 98
0.046173 98
0.045705 98
0.0457417 98
0.0442867 98
0.0456725 98
0.0472456 98
0.0440105 98
0.0426521 98
0.0438604 98
0.0430847 98
0.0449973 98
0.0438298 98
0.0425867 99
0.0430439 99
0.0424256 99
0.043502 99
0.0466364 99
0.0472772 99
0.0436838 99
0.0434714 99
0.0458524 99
0.0454129 99
0.0444775 99
0.0458796 99
0.0459295 99
0.0469972 99
0.0458909 99
0.0458539 99
0.0522931 99
0.0456669 99
0.0428696 99
0.0457219 99
0.0435666 99
0.0430649 99
0.0435152 99
0.0428451 97
0.0441409 97
0.046941 97
0.0427266 97
0.0438773 97
0.043767 97
0.0427703 97
0.0449165 97
0.043931 97
0.0463276 97
0.0462966 97
0.0473018 97
0.0507528 97
0.0479423 97
0.050474 97
0.0500692 97
0.0444785 97
0.0435462 97
0.0439314 97
0.0433065 97
0.0438304 97
0.0457247 97
0.043655 96
0.0439171 96
0.0436372 96
0.0430986 96
0.0445596 96
0.0459404 96
0.0428646 96
0.0469551 96
0.0470869 96
0.0464011 96
0.0462105 96
0.0464637 96
0.0504148 96
0.0478341 96
0.0460303 96
0.0489012 96
0.045075 96
0.0439676 96
0.0453368 96
0.0443856 96
0.0439682 96
0.04413 96
0.046252 96
0.0475121 96
0.0438958 96
0.0439107 96
0.0431596 96
0.0443127 96
0.0442221 96
0.0433411 96
0.0455227 96
0.0449735 96
0.0454061 96
0.0488198 96
0.0463481 96
0.0495447 96
0.0507824 96
0.0480449 96
0.0515828 96
0.0470693 96
0.0451203 96
0.043853 96
0.0443036 96
0.043971 96
0.0442624 95
0.0459496 95
0.0444121 95
0.0436405 95
0.0473522 95
0.0479588 95
0.046706 95
0.0485565 95
0.0489076 95
0.0465476 95
0.0466589 95
0.0481843 95
0.0468926 95
0.0461699 95
0.0482304 95
0.0442523 95
0.0439899 95
0.043788 95
0.0452903 95
0.0485069 95
0.0460178 95
0.0446374 95
0.0461166 95
0.0445284 95
0.0449235 95
0.0435115 95
0.0455278 95
0.0465403 95
0.04381 95
0.0455534 95
0.0453377 95
0.0509628 95
0.0504101 95
0.0507983 95
0.0471331 95
0.0499117 95
0.0486655 95
0.0444411 95
0.0444645 95
0.0446172 95
0.0434236 95
0.0449794 95
0.0449297 95
0.0446083 95
0.0446968 95
0.0451221 95
0.0436809 95
0.045532 95
0.0467667 95
0.0447305 95
0.0438561 95
0.0476659 95
0.0478565 95
0.0470749 95
0.0473592 95
0.0471497 95
0.0470851 95
0.0481123 95
0.0467852 95
0.0441119 95
0.0436475 95
0.0456094 95
0.0461969 95
0.0469517 95
0.0476866 95
0.0463658 95
0.0448236 95
0.0448269 95
0.0444526 95
0.0466644 95
0.0450342 95
0.0441462 95
0.0463513 95
0.0478484 95
0.047244 95
0.0477121 95
0.0469767 95
0.0471437 95
0.0474104 95
0.0486173 95
0.0450898 95
0.0448281 95
0.0490555 95
0.0468901 95
0.0448821 95
0.0460559 95
0.0443302 95
0.0450451 95
0.0484757 95
0.0470258 95
0.044952 95
0.0440894 95
0.0452253 95
0.045232 95
0.0452421 95
0.0458757 95
0.0478191 95
0.0494936 95
0.0473686 95
0.0473908 95
0.0477436 95
0.0474655 95
0.0460861 95
0.045153 95
0.0451881 95
0.0447908 95
0.0462871 95
0.046854 95
0.0444584 95
0.0451745 95
0.046727 95
0.0451328 95
0.0444283 95
0.0454266 95
0.047 95
0.0467997 95
0.0446936 95
0.0484125 95
0.0508846 95
0.0484823 95
0.0503523 95
0.0490385 95
0.0498124 95
0.050868 95
0.0473603 95
0.0457562 95
0.045344 95
0.0453771 95
0.0504467 95
0.0479596 95
0.0476714 95
0.0459377 93
0.0466019 93
0.0482797 93
0.046166 93
0.0452787 93
0.0497615 93
0.0464173 93
0.0466353 93
0.0491271 93
0.0477338 93
0.0479522 93
0.050179 93
0.0479014 93
0.046466 93
0.0465973 93
0.0446446 93
0.0455533 93
0.0468699 93
0.0465519 93
0.0445265 93
0.0462365 93
0.0475801 94
0.0457779 94
0.0445766 94
0.046474 94
0.0473308 94
0.0457709 94
0.0473359 94
0.0452122 94
0.0482702 94
0.0497664 94
0.0478819 94
0.0507092 94
0.0514071 94
0.0492269 94
0.0482597 94
0.0454325 94
0.0455917 94
0.0453931 94
0.0473517 94
0.0459401 94
0.0460374 94
0.04622 94
0.0458015 94
0.0457981 94
0.0464039 94
0.0461374 94
0.0459494 94
0.0470244 94
0.0484304 94
0.0483181 94
0.0496242 94
0.0488135 94
0.0478039 94
0.0499973 94
0.048524 94
0.0468086 94
0.0474907 94
0.0461274 94
0.0460854 94
0.0455223 94
0.0460077 94
0.046175 94
0.0470408 94
0.0465232 93
0.0452714 93
0.0463244 93
0.0482095 93
0.0460359 93
0.046602 93
0.047267 93
0.0491594 93
0.0486625 93
0.0488763 93
0.0516948 93
0.0497309 93
0.0510374 93
0.0488383 93
0.0459093 93
0.0491771 93
0.0490158 93
0.0487386 93
0.048007 93
0.0453305 93
0.0462851 93
0.0535965 91
0.0466177 91
0.0507327 91
0.0488698 91
0.046185 91
0.0501318 91
0.0498266 91
0.0513191 91
0.0492091 91
0.0499451 91
0.0541734 91
0.0555722 91
0.0463058 91
0.0485293 91
0.0461836 91
0.0501455 91
0.0473832 91
0.0463247 91
0.0465042 91
0.0465577 91
0.0463803 91
0.0471484 90
0.0479353 90
0.0453684 90
0.0492979 90
0.0496715 90
0.0464788 90
0.0513532 90
0.0489945 90
0.05255 90
0.0504969 90
0.0507725 90
0.0488991 90
0.0497457 90
0.0480642 90
0.0463468 90
0.0480987 90
0.0465548 90
0.0456588 90
0.0494028 90
0.046473 90
0.046756 90
0.0486665 91
0.0466106 91
0.0458017 91
0.0480668 91
0.0482404 91
0.0466527 91
0.0511106 91
0.0495627 91
0.0515797 91
0.0491012 91
0.0557957 91
0.0531485 91
0.0459015 91
0.0468964 91
0.0491809 91
0.0467806 91
0.0466612 91
0.0488532 91
0.0462177 91
0.046721 91
0.0481038 91
0.0467807 90
0.0468315 90
0.0483447 90
0.0472564 90
0.0469435 90
0.0505871 90
0.04954 90
0.0531286 90
0.0517433 90
0.0515116 90
0.0490068 90
0.048247 90
0.0465967 90
0.0477053 90
0.0470594 90
0.0468241 90
0.0478513 90
0.0494615 90
0.0485886 90
0.0468629 90
0.0469312 91
0.0471442 91
0.0469925 91
0.0470278 91
0.0479523 91
0.0491016 91
0.0503034 91
0.0518537 91
0.0501157 91
0.0521038 91
0.0504936 91
0.0514114 91
0.048613 91
0.0502267 91
0.0501399 91
0.0516862 91
0.0472605 91
0.0480917 91
0.0497512 91
0.0489864 91
0.0470843 91
0.0471947 89
0.0474208 89
0.0483978 89
0.0485993 89
0.0487447 89
0.0495841 89
0.0504686 89
0.0500744 89
0.0504035 89
0.0504093 89
0.0499423 89
0.0472111 89
0.0461939 89
0.0480023 89
0.0474034 89
0.0474865 89
0.0484315 89
0.0472685 89
0.0474354 89
0.0478573 89
0.0475666 89
0.0475524 91
0.0499957 91
0.0476042 91
0.0498053 91
0.0476522 91
0.0506864 91
0.0532623 91
0.0522686 91
0.0505467 91
0.0511589 91
0.050097 91
0.0478076 91
0.0469946 91
0.0475848 91
0.0502054 91
0.0473809 91
0.050751 91
0.0498865 91
0.0474873 91
0.0469253 91
0.0475848 89
0.0505366 89
0.0496924 89
0.0481569 89
0.0475173 89
0.0503402 89
0.0527568 89
0.0504376 89
0.0529787 89
0.050449 89
0.050503 89
0.0472038 89
0.04881 89
0.0476992 89
0.0479402 89
0.0486436 89
0.050214 89
0.0499666 89
0.047676 89
0.0487652 89
0.0478251 89
0.0467541 89
0.0476391 89
0.0478372 89
0.0493844 89
0.0503253 89
0.0507215 89
0.0524386 89
0.0564382 89
0.0558082 89
0.0522064 89
0.0481503 89
0.0483099 89
0.0561938 89
0.0504272 89
0.0484271 89
0.051359 89
0.0497943 89
0.0483685 89
0.0476235 89
0.0489915 89
0.0477262 87
0.04767 87
0.051335 87
0.0479464 87
0.052517 87
0.0506598 87
0.0522801 87
0.0509038 87
0.0513564 87
0.0507023 87
0.0477147 87
0.0478548 87
0.0493077 87
0.047961 87
0.0481374 87
0.0491408 87
0.0477033 87
0.05229 87
0.0500394 87
0.0492632 87
0.0480355 88
0.0478784 88
0.0512926 88
0.0494128 88
0.0518281 88
0.0512638 88
0.0534992 88
0.0540815 88
0.0508433 88
0.051881 88
0.0476989 88
0.0489026 88
0.0480232 88
0.0484094 88
0.0506346 88
0.0483704 88
0.0497838 88
0.0477016 88
0.0535827 88
0.0489726 88
0.0483647 88
0.0475915 87
0.0482165 87
0.0509759 87
0.0506083 87
0.0552142 87
0.053115 87
0.0507417 87
0.0518419 87
0.0514748 87
0.0496142 87
0.0478372 87
0.0482868 87
0.0485134 87
0.0484685 87
0.0497158 87
0.0480408 87
0.0479297 87
0.0510055 87
0.0488846 87
0.0512259 87
0.0482329 88
0.0501336 88
0.0497662 88
0.0514197 88
0.0540025 88
0.0580989 88
0.0552827 88
0.0528526 88
0.0516528 88
0.0480592 88
0.0480652 88
0.0479774 88
0.0495287 88
0.0531813 88
0.0534499 88
0.0512016 88
0.0504371 88
0.0489963 88
0.0504862 88
0.0488235 88
0.0504127 85
0.0528899 85
0.0531754 85
0.0517987 85
0.0518479 85
0.0515293 85
0.0545634 85
0.0542239 85
0.0497388 85
0.0504497 85
0.0492756 85
0.0512338 85
0.0489512 85
0.050968 85
0.0491112 85
0.0498057 85
0.0484373 85
0.0491141 85
0.049541 85
0.0494806 85
0.0512964 86
0.0501766 86
0.0515961 86
0.0519359 86
0.0525418 86
0.0517532 86
0.0521939 86
0.0531514 86
0.0498688 86
0.0511329 86
0.0486423 86
0.0505901 86
0.0519105 86
0.0522833 86
0.0576082 86
0.0514579 86
0.0502678 86
0.0492457 86
0.0493746 86
0.0493373 85
0.0500338 85
0.0500688 85
0.0521937 85
0.0528493 85
0.0532114 85
0.0520698 85
0.0545733 85
0.0511139 85
0.0485637 85
0.0518045 85
0.0524778 85
0.0493533 85
0.0491192 85
0.049411 85
0.0527916 85
0.0492048 85
0.0511215 85
0.0492273 85
0.0518778 85
0.0500638 85
0.0525498 85
0.050291 85
0.0544141 85
0.0530359 85
0.0521357 85
0.0542078 85
0.0531271 85
0.0493381 85
0.049703 85
0.0512748 85
0.0493707 85
0.050194 85
0.0495449 85
0.0513167 85
0.0496872 85
0.0515053 85
0.0496129 85
0.0519213 85
0.0495386 85
0.0530993 85
0.0501933 85
0.053837 85
0.0531 85
0.0525305 85
0.0563051 85
0.0525063 85
0.055303 85
0.0504913 85
0.0501798 85
0.0512367 85
0.0495574 85
0.05075 85
0.0496505 85
0.050888 85
0.0499567 85
0.0503878 85
0.0500625 85
0.0501718 85
0.0509706 85
0.0518396 85
0.0510189 85
0.0543452 85
0.0527292 85
0.0545415 85
0.0538644 85
0.0528287 85
0.0509679 85
0.0494723 85
0.0556875 85
0.0515031 85
0.0501 85
0.04978 85
0.0499586 85
0.049834 85
0.0504945 85
0.0500477 85
0.052065 85
0.0511684 85
0.0514183 84
0.0501591 84
0.0528257 84
0.0539522 84
0.0531372 84
0.0543387 84
0.0541211 84
0.0520005 84
0.051115 84
0.0501234 84
0.0519011 84
0.0501525 84
0.052657 84
0.0498578 84
0.051576 84
0.0501066 84
0.0509155 84
0.0500774 84
0.052217 84
0.0517619 84
0.0499884 85
0.0525201 85
0.0530989 85
0.0547051 85
0.0531103 85
0.0559109 85
0.0550109 85
0.0494707 85
0.0506408 85
0.0502104 85
0.0508118 85
0.0532234 85
0.0521387 85
0.054853 85
0.0526855 85
0.0522646 85
0.050212 85
0.0503111 85
0.0503516 85
0.0540615 83
0.0555577 83
0.0538995 83
0.053074 83
0.0535597 83
0.0530473 83
0.0559727 83
0.050865 83
0.0503092 83
0.0512249 83
0.0505207 83
0.0516251 83
0.0503245 83
0.0513301 83
0.0504523 83
0.0534442 83
0.0510409 83
0.0533765 83
0.0503731 83
0.0518586 83
0.0515692 84
0.0535447 84
0.0547301 84
0.0566627 84
0.054791 84
0.0548703 84
0.0518375 84
0.0504124 84
0.0516284 84
0.0535942 84
0.0532698 84
0.052963 84
0.050563 84
0.0507456 84
0.0506374 84
0.0513003 84
0.0515904 84
0.0518529 84
0.0535369 84
0.0553987 83
0.0568046 83
0.055341 83
0.0539084 83
0.0555934 83
0.0544764 83
0.0501324 83
0.0527452 83
0.0508746 83
0.0521822 83
0.0506055 83
0.053291 83
0.0506916 83
0.0514603 83
0.0511942 83
0.0508631 83
0.0511663 83
0.0507391 83
0.0530687 83
0.0525256 83
0.0553139 83
0.0541451 83
0.0542068 83
0.0580821 83
0.0569782 83
0.0538923 83
0.0508976 83
0.0518113 83
0.0508071 83
0.0524347 83
0.0509063 83
0.0560883 83
0.0520282 83
0.0507071 83
0.0523101 83
0.0510403 83
0.053195 83
0.0517933 83
0.0564305 82
0.0556137 82
0.0538462 82
0.0544741 82
0.0557398 82
0.0540533 82
0.0506648 82
0.0542833 82
0.0515918 82
0.0516375 82
0.0512262 82
0.0510685 82
0.0513365 82
0.0511791 82
0.0520529 82
0.0544617 82
0.0561308 82
0.052749 82
0.0539054 82
0.0576844 81
0.0604208 81
0.0571623 81
0.0576585 81
0.0557952 81
0.0538054 81
0.0537646 81
0.0512431 81
0.0519732 81
0.0513454 81
0.0513016 81
0.0523745 81
0.0518142 81
0.0538046 81
0.0510511 81
0.0540464 81
0.0539537 81
0.0524003 81
0.0563459 81
0.0585466 81
0.0575919 81
0.054854 81
0.0551096 81
0.0572313 81
0.0537678 81
0.0525882 81
0.0528991 81
0.0569762 81
0.0573174 81
0.0515841 81
0.0535426 81
0.0516343 81
0.0532134 81
0.0515233 81
0.0517891 81
0.0534781 81
0.0516552 81
0.0602269 79
0.0582276 79
0.0569744 79
0.0558928 79
0.0556256 79
0.0544539 79
0.0529199 79
0.0513144 79
0.0548745 79
0.0558501 79
0.0534118 79
0.0531573 79
0.0518017 79
0.0517218 79
0.0533624 79
0.0515548 79
0.0544104 79
0.0530599 79
0.053877 79
0.0562599 81
0.0611311 81
0.0585349 81
0.0574725 81
0.0548217 81
0.058006 81
0.05355 81
0.0550365 81
0.054603 81
0.0541402 81
0.0520203 81
0.0518654 81
0.053997 81
0.0516876 81
0.0535234 81
0.0517376 81
0.05349 81
0.0540334 81
0.0556851 81
0.0579764 80
0.0582876 80
0.0580189 80
0.0559833 80
0.0519158 80
0.0547365 80
0.0550745 80
0.0593069 80
0.055998 80
0.0546404 80
0.0558478 80
0.0524589 80
0.054935 80
0.056022 80
0.0536041 80
0.0535409 80
0.0544231 80
0.0571672 80
0.0555155 78
0.0579776 78
0.0591264 78
0.0564113 78
0.0544339 78
0.0524463 78
0.0532135 78
0.0522864 78
0.0524568 78
0.0554898 78
0.0548475 78
0.0544266 78
0.0540342 78
0.053946 78
0.0523767 78
0.0546935 78
0.0527285 78
0.0559388 78
0.0595205 79
0.0587069 79
0.0575696 79
0.0555153 79
0.0542487 79
0.0533504 79
0.0524935 79
0.0525333 79
0.0554103 79
0.0527626 79
0.0526406 79
0.0560593 79
0.0555025 79
0.0522813 79
0.0544922 79
0.0526549 79
0.0534421 79
0.0573647 79
0.0562059 79
0.0556054 79
0.0571524 79
0.0573781 79
0.0561439 79
0.0516324 79
0.05281 79
0.0531916 79
0.0531895 79
0.0559847 79
0.0557943 79
0.0545672 79
0.055507 79
0.0551677 79
0.0525806 79
0.052579 79
0.0566185 79
0.0542587 79
0.0557038 79
0.059982 79
0.0591324 79
0.0594786 79
0.0586312 79
0.0541647 79
0.0528898 79
0.0569573 79
0.0571474 79
0.0528156 79
0.0530221 79
0.0537718 79
0.0541306 79
0.0533716 79
0.0536103 79
0.0562184 79
0.0564981 79
0.0566326 79
0.0584699 79
0.0561673 79
0.0558854 78
0.0569712 78
0.056835 78
0.0564107 78
0.0528236 78
0.0528326 78
0.0539811 78
0.0532283 78
0.0526727 78
0.053349 78
0.0530737 78
0.0543774 78
0.0541749 78
0.0526528 78
0.0561872 78
0.0573455 78
0.0586152 78
0.0564868 78
0.0572887 79
0.0646855 79
0.0585381 79
0.0567901 79
0.0542755 79
0.0533239 79
0.0530898 79
0.0548383 79
0.0529371 79
0.0530405 79
0.0538717 79
0.0531046 79
0.0568857 79
0.0538644 79
0.0545424 79
0.055181 79
0.0564385 79
0.0562301 79
0.0572446 79
0.0568573 79
0.0583186 79
0.0564034 79
0.0534859 79
0.0535649 79
0.0549179 79
0.0539154 79
0.0560003 79
0.0557154 79
0.0549999 79
0.0566296 79
0.056061 79
0.0532238 79
0.0551845 79
0.0554766 79
0.0592969 79
0.0583863 79
0.0679795 77
0.0627872 77
0.0627273 77
0.055355 77
0.0535456 77
0.0550432 77
0.0532779 77
0.0540289 77
0.0561708 77
0.0539673 77
0.0538215 77
0.0566148 77
0.0543486 77
0.0535346 77
0.0550432 77
0.0582751 77
0.056895 77
0.0577405 77
0.0570634 77
0.0627051 77
0.0598299 77
0.0566685 77
0.0572108 77
0.0556671 77
0.0534066 77
0.0534917 77
0.0610548 77
0.0574849 77
0.0545782 77
0.053468 77
0.056028 77
0.0568835 77
0.05452 77
0.0573604 77
0.0581306 77
0.0591058 77
0.0620349 76
0.0579127 76
0.054656 76
0.0539046 76
0.0536942 76
0.0563433 76
0.053703 76
0.0537402 76
0.0568218 76
0.056342 76
0.0536295 76
0.0537191 76
0.0565017 76
0.0545886 76
0.0550613 76
0.0602017 76
0.0587822 76
0.0599166 76
0.058353 78
0.0576603 78
0.0534848 78
0.054399 78
0.0546527 78
0.0543712 78
0.057098 78
0.0590516 78
0.058052 78
0.0578377 78
0.0537122 78
0.05434 78
0.0558256 78
0.0590103 78
0.0599811 78
0.0576678 78
0.0581057 78
0.0573162 78
0.0596617 77
0.0564921 77
0.0558797 77
0.053984 77
0.0591221 77
0.0602427 77
0.0559248 77
0.0580443 77
0.0543237 77
0.0541644 77
0.057605 77
0.0558768 77
0.0560517 77
0.0547492 77
0.0584626 77
0.0606817 77
0.05862 77
0.0613255 77
0.0609073 76
0.0552504 76
0.0548483 76
0.054409 76
0.0557558 76
0.0553927 76
0.0548134 76
0.0540554 76
0.058997 76
0.0580515 76
0.0545725 76
0.055176 76
0.0577986 76
0.0583845 76
0.0599958 76
0.0583637 76
0.0587706 76
0.0576056 76
0.0575245 76
0.054412 76
0.0604848 76
0.0576956 76
0.0559108 76
0.0548145 76
0.054345 76
0.0604593 76
0.0575613 76
0.0554899 76
0.054793 76
0.0571745 76
0.0586473 76
0.0618742 76
0.0630212 76
0.0618503 76
0.0619591 76
0.0587911 75
0.0586514 75
0.055449 75
0.0550897 75
0.0579379 75
0.0564881 75
0.0583467 75
0.0556968 75
0.0621021 75
0.0568235 75
0.0575326 75
0.0556525 75
0.0587573 75
0.0602255 75
0.0615029 75
0.0610106 75
0.0602214 75
0.0604044 74
0.0553085 74
0.0556458 74
0.0582232 74
0.0567187 74
0.0589792 74
0.0564206 74
0.0557153 74
0.0578809 74
0.0579609 74
0.0557709 74
0.0565651 74
0.056135 74
0.0581565 74
0.0601044 74
0.0583925 74
0.0591027 74
0.0616625 74
0.0593057 75
0.0575052 75
0.0560303 75
0.055192 75
0.0557627 75
0.0565956 75
0.0583964 75
0.0574486 75
0.0552103 75
0.0559855 75
0.0593821 75
0.0607085 75
0.0595512 75
0.0606393 75
0.0605856 75
0.0624697 75
0.0620732 75
0.0585818 74
0.0559936 74
0.0548661 74
0.0559037 74
0.0561454 74
0.0565553 74
0.0559943 74
0.0554993 74
0.0558483 74
0.0588856 74
0.0560595 74
0.0576036 74
0.056422 74
0.0597817 74
0.0588615 74
0.0613815 74
0.0601563 74
0.0616613 74
0.0573484 76
0.0573952 76
0.0577612 76
0.055644 76
0.0582487 76
0.0585409 76
0.0566638 76
0.0690468 76
0.056169 76
0.0583044 76
0.0625571 76
0.0622951 76
0.065544 76
0.0601457 76
0.0596299 76
0.0585438 76
0.0565745 76
0.0574893 73
0.0574351 73
0.0551971 73
0.059084 73
0.0576325 73
0.0587539 73
0.0577731 73
0.0575814 73
0.0556112 73
0.0558844 73
0.0571322 73
0.0588456 73
0.0629078 73
0.0638567 73
0.0632857 73
0.0603187 73
0.0611552 73
0.0571397 74
0.0595743 74
0.0579097 74
0.0575676 74
0.0559485 74
0.0565897 74
0.0588448 74
0.0600363 74
0.057235 74
0.0579326 74
0.057975 74
0.0577447 74
0.0618705 74
0.0600976 74
0.0596914 74
0.0605271 74
0.0582954 74
0.0556526 74
0.0572553 74
0.0587178 74
0.0561368 74
0.0570247 74
0.0557796 74
0.0575789 74
0.0604164 74
0.0581215 74
0.0568128 74
0.0568044 74
0.0608444 74
0.0610643 74
0.0601826 74
0.061012 74
0.0604632 74
0.059653 74
0.0616881 74
0.0559959 74
0.0607355 74
0.0590559 74
0.0620954 74
0.0595691 74
0.0581515 74
0.0573903 74
0.0560977 74
0.0557662 74
0.0579639 74
0.059661 74
0.0630315 74
0.0612802 74
0.0604338 74
0.0610317 74
0.0588465 74
0.0574813 74
0.0582982 73
0.0600177 73
0.0597223 73
0.0560927 73
0.056717 73
0.0560793 73
0.0620407 73
0.0621578 73
0.0606369 73
0.0599311 73
0.0605872 73
0.063052 73
0.0614895 73
0.063089 73
0.0617086 73
0.0577928 73
0.0587305 73
0.0609528 73
0.0590509 73
0.0607028 73
0.0586089 73
0.0603073 73
0.060458 73
0.0600606 73
0.059979 73
0.0583326 73
0.0562509 73
0.0629396 73
0.0614068 73
0.0610607 73
0.0619559 73
0.0614934 73
0.0569174 73
0.0562291 73
0.0574761 72
0.0584189 72
0.0592688 72
0.060529 72
0.0594889 72
0.0563749 72
0.0578092 72
0.0566843 72
0.0605624 72
0.0622758 72
0.065263 72
0.0615793 72
0.061575 72
0.0608159 72
0.0602203 72
0.0572611 72
0.0565485 72
0.058439 73
0.0605427 73
0.0583637 73
0.0565789 73
0.0568058 73
0.0601933 73
0.0586466 73
0.0581031 73
0.062668 73
0.0605262 73
0.0629964 73
0.0613759 73
0.0604618 73
0.0631105 73
0.059499 73
0.056624 73
0.0593514 73
0.058243 73
0.0601622 73
0.0579284 73
0.0572422 73
0.0592731 73
0.0593337 73
0.0565224 73
0.0580391 73
0.0596297 73
0.0625221 73
0.0639337 73
0.060897 73
0.0618366 73
0.0614284 73
0.0591933 73
0.0566383 73
0.0586368 73
0.0594138 73
0.0588781 73
0.056621 73
0.0568725 73
0.0580108 73
0.0578709 73
0.0598047 73
0.0598037 73
0.061906 73
0.0624692 73
0.0621558 73
0.0659646 73
0.0633185 73
0.0614268 73
0.0580795 73
0.0569259 73
0.0590001 73
0.0608473 73
0.0624448 73
0.0592371 73
0.0609917 73
0.0598372 73
0.0594174 73
0.0592925 73
0.0599627 73
0.0599634 73
0.0620386 73
0.0637959 73
0.0650212 73
0.064155 73
0.0594695 73
0.0576602 73
0.060436 73
0.0605192 71
0.0606456 71
0.0595373 71
0.0584933 71
0.0588514 71
0.0572142 71
0.0581212 71
0.0573447 71
0.0593713 71
0.0631352 71
0.0623773 71
0.0622909 71
0.0622612 71
0.0614959 71
0.059229 71
0.0579734 71
0.0605637 71
0.0589326 72
0.0628072 72
0.0580103 72
0.0601466 72
0.0597884 72
0.061352 72
0.0589101 72
0.0617988 72
0.0613265 72
0.0621952 72
0.0623774 72
0.0624274 72
0.062393 72
0.060271 72
0.0580217 72
0.0596116 72
0.0642112 72
0.0606367 71
0.0579413 71
0.0613506 71
0.0606691 71
0.0594696 71
0.0609528 71
0.0592144 71
0.0622168 71
0.0637761 71
0.0644324 71
0.0614601 71
0.0618538 71
0.062 71
0.0584319 71
0.0578168 71
0.0593647 71
0.0599219 71
0.0615942 72
0.0596461 72
0.060858 72
0.0607172 72
0.0597469 72
0.0612925 72
0.0622897 72
0.0612915 72
0.0649205 72
0.0643288 72
0.0621733 72
0.0619635 72
0.0607563 72
0.0584646 72
0.0579422 72
0.0586954 72
0.0589328 70
0.0623136 70
0.0602824 70
0.0606761 70
0.0615554 70
0.0617761 70
0.0592711 70
0.0615825 70
0.0663962 70
0.0628457 70
0.0660509 70
0.0634086 70
0.0635636 70
0.0589505 70
0.0600923 70
0.0604294 70
0.0600631 70
0.0591044 71
0.058922 71
0.0578588 71
0.0589642 71
0.058145 71
0.058584 71
0.0603453 71
0.0634937 71
0.0634087 71
0.0625773 71
0.06208 71
0.0629048 71
0.0608485 71
0.0580056 71
0.0588627 71
0.0584494 71
0.0592264 71
0.0597546 72
0.0600766 72
0.0612177 72
0.0603335 72
0.061892 72
0.0612475 72
0.0609075 72
0.0651821 72
0.0628992 72
0.0631664 72
0.0626455 72
0.0623343 72
0.0606196 72
0.0590767 72
0.0583628 72
0.0593877 72
0.0581402 71
0.0595121 71
0.0582723 71
0.0614839 71
0.0604045 71
0.0629574 71
0.0603452 71
0.0626495 71
0.0624874 71
0.0634494 71
0.0629342 71
0.0658691 71
0.0627742 71
0.060667 71
0.0622875 71
0.0620086 71
0.0601561 71
0.0647238 70
0.0622546 70
0.0594086 70
0.0591256 70
0.061172 70
0.0642646 70
0.0641608 70
0.0635114 70
0.0632596 70
0.0634894 70
0.0644806 70
0.0615421 70
0.060815 70
0.0616939 70
0.0601297 70
0.0592465 70
0.0620654 69
0.06961 69
0.0600107 69
0.0587816 69
0.059782 69
0.0616477 69
0.0617528 69
0.063134 69
0.0629757 69
0.0656758 69
0.0651626 69
0.0656602 69
0.0627664 69
0.0602 69
0.0626353 69
0.0612469 69
0.0596456 70
0.0604314 70
0.0600231 70
0.060229 70
0.0606213 70
0.0646934 70
0.0642417 70
0.0633583 70
0.0633724 70
0.0636616 70
0.0648599 70
0.0631409 70
0.0613058 70
0.0604789 70
0.0622321 70
0.0602995 70
0.0599674 70
0.0611872 70
0.0626303 70
0.0598863 70
0.0606199 70
0.0612509 70
0.0625925 70
0.0639464 70
0.0637833 70
0.0642146 70
0.0642786 70
0.0618555 70
0.0627979 70
0.0617969 70
0.0619919 70
0.0616512 70
0.0609904 70
0.0609025 69
0.06081 69
0.0623594 69
0.0647968 69
0.0627128 69
0.0603673 69
0.0638217 69
0.0638731 69
0.0650233 69
0.0654745 69
0.061619 69
0.0601424 69
0.0603217 69
0.060448 69
0.061944 69
0.060612 69
0.0615359 70
0.0629197 70
0.0600916 70
0.0595083 70
0.0614522 70
0.0618494 70
0.0656925 70
0.0643374 70
0.0644167 70
0.0670168 70
0.0625563 70
0.0600088 70
0.0601905 70
0.062294 70
0.0617629 70
0.0603559 70
0.0594905 70
0.0610423 70
0.0617224 70
0.0623124 70
0.0614249 70
0.0609887 70
0.0670707 70
0.0652264 70
0.0678786 70
0.0664979 70
0.0630834 70
0.059764 70
0.0604927 70
0.059828 70
0.0606126 70
0.0598439 70
0.0607129 70
0.0602479 69
0.0598006 69
0.0604511 69
0.0608871 69
0.0605149 69
0.0645712 69
0.0668636 69
0.0670722 69
0.0648779 69
0.064444 69
0.0595476 69
0.060473 69
0.0604107 69
0.0598592 69
0.0607447 69
0.0603122 69
0.0612332 70
0.0613154 70
0.0634033 70
0.0623464 70
0.06194 70
0.0648109 70
0.064936 70
0.0670801 70
0.065266 70
0.0628446 70
0.060795 70
0.06117 70
0.0609217 70
0.0601606 70
0.0646792 70
0.0835108 70
0.0785433 66
0.073869 66
0.0680438 66
0.0677525 66
0.073913 66
0.0750479 66
0.0755068 66
0.0721388 66
0.0627512 66
0.0609147 66
0.05998 66
0.0607227 66
0.0605929 66
0.0645369 66
0.0699754 66
0.0722181 64
0.062574 64
0.066359 64
0.0637535 64
0.067861 64
0.0681342 64
0.0692877 64
0.0663681 64
0.0630198 64
0.062211 64
0.0630395 64
0.0616612 64
0.0625304 64
0.0642097 64
0.0633173 64
0.0613379 64
0.0598933 66
0.0643963 66
0.0640942 66
0.0634987 66
0.0669593 66
0.0652895 66
0.0689002 66
0.0694557 66
0.0611602 66
0.0606579 66
0.0607601 66
0.0612238 66
0.0606715 66
0.0612604 66
0.0609607 66
0.0605522 66
0.0611677 69
0.0612669 69
0.0620368 69
0.0636627 69
0.0650877 69
0.0655506 69
0.0676743 69
0.0657047 69
0.0623196 69
0.0604499 69
0.0615463 69
0.0610042 69
0.0608126 69
0.0613326 69
0.0611969 69
0.0608889 69
0.0610307 69
0.0613833 69
0.0619436 69
0.0637256 69
0.0722551 69
0.0701951 69
0.0686989 69
0.064923 69
0.0611493 69
0.0605296 69
0.0614397 69
0.061319 69
0.0608153 69
0.0663046 69
0.062403 69
0.0655906 69
0.0649242 67
0.0620949 67
0.0619724 67
0.0655809 67
0.0653678 67
0.0664348 67
0.0652196 67
0.0672288 67
0.0630665 67
0.0610421 67
0.0622807 67
0.0623253 67
0.0650255 67
0.0625548 67
0.0624281 67
0.0614649 67
0.0617354 68
0.0621999 68
0.0627454 68
0.0665118 68
0.0663231 68
0.0675767 68
0.0657598 68
0.0623827 68
0.0621654 68
0.0625202 68
0.0627284 68
0.0629177 68
0.0646111 68
0.0623557 68
0.0613788 68
0.0615192 68
0.0615759 68
0.0620131 68
0.0673903 68
0.0665638 68
0.0698244 68
0.0668211 68
0.0687768 68
0.0685522 68
0.0615971 68
0.0648553 68
0.0642774 68
0.0637867 68
0.0617828 68
0.0626092 68
0.0624928 68
0.061975 67
0.0631591 67
0.0621467 67
0.0659168 67
0.066898 67
0.0679968 67
0.0660452 67
0.0642304 67
0.062525 67
0.0643219 67
0.0618705 67
0.063361 67
0.0619862 67
0.0617246 67
0.0620351 67
0.0615412 67
0.0621761 68
0.0660604 68
0.06675 68
0.067922 68
0.0663161 68
0.0661645 68
0.0685548 68
0.0624578 68
0.0630294 68
0.0635722 68
0.0622486 68
0.0620322 68
0.0619443 68
0.0621845 68
0.0631749 68
0.0655251 68
0.0626083 67
0.0631486 67
0.0654542 67
0.0666827 67
0.0690815 67
0.0665555 67
0.0656124 67
0.0631739 67
0.0639469 67
0.0646234 67
0.0626887 67
0.0621277 67
0.0616534 67
0.062442 67
0.0621794 67
0.0621488 67
0.0627055 68
0.0639457 68
0.0683061 68
0.0668579 68
0.0669141 68
0.0680385 68
0.0631229 68
0.0624084 68
0.0621767 68
0.0618106 68
0.0622326 68
0.0624694 68
0.0682403 68
0.0667822 68
0.0626105 68
0.0616434 67
0.0632889 67
0.0661724 67
0.0672971 67
0.0665382 67
0.069789 67
0.0672289 67
0.0621952 67
0.0640624 67
0.062351 67
0.061896 67
0.0624435 67
0.0630711 67
0.0623776 67
0.0618926 67
0.0630313 67
0.0676432 67
0.0651588 67
0.0674533 67
0.0679139 67
0.0671686 67
0.0675395 67
0.0657111 67
0.0651312 67
0.063452 67
0.0625473 67
0.0627183 67
0.061892 67
0.0627308 67
0.0627004 67
0.0625779 67
0.0627124 67
0.0669851 67
0.0671852 67
0.0667449 67
0.070876 67
0.0688874 67
0.0689477 67
0.0649942 67
0.0625209 67
0.0621008 67
0.0627778 67
0.0629689 67
0.0628888 67
0.062032 67
0.0636239 67
0.065311 67
0.064318 66
0.0653804 66
0.0671688 66
0.0687957 66
0.0669519 66
0.0670123 66
0.0651319 66
0.0639918 66
0.0642045 66
0.0627941 66
0.06302 66
0.0628524 66
0.0630921 66
0.0633774 66
0.0655858 66
0.064566 66
0.0643125 66
0.0671152 66
0.0714169 66
0.0695043 66
0.0712525 66
0.0667127 66
0.0630093 66
0.0623118 66
0.0639375 66
0.0690424 66
0.0648976 66
0.0630383 66
0.0631213 66
0.063622 66
0.0633229 66
0.0678276 65
0.0747046 65
0.0735227 65
0.0691287 65
0.0792508 65
0.0740027 65
0.0649159 65
0.0659416 65
0.0656996 65
0.06289 65
0.063434 65
0.0631784 65
0.0632355 65
0.0637906 65
0.0659531 65
0.0652388 64
0.0700302 64
0.0692321 64
0.0706114 64
0.0697595 64
0.0672533 64
0.0632362 64
0.0643196 64
0.0647212 64
0.0659008 64
0.06347 64
0.0630118 64
0.0631373 64
0.0635295 64
0.0634237 64
0.068598 64
0.0682744 66
0.0718756 66
0.0727023 66
0.0707756 66
0.0669716 66
0.0640447 66
0.0633519 66
0.0636623 66
0.0668642 66
0.0637424 66
0.0637502 66
0.0636171 66
0.0634056 66
0.0634942 66
0.0699512 66
0.0700682 64
0.0706561 64
0.0683388 64
0.0706009 64
0.0693817 64
0.0659187 64
0.0652004 64
0.0639823 64
0.0664525 64
0.0658942 64
0.0645087 64
0.0721541 64
0.0635639 64
0.0636702 64
0.0664354 64
0.0728559 64
0.0681842 64
0.0750151 64
0.0704085 64
0.0668255 64
0.0656002 64
0.0638537 64
0.0647272 64
0.0665653 64
0.0637968 64
0.0640532 64
0.0633863 64
0.0646994 64
0.0668699 64
0.065434 64
0.0681068 65
0.0691481 65
0.0684481 65
0.0738024 65
0.0718899 65
0.064683 65
0.0664674 65
0.0640457 65
0.0639973 65
0.0638775 65
0.0634535 65
0.0652177 65
0.0662219 65
0.0640984 65
0.0655796 65
0.0692119 64
0.0684423 64
0.0685462 64
0.0718322 64
0.066831 64
0.0639948 64
0.0654018 64
0.0657807 64
0.0639025 64
0.0659815 64
0.0647595 64
0.0671265 64
0.0641779 64
0.0639733 64
0.0653123 64
0.0694052 64
0.0686916 66
0.0688768 66
0.0708737 66
0.0669134 66
0.0647356 66
0.0664285 66
0.0689258 66
0.066979 66
0.0749871 66
0.0663451 66
0.0658672 66
0.0639623 66
0.0687717 66
0.0678482 66
0.0706041 66
0.06879 63
0.0698947 63
0.0710811 63
0.0671735 63
0.0709956 63
0.0642314 63
0.0646811 63
0.0667251 63
0.0644128 63
0.0644776 63
0.0636204 63
0.0640268 63
0.0684861 63
0.0660397 63
0.0691354 63
0.0708754 64
0.0724699 64
0.0751219 64
0.0652682 64
0.0670703 64
0.0666661 64
0.0646838 64
0.0643166 64
0.0675051 64
0.0648111 64
0.0646313 64
0.0644899 64
0.0666278 64
0.0692266 64
0.0693048 64
0.0701036 64
0.0694799 64
0.0696089 64
0.0654525 64
0.0647563 64
0.0639575 64
0.0679254 64
0.0667591 64
0.0644732 64
0.0644101 64
0.0647933 64
0.0667952 64
0.0700426 64
0.0685888 64
0.0738585 64
0.0721188 64
0.0691099 64
0.0678966 64
0.0662059 64
0.0647974 64
0.0647024 64
0.064928 64
0.0658482 64
0.0671008 64
0.0647475 64
0.0644811 64
0.0648378 64
0.0687348 64
0.0681935 64
0.0693315 64
0.0749789 64
0.0762126 64
0.0733574 64
0.070155 64
0.0661877 64
0.067685 64
0.0677115 64
0.0667836 64
0.0709994 64
0.0677436 64
0.0651508 64
0.0711731 64
0.0685068 64
0.0694948 64
0.0693841 64
0.0701054 62
0.0689238 62
0.0646919 62
0.0651313 62
0.0679855 62
0.070102 62
0.0654596 62
0.0677651 62
0.0682246 62
0.0668374 62
0.0708056 62
0.0683441 62
0.0690701 62
0.0710751 62
0.0701565 63
0.0802265 63
0.0771524 63
0.0668893 63
0.0693968 63
0.0674021 63
0.0667884 63
0.0649757 63
0.0652803 63
0.0688984 63
0.0696466 63
0.0663618 63
0.0667295 63
0.0726291 63
0.0696745 63
0.0720172 62
0.0727404 62
0.0671292 62
0.0651894 62
0.0654097 62
0.0668209 62
0.0655472 62
0.0649584 62
0.0671872 62
0.0703138 62
0.0677956 62
0.0714418 62
0.073969 62
0.0850143 62
0.0809176 61
0.0789472 61
0.0763655 61
0.0669114 61
0.0700614 61
0.066404 61
0.0657343 61
0.0689833 61
0.0801454 61
0.0717757 61
0.065483 61
0.0667494 61
0.0689006 61
0.0694838 61
0.0689204 61
0.0715206 62
0.0716308 62
0.0668528 62
0.0667179 62
0.0668951 62
0.064593 62
0.063988 62
0.0662047 62
0.0668031 62
0.0645981 62
0.0643478 62
0.0664185 62
0.0710564 62
0.0881449 62
0.0731797 62
0.0691658 62
0.0649933 62
0.0666335 62
0.0649415 62
0.0649192 62
0.0644604 62
0.0659416 62
0.0649112 62
0.0639403 62
0.064565 62
0.0659131 62
0.0686073 62
0.0692819 62
0.0693053 62
0.0712259 62
0.0717725 65
0.0681651 65
0.064709 65
0.0646056 65
0.066832 65
0.0652451 65
0.0647092 65
0.0649034 65
0.0660458 65
0.0669756 65
0.0658568 65
0.0689491 65
0.0743906 65
0.0701324 65
0.0695923 65
0.0746761 64
0.0703192 64
0.06474 64
0.0714642 64
0.0678757 64
0.0667677 64
0.0648097 64
0.0640841 64
0.0651535 64
0.0649386 64
0.0672747 64
0.0708129 64
0.0695658 64
0.0717238 64
0.0696384 64
0.0708262 63
0.0648247 63
0.0682542 63
0.0673909 63
0.065342 63
0.0650947 63
0.0663624 63
0.0647341 63
0.0650103 63
0.0649285 63
0.066609 63
0.0720809 63
0.0696716 63
0.0718998 63
0.0703105 63
0.0700488 64
0.0650412 64
0.0684282 64
0.0673772 64
0.0652275 64
0.0651084 64
0.0661306 64
0.0676457 64
0.0654513 64
0.0663426 64
0.0680752 64
0.072379 64
0.0732711 64
0.0752831 64
0.0747241 62
0.0667686 62
0.0654601 62
0.0683401 62
0.0673397 62
0.0668783 62
0.0652034 62
0.0653134 62
0.0655588 62
0.0712191 62
0.0698574 62
0.0720375 62
0.0698052 62
0.0715355 62
0.0700569 62
0.0697805 63
0.0650302 63
0.0653571 63
0.0682649 63
0.0698773 63
0.0678948 63
0.0672032 63
0.0658217 63
0.0653251 63
0.0655884 63
0.0698508 63
0.0693702 63
0.0720311 63
0.0698407 63
0.0703486 63
0.0669812 63
0.0652369 63
0.0656022 63
0.0680698 63
0.0653841 63
0.0654815 63
0.0665477 63
0.0653368 63
0.0655734 63
0.0667432 63
0.0690006 63
0.0703007 63
0.0727005 63
0.072702 63
0.0715239 63
0.065926 63
0.0652644 63
0.0673344 63
0.0654744 63
0.0694335 63
0.0672905 63
0.0687834 63
0.0657709 63
0.0662576 63
0.068316 63
0.0691102 63
0.0722829 63
0.070253 63
0.0713216 63
0.0695542 63
0.0673016 63
0.0657705 63
0.0656743 63
0.0654305 63
0.0657081 63
0.0682361 63
0.0662891 63
0.0657099 63
0.0667156 63
0.0667443 63
0.0738507 63
0.0718942 63
0.0707917 63
0.0709517 63
0.0691665 63
0.0676915 63
0.0655232 63
0.0657624 63
0.0679052 63
0.0659261 63
0.0660877 63
0.0730915 63
0.0658623 63
0.0668254 63
0.0701127 63
0.0706342 63
0.0730718 63
0.0705621 63
0.0730522 63
0.0669933 63
0.0676422 63
0.0664746 63
0.0660154 63
0.0660671 63
0.0692547 63
0.0661192 63
0.0692613 63
0.0681208 63
0.0673345 63
0.0699113 63
0.0711199 63
0.0707399 63
0.0721593 63
0.06935 63
0.0663047 63
0.0658152 62
0.0660781 62
0.071361 62
0.0686721 62
0.0676014 62
0.0671215 62
0.0664966 62
0.0678389 62
0.067251 62
0.0704369 62
0.0730046 62
0.0707532 62
0.0753883 62
0.0674515 62
0.0695846 62
0.0660149 62
0.0664273 62
0.0682684 62
0.0664365 62
0.0662583 62
0.0680729 62
0.0674916 62
0.0674509 62
0.0711032 62
0.071312 62
0.0756522 62
0.0740411 62
0.070095 62
0.0668333 62
0.0682665 62
0.066233 62
0.0662648 62
0.0691819 62
0.0665348 62
0.0662731 62
0.0687821 62
0.0678028 62
0.0679382 62
0.0738343 62
0.0712205 62
0.0708007 62
0.0746099 62
0.0698354 62
0.0671352 62
0.0662775 62
0.0666691 62
0.0664996 62
0.0698683 62
0.0665593 62
0.0665829 62
0.0699438 62
0.0682981 62
0.0705539 62
0.0709096 62
0.070953 62
0.0740097 62
0.0763854 62
0.0690932 62
0.0674651 62
0.0667813 62
0.0664335 62
0.0766391 62
0.0704629 62
0.0675019 62
0.0673322 62
0.0729367 62
0.0719899 62
0.074789 62
0.0749012 62
0.0710403 62
0.0716751 62
0.0712406 62
0.0707779 60
0.0668602 60
0.0667832 60
0.0690879 60
0.0669807 60
0.0675988 60
0.0685719 60
0.0682665 60
0.0854478 60
0.0780085 60
0.0737288 60
0.0723139 60
0.0722933 60
0.0717419 60
0.0727991 60
0.0695123 61
0.0677296 61
0.0670827 61
0.0671379 61
0.0695556 61
0.0671155 61
0.068714 61
0.0788905 61
0.0846097 61
0.0731333 61
0.0782572 61
0.0739497 61
0.0685621 61
0.0673836 61
0.0701898 60
0.0680217 60
0.0687621 60
0.0673582 60
0.067588 60
0.0682343 60
0.068817 60
0.0702487 60
0.0813389 60
0.0731501 60
0.0737275 60
0.0712277 60
0.0690251 60
0.0677088 60
0.0671618 61
0.0700549 61
0.0678364 61
0.0676723 61
0.0694894 61
0.067186 61
0.0682675 61
0.0694838 61
0.0720461 61
0.0738785 61
0.078815 61
0.0751448 61
0.0740773 61
0.0741815 61
0.0675371 61
0.0695878 60
0.068099 60
0.0687049 60
0.0676366 60
0.0674151 60
0.0689676 60
0.0689379 60
0.074728 60
0.0728008 60
0.0748019 60
0.0749991 60
0.0691393 60
0.0675775 60
0.0697415 60
0.0676835 61
0.0679174 61
0.0675333 61
0.0681876 61
0.068751 61
0.0679675 61
0.0685364 61
0.0743288 61
0.0725815 61
0.0732982 61
0.0741217 61
0.0712979 61
0.070427 61
0.0673955 61
0.0682715 61
0.0677349 62
0.071028 62
0.0739959 62
0.0678501 62
0.0696566 62
0.0690658 62
0.0719403 62
0.0728557 62
0.0752009 62
0.0729156 62
0.0708187 62
0.0674018 62
0.0702645 62
0.0678043 62
0.0728085 61
0.0706034 61
0.0703409 61
0.0710557 61
0.07347 61
0.0687799 61
0.0726151 61
0.0787189 61
0.0776173 61
0.0728152 61
0.0700073 61
0.0681945 61
0.068625 61
0.0712671 61
0.0711909 59
0.0720037 59
0.0692206 59
0.0703451 59
0.0680839 59
0.0696869 59
0.0712493 59
0.0754923 59
0.0750019 59
0.0744118 59
0.0758786 59
0.0682306 59
0.069091 59
0.0678248 59
0.0680306 61
0.0710207 61
0.0682358 61
0.0690786 61
0.0681322 61
0.0717269 61
0.0724219 61
0.0741163 61
0.0731154 61
0.0757105 61
0.0759065 61
0.0705086 61
0.0698442 61
0.0684559 61
0.0690115 60
0.0689805 60
0.0680736 60
0.0694349 60
0.0680507 60
0.0692791 60
0.070356 60
0.0738873 60
0.0730816 60
0.074494 60
0.0735341 60
0.0686592 60
0.0681854 60
0.0714857 60
0.0685218 60
0.0684351 61
0.0692509 61
0.0684943 61
0.0701077 61
0.0724408 61
0.0760861 61
0.0729798 61
0.073486 61
0.0745907 61
0.0766824 61
0.0678596 61
0.0684198 61
0.0706723 61
0.0696077 61
0.0729574 60
0.0714655 60
0.073184 60
0.0719495 60
0.072335 60
0.0729496 60
0.0732994 60
0.0753318 60
0.0746227 60
0.0728414 60
0.0717547 60
0.0684294 60
0.0700696 60
0.0684102 60
0.0685669 60
0.0711982 60
0.0682569 60
0.0712404 60
0.0693926 60
0.0754709 60
0.0766039 60
0.0759646 60
0.0750636 60
0.0734128 60
0.0684195 60
0.0692234 60
0.0685019 60
0.0686286 60
0.0704977 60
0.069598 60
0.0693244 60
0.068463 60
0.0694873 60
0.0707995 60
0.0739036 60
0.0732225 60
0.0750716 60
0.0743219 60
0.0687938 60
0.0684961 60
0.0728145 60
0.0688654 60
0.07179 60
0.0687354 61
0.0702932 61
0.0695642 61
0.0707484 61
0.0708661 61
0.0734344 61
0.0743895 61
0.0764755 61
0.0744372 61
0.0688388 61
0.0693426 61
0.0728821 61
0.0723533 61
0.0687877 61
0.068819 60
0.069482 60
0.0689578 60
0.0719097 60
0.0709347 60
0.076778 60
0.0751595 60
0.074436 60
0.0769871 60
0.074917 60
0.0688896 60
0.0726043 60
0.0731657 60
0.0715275 60
0.0689316 59
0.0702263 59
0.0694024 59
0.0726053 59
0.0723554 59
0.0749952 59
0.075002 59
0.0745983 59
0.0723605 59
0.0694703 59
0.0690047 59
0.0697144 59
0.071202 59
0.0690336 59
0.0727589 60
0.0721767 60
0.0716604 60
0.0703782 60
0.0760846 60
0.0758469 60
0.0748245 60
0.0744944 60
0.0735146 60
0.069356 60
0.0706264 60
0.0692822 60
0.0694111 60
0.0697236 60
0.0700655 60
0.0698471 60
0.0693178 60
0.0732182 60
0.0736969 60
0.0745509 60
0.0759709 60
0.0737583 60
0.0728601 60
0.0756198 60
0.0727535 60
0.0695138 60
0.0690264 60
0.0718214 60
0.0702682 60
0.0714094 60
0.0729178 60
0.0749283 60
0.0760306 60
0.0778 60
0.076725 60
0.0752073 60
0.0703054 60
0.0693792 60
0.0704896 60
0.0730089 60
0.0703783 60
0.0696391 60
0.0707901 59
0.0695369 59
0.0696052 59
0.0742772 59
0.0752754 59
0.0742467 59
0.0763334 59
0.078347 59
0.0699024 59
0.0696315 59
0.0698182 59
0.0731895 59
0.0695769 59
0.0749269 59
0.0713287 59
0.0694716 59
0.0705044 59
0.0719254 59
0.0757914 59
0.0745595 59
0.0779098 59
0.0800987 59
0.0724084 59
0.0693893 59
0.0720387 59
0.0696122 59
0.0704218 59
0.0698245 59
0.0708811 59
0.0698158 59
0.0706582 59
0.0728325 59
0.0761972 59
0.0747008 59
0.0754045 59
0.0747958 59
0.0701882 59
0.0725835 59
0.0699979 59
0.0716368 59
0.0702399 59
0.0722537 59
0.0733734 59
0.0728362 59
0.0724168 59
0.0745798 59
0.0776304 59
0.0756323 59
0.0752567 59
0.0719618 59
0.070746 59
0.0731943 59
0.0762478 59
0.0698407 59
0.0704088 59
0.0697469 59
0.0741257 59
0.0701954 59
0.072855 59
0.0783429 59
0.0781077 59
0.0760954 59
0.0761343 59
0.0776574 59
0.0708598 59
0.0701448 59
0.0702922 59
0.0707344 59
0.0702285 59
0.0752302 59
0.0744358 59
0.0712245 59
0.0770604 59
0.0759692 59
0.0750315 59
0.0957405 59
0.0770445 59
0.0700514 59
0.0735809 59
0.0729162 59
0.0700759 59
0.0721152 59
0.0702588 59
0.0714942 57
0.0713148 57
0.0743874 57
0.0750228 57
0.0757183 57
0.0791812 57
0.076942 57
0.0710149 57
0.0701648 57
0.070271 57
0.0755339 57
0.0739901 57
0.0702592 57
0.0717566 57
0.0707909 58
0.0731141 58
0.081413 58
0.0766542 58
0.0765022 58
0.0812035 58
0.075092 58
0.0715345 58
0.0704889 58
0.069791 58
0.0705488 58
0.0710535 58
0.0705584 58
0.0702788 58
0.0713143 58
0.073025 58
0.0751406 58
0.0787258 58
0.0767768 58
0.0761236 58
0.0810159 58
0.0714817 58
0.0754612 58
0.0705371 58
0.0723059 58
0.0711459 58
0.070588 58
0.0704923 58
0.0718587 58
0.0740377 58
0.0786568 58
0.0762533 58
0.0861223 58
0.0735625 58
0.071937 58
0.070852 58
0.0729927 58
0.0706981 58
0.0760063 58
0.0739368 58
0.0704179 58
0.0726168 58
0.0724126 58
0.0783234 58
0.0772926 58
0.0780561 58
0.0765213 58
0.0743299 58
0.0719829 58
0.0714278 58
0.0729924 58
0.0708752 58
0.074843 58
0.0706373 58
0.0706804 58
0.0734507 57
0.0739045 57
0.078084 57
0.0779248 57
0.0792919 57
0.0756677 57
0.0710165 57
0.0712257 57
0.0713761 57
0.0713903 57
0.0708143 57
0.0718973 57
0.0713364 57
0.0717436 57
0.0761804 59
0.0761634 59
0.077891 59
0.0793323 59
0.078395 59
0.0734348 59
0.07149 59
0.0709287 59
0.0709771 59
0.0713635 59
0.0710701 59
0.0707547 59
0.0715721 59
0.0730501 59
0.0768002 58
0.0772994 58
0.0803109 58
0.0811048 58
0.0784128 58
0.0722533 58
0.0709876 58
0.0715995 58
0.0717372 58
0.0723944 58
0.0713395 58
0.0744599 58
0.0713879 58
0.0737523 58
0.077422 58
0.0759118 58
0.0765844 58
0.0779977 58
0.0754787 58
0.0750014 58
0.0737169 58
0.0756357 58
0.0720743 58
0.0717809 58
0.0717017 58
0.0715762 58
0.0756155 58
0.0746783 58
0.0796008 58
0.0770578 58
0.0831167 58
0.0755336 58
0.0721131 58
0.0716446 58
0.0727457 58
0.0715396 58
0.0758247 58
0.0714801 58
0.0722779 58
0.0722755 58
0.0738889 57
0.084277 57
0.0797614 57
0.0794801 57
0.0790281 57
0.0736362 57
0.0714772 57
0.0762442 57
0.071962 57
0.0721424 57
0.0733447 57
0.0715347 57
0.0756267 57
0.0730807 57
0.0773077 57
0.0769626 57
0.0810227 57
0.0794293 57
0.0738338 57
0.0720862 57
0.0747173 57
0.072987 57
0.072129 57
0.0771683 57
0.0723404 57
0.0717308 57
0.0745671 57
0.0790854 57
0.0785193 57
0.0783104 57
0.0797822 57
0.0774372 57
0.0749543 57
0.0721102 57
0.0748518 57
0.0720696 57
0.0720564 57
0.0743675 57
0.0720711 57
0.0744546 57
0.0738763 57
0.0772992 57
0.0775691 57
0.083533 57
0.0796037 57
0.0735852 57
0.0722428 57
0.0750502 57
0.0792854 57
0.0733801 57
0.0725344 57
0.0743285 57
0.0734535 57
0.0744684 57
0.0803782 55
0.0796096 55
0.0789811 55
0.0808688 55
0.0740374 55
0.0721798 55
0.0762142 55
0.072146 55
0.0720147 55
0.0744717 55
0.0786521 55
0.075177 55
0.0745381 55
0.0793296 56
0.0783453 56
0.077746 56
0.0780365 56
0.0734312 56
0.0737285 56
0.0728119 56
0.0720695 56
0.0721143 56
0.0765763 56
0.0841541 56
0.0738971 56
0.0753731 56
0.080486 56
0.0792453 57
0.0787167 57
0.0777937 57
0.076403 57
0.0754108 57
0.0727212 57
0.0740781 57
0.0733999 57
0.0725759 57
0.0753358 57
0.0753758 57
0.0766193 57
0.075804 57
0.0809166 56
0.0799746 56
0.0822627 56
0.0815295 56
0.0746516 56
0.0725074 56
0.0725471 56
0.07394 56
0.0728808 56
0.0762458 56
0.0725528 56
0.0737098 56
0.0806155 56
0.0803844 56
0.0805822 56
0.0791288 56
0.0762454 56
0.0735456 56
0.0732252 56
0.0733928 56
0.073208 56
0.0742774 56
0.0735162 56
0.0728602 56
0.0759904 56
0.0749974 56
0.0786674 56
0.0778747 57
0.0817222 57
0.0793781 57
0.0766657 57
0.072625 57
0.0768277 57
0.0754863 57
0.0749792 57
0.072844 57
0.0728703 57
0.0728171 57
0.0753689 57
0.0813804 57
0.0813006 55
0.0816365 55
0.0795041 55
0.07528 55
0.0735614 55
0.0730586 55
0.0763815 55
0.076001 55
0.0764387 55
0.07303 55
0.0751799 55
0.0754266 55
0.0789868 55
0.0779852 57
0.0815631 57
0.0812796 57
0.0763763 57
0.0747802 57
0.076564 57
0.0763701 57
0.0835416 57
0.075506 57
0.0752095 57
0.0729546 57
0.076604 57
0.080496 57
0.0804897 55
0.0806486 55
0.0786338 55
0.0754534 55
0.074026 55
0.0752872 55
0.0775286 55
0.0765416 55
0.0729578 55
0.0772834 55
0.0741786 55
0.0804004 55
0.0785859 55
0.087507 55
0.0790113 55
0.0772177 55
0.0749837 55
0.0782625 55
0.0762546 55
0.0769523 55
0.0733383 55
0.0764187 55
0.0750079 55
0.0749464 55
0.0757033 55
0.0841756 55
0.0834267 55
0.0815969 55
0.0766314 55
0.075022 55
0.0740532 55
0.0732375 55
0.0778386 55
0.0747247 55
0.0742039 55
0.073207 55
0.0765362 55
0.0754481 55
0.0788937 55
0.0781615 55
0.0818669 57
0.0795944 57
0.0772526 57
0.0741641 57
0.0741216 57
0.0732184 57
0.0746318 57
0.0732014 57
0.077252 57
0.0747266 57
0.0773726 57
0.0785875 57
0.0922801 57
0.0834218 55
0.0771881 55
0.0731888 55
0.0743721 55
0.075853 55
0.0776911 55
0.0764035 55
0.0741156 55
0.0759865 55
0.0757801 55
0.0759743 55
0.0793585 55
0.0801022 55
0.0818634 55
0.0795638 55
0.076173 55
0.0753373 55
0.0771114 55
0.0764165 55
0.0776219 55
0.0775648 55
0.074978 55
0.0779086 55
0.0803654 55
0.079934 55
0.0796773 55
0.0803259 55
0.0786717 55
0.0767424 55
0.0744811 55
0.0737005 55
0.078835 55
0.0777923 55
0.0749684 55
0.0739157 55
0.077121 55
0.0791414 55
0.0830154 55
0.0835709 55
0.0842809 55
0.0801492 55
0.0795524 55
0.0765978 55
0.0736313 55
0.07469 55
0.076683 55
0.0754655 55
0.0739905 55
0.0761676 55
0.0822859 55
0.0815764 55
0.0832461 55
0.0822831 55
0.0758957 55
0.0768257 55
0.0741855 55
0.0743673 55
0.0768795 55
0.0747505 55
0.0738369 55
0.0766395 55
0.0769846 55
0.0797157 55
0.0797621 55
0.0795969 55
0.0794774 56
0.0752115 56
0.0771016 56
0.0756219 56
0.0746912 56
0.0800745 56
0.0750015 56
0.076199 56
0.0738501 56
0.0803505 56
0.0801783 56
0.0843554 56
0.0833897 56
0.0788155 55
0.0780051 55
0.0750023 55
0.0755244 55
0.0745718 55
0.0742722 55
0.0785721 55
0.0785831 55
0.077569 55
0.0781312 55
0.0794322 55
0.083097 55
0.0823051 55
0.0787824 55
0.0753142 55
0.075554 55
0.0764227 55
0.0748622 55
0.0747584 55
0.0774347 55
0.0747838 55
0.0758877 55
0.0765421 55
0.0879881 55
0.082149 55
0.0805522 55
0.0786171 55
0.0747955 55
0.0756827 55
0.0754446 55
0.0747206 55
0.0817433 55
0.078662 55
0.0773301 55
0.0773997 55
0.0789769 55
0.0805006 55
0.080385 55
0.0801468 55
0.0766085 55
0.0746582 55
0.0762732 55
0.0747258 55
0.0756102 55
0.0766804 55
0.0760768 55
0.0754298 55
0.0757577 55
0.0859201 55
0.0834022 55
0.0854451 55
0.0803236 55
0.076136 55
0.0745817 55
0.0767365 55
0.074889 55
0.0752268 55
0.080285 55
0.0806729 55
0.0783004 55
0.0792246 55
0.0799143 55
0.08076 55
0.0805103 55
0.0805115 55
0.0749746 55
0.074681 55
0.0779902 55
0.0753594 55
0.0752644 55
0.0747634 55
0.0769435 55
0.0792503 55
0.0803104 55
0.0804673 55
0.0827574 55
0.0922328 55
0.0853635 55
0.0773085 54
0.0762477 54
0.0788694 54
0.077788 54
0.0813402 54
0.0796555 54
0.0791297 54
0.0775969 54
0.0813098 54
0.0821406 54
0.0821191 54
0.0818058 54
0.0769917 54
0.076636 54
0.0787505 54
0.0785865 54
0.0765735 54
0.0762298 54
0.0768497 54
0.0790682 54
0.0824558 54
0.0861967 54
0.0817728 54
0.0822642 54
0.0801516 54
0.076561 53
0.07885 53
0.0807283 53
0.0796959 53
0.0784095 53
0.0802767 53
0.0783341 53
0.0780198 53
0.0839181 53
0.0824727 53
0.0819072 53
0.0878348 53
0.0833305 53
0.082806 53
0.0810435 53
0.0785156 53
0.0792459 53
0.0782152 53
0.0772523 53
0.0781952 53
0.0792791 53
0.0823985 53
0.0826697 53
0.0819346 53
0.0800537 53
0.0768133 53
0.0764317 54
0.0789879 54
0.0781149 54
0.0766411 54
0.0771085 54
0.0765675 54
0.081987 54
0.0847956 54
0.0827681 54
0.0827261 54
0.0825799 54
0.0767269 54
0.0772135 53
0.0800834 53
0.080494 53
0.0796114 53
0.0785884 53
0.0763046 53
0.0769172 53
0.0788788 53
0.0828678 53
0.0823911 53
0.0825446 53
0.0822282 53
0.0765402 53
0.0774336 54
0.0819008 54
0.0821859 54
0.0792722 54
0.0805193 54
0.0798678 54
0.0792327 54
0.0866487 54
0.0868124 54
0.0841363 54
0.0807948 54
0.0776735 54
0.0768086 54
0.0781973 53
0.0794877 53
0.0787576 53
0.0772691 53
0.0776677 53
0.0805793 53
0.0830803 53
0.0828945 53
0.0829115 53
0.0832316 53
0.0813116 53
0.0772976 53
0.0774601 54
0.0769664 54
0.0775911 54
0.0788445 54
0.0788148 54
0.0774954 54
0.0788343 54
0.0850163 54
0.0836248 54
0.0850526 54
0.0854442 54
0.0789336 54
0.0854968 54
0.083527 53
0.0776649 53
0.0824304 53
0.0801276 53
0.0774636 53
0.0804297 53
0.0840576 53
0.0836255 53
0.083767 53
0.0837745 53
0.0776099 53
0.0834503 53
0.0778461 53
0.0775715 53
0.0776911 53
0.0802021 53
0.0806956 53
0.0790393 53
0.0820488 53
0.0851574 53
0.0872509 53
0.0833259 53
0.0806207 53
0.0779087 53
0.0776568 53
0.0800021 53
0.0800328 53
0.0802757 53
0.0787958 53
0.0780524 53
0.0789272 53
0.0832333 53
0.0858297 53
0.0864991 53
0.0846184 53
0.0773586 53
0.0805802 53
0.079396 53
0.0793477 53
0.0788124 53
0.0778723 53
0.0773818 53
0.0790424 53
0.0813094 53
0.0830667 53
0.0836054 53
0.0834759 53
0.0802947 53
0.077394 53
0.0781138 53
0.0777416 54
0.0790152 54
0.0815419 54
0.0817623 54
0.081433 54
0.083835 54
0.0860921 54
0.0835064 54
0.0841174 54
0.0809198 54
0.0786221 54
0.0812818 54
0.0805424 54
0.0775575 52
0.0813185 52
0.0801309 52
0.0781317 52
0.0824546 52
0.0854711 52
0.084637 52
0.084007 52
0.0833676 52
0.0797382 52
0.0796607 52
0.0784307 52
0.0783609 53
0.0784057 53
0.07758 53
0.0799151 53
0.0827117 53
0.0862898 53
0.0856771 53
0.0839591 53
0.0840199 53
0.0805815 53
0.0793553 53
0.0791252 53
0.0781281 53
0.0776036 53
0.0782581 53
0.0783976 53
0.0800646 53
0.0845326 53
0.083822 53
0.0842444 53
0.0844835 53
0.0826053 53
0.0787082 53
0.0786121 53
0.0782921 53
0.0779798 53
0.0785853 53
0.0814682 53
0.0814935 53
0.0818975 53
0.0843455 53
0.0846773 53
0.083941 53
0.0839524 53
0.0781352 53
0.0777957 53
0.0786163 53
0.0784773 53
0.082041 53
0.0804394 53
0.0787705 53
0.0813672 53
0.0853569 53
0.0840504 53
0.0835869 53
0.0843023 53
0.0797001 53
0.0789225 53
0.0784883 53
0.0781427 53
0.0782888 52
0.0808593 52
0.0809527 52
0.0805836 52
0.0856575 52
0.0841636 52
0.0843448 52
0.0868685 52
0.0841776 52
0.0830838 52
0.0832494 52
0.0788139 52
0.0799743 52
0.0820995 52
0.0824113 52
0.0828555 52
0.0815651 52
0.0858667 52
0.0844638 52
0.0848773 52
0.0817133 52
0.0788262 52
0.0788619 52
0.0787895 52
0.0782076 52
0.0786227 53
0.0794593 53
0.0816129 53
0.0853339 53
0.0853027 53
0.0854694 53
0.0857809 53
0.0854918 53
0.0819087 53
0.0808796 53
0.0813283 53
0.0852709 53
0.0798786 50
0.0816419 50
0.0789437 50
0.0792349 50
0.0875456 50
0.0847567 50
0.0847624 50
0.0845057 50
0.0814776 50
0.0797075 50
0.0802427 50
0.0796144 50
0.0794581 53
0.0790199 53
0.0783061 53
0.0856612 53
0.0887544 53
0.0887547 53
0.0874097 53
0.0850157 53
0.0799275 53
0.0795203 53
0.0793294 53
0.0785244 53
0.0790749 53
0.0793819 53
0.0789226 53
0.0802862 53
0.0874469 53
0.0857557 53
0.0855859 53
0.0878896 53
0.0810408 53
0.0789756 53
0.08122 53
0.081053 53
0.0815947 53
0.0815287 51
0.0812226 51
0.0892594 51
0.0848258 51
0.0847958 51
0.0874884 51
0.0863823 51
0.0798162 51
0.0790701 51
0.0791339 51
0.0792527 51
0.0825092 51
0.0805585 52
0.0825076 52
0.079701 52
0.0881986 52
0.0864061 52
0.0859476 52
0.0872413 52
0.0812489 52
0.0790289 52
0.0817273 52
0.0805663 52
0.0812232 52
0.0818925 51
0.0854056 51
0.0793504 51
0.0822611 51
0.0881848 51
0.085981 51
0.0904294 51
0.0839039 51
0.0792256 51
0.0797125 51
0.0795485 51
0.0826833 51
0.0822043 51
0.0790192 52
0.079701 52
0.0826879 52
0.087758 52
0.087089 52
0.0868536 52
0.0879692 52
0.0819829 52
0.0794857 52
0.0793371 52
0.0789207 52
0.0796108 52
0.0792946 51
0.0826897 51
0.0816628 51
0.0855528 51
0.0852899 51
0.0854359 51
0.0851404 51
0.0831168 51
0.0822331 51
0.0813655 51
0.0807867 51
0.0814977 51
0.0803972 52
0.0814144 52
0.0863647 52
0.0908235 52
0.0878532 52
0.0885541 52
0.0824488 52
0.0795509 52
0.0800157 52
0.0796981 52
0.0824618 52
0.0819797 52
0.0799698 51
0.0828821 51
0.0832049 51
0.0865169 51
0.0915196 51
0.0868636 51
0.0837145 51
0.0809331 51
0.0809941 51
0.0809657 51
0.0803663 51
0.0801757 51
0.0799152 51
0.0793594 52
0.0817073 52
0.0857483 52
0.0863684 52
0.0887898 52
0.0854792 52
0.0794032 52
0.0798723 52
0.0792395 52
0.0799678 52
0.0801005 52
0.0801132 52
0.0791409 52
0.0811646 52
0.0856346 52
0.0911091 52
0.0912373 52
0.0865324 52
0.0799083 52
0.0801977 52
0.0802186 52
0.0800311 52
0.0831509 52
0.0824095 52
0.0800604 52
0.0808449 52
0.0886316 52
0.0902059 52
0.0864637 52
0.0851603 52
0.086201 52
0.0821577 52
0.0802391 52
0.0821322 52
0.0806172 52
0.0840778 52
0.0801505 51
0.0817184 51
0.0858928 51
0.0866365 51
0.0870137 51
0.089979 51
0.0819032 51
0.0826637 51
0.0800749 51
0.0805021 51
0.0816702 51
0.0799472 51
0.0803654 51
0.0816776 51
0.0860516 51
0.0865501 51
0.0919727 51
0.0888252 51
0.0876653 51
0.0801298 51
0.081564 51
0.080786 51
0.0799929 51
0.0816004 51
0.0812332 51
0.0827923 51
0.0864974 51
0.0887409 51
0.0905039 51
0.0835113 51
0.0803319 51
0.0805314 51
0.0804896 51
0.0806318 51
0.0802445 51
0.0806163 51
0.0804157 51
0.0819653 52
0.0886305 52
0.0883251 52
0.090338 52
0.0855854 52
0.0809182 52
0.0805975 52
0.0803781 52
0.0799833 52
0.084437 52
0.0829779 52
0.0815038 52
0.0834225 51
0.0878926 51
0.0862348 51
0.0867877 51
0.0879614 51
0.0842463 51
0.080779 51
0.0804653 51
0.0806446 51
0.0805009 51
0.0808878 51
0.0800125 51
0.0826671 51
0.0864245 51
0.0938381 51
0.0921822 51
0.0831163 51
0.0807087 51
0.0810745 51
0.0825808 51
0.0816212 51
0.08158 51
0.0814251 51
0.0820771 51
0.0849362 51
0.0919063 51
0.0868381 51
0.0918327 51
0.0852503 51
0.0808853 51
0.0811311 51
0.0808135 51
0.0813701 51
0.0809283 51
0.0800081 51
0.081031 51
0.0840974 51
0.0895341 51
0.0929915 51
0.0875196 51
0.0838259 51
0.0841404 51
0.0814896 51
0.0830599 51
0.0807289 51
0.0847093 51
0.080986 51
0.0808812 51
0.0848732 51
0.0873751 51
0.088435 51
0.0876122 51
0.0850065 51
0.0836656 51
0.0829363 51
0.0849201 51
0.0810734 51
0.0845809 51
0.0832671 51
0.0820011 51
0.0852662 50
0.0868396 50
0.0895374 50
0.0900331 50
0.0844537 50
0.0834893 50
0.092298 50
0.0843557 50
0.082315 50
0.0828548 50
0.0828365 50
0.0858877 50
0.0870013 50
0.0868237 50
0.0928372 50
0.0886132 50
0.0836032 50
0.082546 50
0.0830536 50
0.0829396 50
0.0861309 50
0.0812153 50
0.0814045 50
0.0840613 50
0.0869958 51
0.0876551 51
0.089763 51
0.0843738 51
0.0818722 51
0.0813527 51
0.085233 51
0.0848752 51
0.0849771 51
0.0814414 51
0.0817831 51
0.0850235 51
0.0874632 51
0.0880751 51
0.0896696 51
0.0835475 51
0.0815493 51
0.0814454 51
0.0814628 51
0.0810922 51
0.081682 51
0.081075 51
0.0813792 51
0.0856157 51
0.0892149 51
0.0870051 51
0.0909814 51
0.0858932 51
0.0815588 51
0.0814249 51
0.0814322 51
0.0813922 51
0.0847748 51
0.0838334 51
0.0832737 51
0.0867416 51
0.0908453 51
0.0911429 51
0.0925319 51
0.0819922 51
0.0815689 51
0.0811034 51
0.0824745 51
0.0816696 51
0.0864693 51
0.0895866 51
0.0837191 51
0.0902112 51
0.0912641 50
0.0917745 50
0.0901127 50
0.0819666 50
0.0814809 50
0.0836417 50
0.081933 50
0.0822543 50
0.0819532 50
0.0820253 50
0.0846588 50
0.0893535 50
0.088015 50
0.0901568 50
0.0904813 50
0.0849189 50
0.0817447 50
0.0817046 50
0.0817468 50
0.0817437 50
0.0826988 50
0.0846481 50
0.0886742 50
0.0908956 50
0.0912334 50
0.0940965 50
0.0911525 50
0.0824008 50
0.0819184 50
