=============
GeForce GTX 1660 Ti with Max-Q Design (Deferred worst case) (Deferred)
1920, 1080
Viewport maximized: true
Window fullscreen: true
Position: -70.8, 5, 21.2
Rotation: -0.0270873, -0.596798, -0.0201647, 0.801681
Seed: 1589838248
Room count: 21
Light count: 9
Sun Jan 16 16:54:45 2022
0.0916499 96
0.0930617 96
0.0931271 96
0.0919376 96
0.0919686 96
0.0918472 100
0.0914084 100
0.0915118 100
0.0915166 100
0.091966 100
0.0916627 100
0.0925329 100
0.0925781 100
0.0916647 100
0.092056 100
0.0917468 100
0.0917771 99
0.0924231 99
0.0911694 99
0.0915088 99
0.0918929 99
0.0916132 99
0.0915564 99
0.0921415 99
0.0923114 99
0.0917497 99
0.0919004 99
0.0914766 100
0.0920998 100
0.0915223 100
0.0912529 100
0.0915923 100
0.0916406 100
0.0921388 100
0.0918185 100
0.0920201 100
0.0918457 100
0.0919484 100
0.0917229 100
0.0916414 100
0.0916809 100
0.0916449 100
0.0917512 100
0.0918864 100
0.092228 100
0.0918436 100
0.092029 100
0.0918771 100
0.0918277 100
0.0917866 100
0.0921942 100
0.0913516 100
0.0917934 100
0.0917822 100
0.0918856 100
0.0920989 100
0.0916491 100
0.0917697 100
0.091814 100
0.0918064 100
0.0924865 100
0.091714 100
0.091875 100
0.0916916 100
0.0918624 100
0.0917738 100
0.0917108 100
0.092046 100
0.0921006 100
0.0919898 100
0.0922379 100
0.0913575 99
0.0917444 99
0.0918139 99
0.0918273 99
0.0919282 99
0.092026 99
0.0920628 99
0.0917667 99
0.0918465 99
0.0921915 99
0.0918101 99
0.0915437 100
0.0919423 100
0.092034 100
0.0917252 100
0.0921214 100
0.0917899 100
0.0916406 100
0.0921799 100
0.0919664 100
0.0918138 100
0.0917477 100
0.0917325 99
0.0922143 99
0.0915356 99
0.0918696 99
0.0915874 99
0.0919769 99
0.0918662 99
0.0923833 99
0.0916458 99
0.0923407 99
0.091262 99
0.0919384 100
0.0923712 100
0.0915563 100
0.0920914 100
0.091846 100
0.091739 100
0.0922611 100
0.0918354 100
0.0921606 100
0.0918713 100
0.0917508 100
0.0919679 99
0.0925669 99
0.0917271 99
0.0920332 99
0.0917169 99
0.0918182 99
0.0918284 99
0.0917161 99
0.0917556 99
0.0918248 99
0.0916868 99
0.0921814 100
0.0921521 100
0.0920645 100
0.0922422 100
0.0914778 100
0.092053 100
0.0916542 100
0.0918086 100
0.0918385 100
0.092156 100
0.0915406 100
0.0921482 100
0.0919103 100
0.0918832 100
0.0918933 100
0.0921085 100
0.0916422 100
0.091991 100
0.0920369 100
0.0917097 100
0.0918166 100
0.0919753 100
0.092004 99
0.0913878 99
0.091821 99
0.092277 99
0.091446 99
0.0917958 99
0.0921269 99
0.0919419 99
0.0919111 99
0.0917916 99
0.092131 99
0.0916977 100
0.0919733 100
0.0919499 100
0.0917438 100
0.0918675 100
0.0922714 100
0.0922876 100
0.0915136 100
0.0917237 100
0.0917871 100
0.0918467 100
0.0921853 100
0.0921962 100
0.0920643 100
0.0916934 100
0.0920592 100
0.0918673 100
0.0919397 100
0.0919476 100
0.0920122 100
0.0921932 100
0.0921742 100
0.0914966 99
0.0919091 99
0.0918309 99
0.0916999 99
0.0924724 99
0.0912756 99
0.0924834 99
0.0919338 99
0.0919375 99
0.09175 99
0.0919792 99
0.0919972 100
0.0918098 100
0.091888 100
0.0918123 100
0.0920998 100
0.091561 100
0.0918083 100
0.0917984 100
0.0919084 100
0.0922102 100
0.0916975 100
0.0925573 100
0.0918165 100
0.0915354 100
0.0923058 100
0.0913564 100
0.091857 100
0.0920669 100
0.0918356 100
0.0916096 100
0.0919484 100
0.0924522 100
0.0915706 100
0.0918552 100
0.0918757 100
0.0920718 100
0.0917898 100
0.0919656 100
0.0921542 100
0.0922584 100
0.0923085 100
0.0917593 100
0.091719 100
0.0918932 100
0.0916125 100
0.0918805 100
0.091713 100
0.0919875 100
0.0918367 100
0.0918965 100
0.0925332 100
0.0921709 100
0.091963 100
0.092032 100
0.0925243 99
0.0914426 99
0.0918139 99
0.0919953 99
0.0917288 99
0.0917794 99
0.0920127 99
0.0917341 99
0.0918313 99
=============
GeForce GTX 1660 Ti with Max-Q Design (Deferred worst case) (Forward)
1920, 1080
Viewport maximized: true
Window fullscreen: true
Position: -70.8, 5, 21.2
Rotation: -0.0270873, -0.596798, -0.0201647, 0.801681
Seed: 1589838248
Room count: 21
Light count: 9
Sun Jan 16 16:58:28 2022
0.0920262 97
0.0916322 97
0.0918012 97
0.0922257 97
0.0912819 97
0.0916 97
0.0916615 97
0.0918474 97
0.092407 97
0.0920191 100
0.0922192 100
0.0922675 100
0.0918028 100
0.0917038 100
0.0918934 100
0.0915793 100
0.0920196 100
0.0929293 100
0.0931911 100
0.0915852 100
0.0925969 99
0.0919577 99
0.0916798 99
0.0921911 99
0.0912877 99
0.0921668 99
0.0921918 99
0.0924145 99
0.091218 99
0.0929819 99
0.0920773 99
0.0916544 100
0.091757 100
0.0919821 100
0.0921298 100
0.0912601 100
0.0930927 100
0.0920374 100
0.091807 100
0.0924433 100
0.0915894 100
0.0923687 99
0.0923029 99
0.0914792 99
0.0920718 99
0.0917636 99
0.0919997 99
0.0921829 99
0.0930179 99
0.0911701 99
0.091883 99
0.0924403 99
0.0920506 100
0.0922601 100
0.0920146 100
0.091537 100
0.0928556 100
0.0913574 100
0.0917656 100
0.09167 100
0.0917915 100
0.0920224 100
0.0940901 100
0.0917427 99
0.092178 99
0.0919035 99
0.0915011 99
0.0916584 99
0.0918494 99
0.0924359 99
0.0918718 99
0.0912499 99
0.0920398 99
0.0918214 99
0.0921605 100
0.0918657 100
0.0918282 100
0.0930474 100
0.0928852 100
0.0916171 100
0.0916663 100
0.0918068 100
0.0919794 100
0.0919568 100
0.0925475 100
0.0926846 99
0.0918732 99
0.0919664 99
0.0917918 99
0.0922018 99
0.0916634 99
0.0917767 99
0.0918378 99
0.0928951 99
0.0918487 99
0.092352 99
0.0923821 100
0.0933628 100
0.0925753 100
0.0919588 100
0.0918523 100
0.0919722 100
0.0920685 100
0.0920019 100
0.0915314 100
0.092047 100
0.0917351 100
0.0921952 100
0.0916289 100
0.0913054 100
0.0920153 100
0.0924013 100
0.0917774 100
0.0915542 100
0.0917381 100
0.0924689 100
0.092062 100
0.0920584 100
0.0921483 100
0.0918404 100
0.0917144 100
0.0924896 100
0.0921527 100
0.0921081 100
0.0918047 100
0.0924672 100
0.091642 100
0.0921763 100
0.0936494 100
0.09168 99
0.0918206 99
0.091826 99
0.091715 99
0.0920496 99
0.0924386 99
0.0916665 99
0.0917358 99
0.0919385 99
0.092132 99
0.0923306 99
0.0924686 99
0.0919411 99
0.0930201 99
0.0914525 99
0.0917284 99
0.0915232 99
0.0920242 99
0.0913991 99
0.092018 99
0.0919104 99
0.0919572 99
0.0925419 100
0.0935191 100
0.091616 100
0.0920537 100
0.0917209 100
0.0926618 100
0.0915752 100
0.0916618 100
0.092019 100
0.0916497 100
0.0917096 100
0.0917975 100
0.0925959 100
0.0918086 100
0.092062 100
0.0920571 100
0.0923403 100
0.09161 100
0.0916713 100
0.0922377 100
0.0915643 100
0.0921499 100
0.0918007 100
0.0913217 100
0.091799 100
0.0918749 100
0.0918596 100
0.0923518 100
0.0919475 100
0.0920959 100
0.091532 100
0.0922316 100
0.0919226 100
0.0921269 100
0.0917694 100
0.0919343 100
0.0914593 100
0.0922022 100
0.0923375 100
0.0919008 100
0.0922566 100
0.0917545 100
0.0918038 100
0.0918697 100
0.0919886 100
0.0921232 100
0.0918953 100
0.0922471 100
0.0923496 100
0.0918468 100
0.0919519 100
0.0919415 100
0.092255 100
0.0923403 100
0.091544 100
0.0919027 99
0.0922951 99
0.0918699 99
0.0917843 99
0.092056 99
0.0919072 99
0.0918404 99
0.0917533 99
0.0920852 99
0.0919232 99
0.0921295 99
0.0918829 99
0.0914778 99
0.0931483 99
0.0919032 99
0.0923596 99
0.0924086 99
0.0913856 99
0.0920122 99
0.0924756 99
0.0920069 99
0.0918206 99
0.0918742 100
0.0917514 100
0.0921834 100
0.0916639 100
0.0918056 100
0.0922253 100
0.0919116 100
0.0920687 100
0.0925774 100
0.0911674 100
0.0919197 100
0.0918245 100
0.0920368 100
0.0932193 100
0.0924369 100
0.0918936 100
0.0919383 100
0.091796 100
0.0924743 100
0.0914128 100
0.0919428 100
0.0926489 100
0.0913919 100
0.0922439 100
0.091892 100
0.0917595 100
0.0923613 100
0.0920002 100
0.0919826 100
0.0921415 100
0.0922512 100
0.0917164 100
0.0921841 99
0.091976 99
0.0925224 99
0.0918923 99
0.0917936 99
0.0927015 99
0.0921796 99
0.091859 99
0.0936817 99
0.0918458 99
0.0917322 99
0.0920455 99
0.0922442 99
0.0920075 99
0.0924273 99
0.0924115 99
0.0915903 99
0.0920974 99
0.091819 99
0.0922815 99
0.0920932 99
0.0918142 99
0.09272 99
0.0917865 99
0.0925613 99
0.0918559 99
0.0924497 99
0.0926507 99
0.0920727 99
0.0918926 99
0.0920793 99
0.0916811 99
0.0928491 99
0.0919585 100
0.0918949 100
0.0925169 100
0.092585 100
0.092143 100
0.0922751 100
0.0919057 100
0.0923053 100
0.0917595 100
0.092283 100
0.092198 100
0.0926805 99
0.0924291 99
0.0918648 99
0.0920743 99
0.0926829 99
0.0923593 99
0.0919223 99
0.0921092 99
0.0924799 99
0.0919985 99
0.0920042 99
0.0916513 100
0.0924598 100
0.0921921 100
0.0920777 100
0.0919288 100
0.0920868 100
0.0920835 100
0.0919561 100
0.0922711 100
0.0920863 100
0.0918505 100
0.0924049 100
0.0918469 100
0.0919357 100
0.0924441 100
0.0920823 100
0.0919943 100
0.092024 100
0.0917161 100
0.0923033 100
0.0918496 100
0.091847 100
0.0916586 100
0.0930012 100
0.0915534 100
0.0923995 100
0.0920424 100
0.092453 100
0.0918947 100
0.0917543 100
0.0922911 100
0.0920855 100
0.0918251 100
0.0916679 100
0.0919131 100
0.092188 100
0.0933464 100
0.0928496 100
0.0917819 100
0.0917888 100
0.0923055 100
0.092089 100
0.0922421 100
0.0930507 100
0.0918183 99
0.0918716 99
0.092328 99
0.0921113 99
0.0924129 99
0.091967 99
0.091767 99
0.0925053 99
0.0917443 99
0.0920624 99
0.0922431 99
0.0918092 99
0.0925912 99
0.0917599 99
0.0926436 99
0.0919645 99
0.0920349 99
0.0919475 99
0.0925251 99
0.0918605 99
0.0919536 99
0.0917512 99
0.0921054 100
0.0923963 100
0.0921063 100
0.0919123 100
0.0918459 100
0.0920443 100
0.0921659 100
0.0924184 100
0.0917748 100
0.0917348 100
0.0921188 100
0.092012 100
0.0929151 100
0.0917958 100
0.0914752 100
0.0921815 100
0.0916333 100
0.0921123 100
0.0918186 100
0.0927135 100
0.0915247 100
0.0919538 100
0.0923032 99
0.0916054 99
0.0919292 99
0.0931761 99
0.091846 99
0.0924269 99
0.0921594 99
0.0919685 99
0.0927726 99
0.0918715 99
0.0922794 99
0.0926635 100
0.0925065 100
0.0922076 100
0.091784 100
0.0919776 100
0.0928643 100
0.0925326 100
0.0917633 100
0.0922476 100
0.0927532 100
0.0923646 100
0.0919978 100
0.0918111 100
0.0917111 100
0.0919719 100
0.0921194 100
0.091695 100
0.0923497 100
0.0918301 100
0.0923398 100
0.0924465 100
0.0914758 100
0.0921878 100
0.0917469 100
0.0921722 100
0.0916689 100
0.0916987 100
0.092377 100
0.0923665 100
0.092306 100
0.091973 100
0.0926163 100
0.0913857 100
0.0918186 100
0.0920931 100
0.0918163 100
0.0920922 100
0.0920982 100
0.0927408 100
0.093382 100
0.0920307 100
0.091845 100
0.0923628 100
0.0916866 100
0.092079 100
0.0917413 100
0.0922218 100
0.0922371 100
0.0919689 100
0.0924477 100
0.0922826 100
0.0924578 100
0.0923373 100
0.0922782 100
0.0917367 99
0.0921417 99
0.0928607 99
0.0918203 99
0.0919509 99
0.0919058 99
0.0919575 99
0.0921072 99
0.092006 99
0.0925348 99
0.0920963 99
0.0920043 99
0.0918879 99
0.0919728 99
0.0920989 99
0.0918829 99
0.0937698 99
0.0917386 99
0.0918208 99
0.0927491 99
0.091939 99
0.0917253 99
0.0922621 100
0.0925954 100
0.0928136 100
0.0921575 100
0.0923869 100
0.0921865 100
0.0920478 100
0.0915512 100
0.0919313 100
0.0917424 100
0.0926961 100
0.0926571 100
0.0916704 100
0.0924039 100
0.0922197 100
0.0918224 100
0.0921805 100
0.0920081 100
0.0937223 100
0.092015 100
0.0922845 100
0.0926732 100
0.0920083 99
0.0918731 99
0.0921117 99
0.0919962 99
0.0918465 99
0.0926266 99
0.0929503 99
0.0914706 99
0.092484 99
0.0920436 99
0.0930601 99
0.0923125 100
0.0913598 100
0.09247 100
0.0926382 100
0.0916239 100
0.0921156 100
0.0919091 100
0.0919509 100
0.092247 100
0.0920331 100
0.0920864 100
0.0919415 100
0.0924259 100
0.0918745 100
0.0924851 100
0.0921957 100
0.0927833 100
0.0918168 100
0.0920213 100
0.0923545 100
0.0920317 100
0.0918044 100
0.0924827 100
0.0917652 100
0.0920385 100
0.0921907 100
0.0937793 100
0.0918204 100
0.0921825 100
0.0920035 100
0.0922194 100
0.0924519 100
0.0920057 100
0.0921245 99
0.0923522 99
0.0918506 99
0.0923258 99
0.0925781 99
0.0927294 99
0.0924817 99
0.0919958 99
0.0914534 99
0.0923938 99
0.0925488 99
0.0916797 100
0.0918021 100
0.0921404 100
0.0918712 100
0.0920152 100
0.0922043 100
0.0929998 100
0.0920638 100
0.0919832 100
0.0925785 100
0.0923038 100
0.0919522 100
0.0923847 100
0.0922007 100
0.0914289 100
0.0920011 100
0.0920161 100
0.0922537 100
0.092218 100
0.0920906 100
0.0926546 100
0.0921923 100
0.0920252 100
0.0918724 100
0.0921784 100
0.0921464 100
0.0923894 100
0.0920026 100
0.0918083 100
0.0922306 100
0.0922868 100
0.0921468 100
0.0917875 100
0.0930999 100
0.0920757 100
0.0918689 100
0.0918328 100
0.0921783 100
0.0917213 100
0.0919302 100
0.0920945 100
0.0919383 100
0.0921502 100
0.0919858 100
0.0930199 100
0.0925938 100
0.092044 100
0.0922613 100
0.0925527 100
0.0916628 100
0.0920458 100
0.0926728 100
0.0915817 100
0.0924998 100
0.0921321 100
0.091799 100
0.0918653 100
0.0921877 100
0.0919498 100
0.0926197 100
0.0924424 100
0.091694 100
0.0924252 100
0.0917947 100
0.0921982 100
0.0918323 100
0.0919264 100
0.093053 100
0.0919924 100
0.0918982 100
0.0928545 100
0.092007 100
0.0920301 100
0.0921796 100
0.0919468 100
0.0917863 100
0.0923814 100
0.0914693 100
0.0918893 100
0.0917686 100
0.0922023 100
0.0919337 100
0.0920003 100
0.0919086 100
0.0926257 100
0.09217 100
0.0922832 100
0.0926482 100
0.0921962 100
0.091976 100
0.0919575 100
0.091995 100
0.0930224 100
0.0927421 100
0.0919682 100
0.0920104 100
0.0917521 100
0.092452 100
0.0918203 100
0.0922878 100
0.0918335 100
0.0927564 100
0.0919961 100
0.0923294 100
0.0922753 100
0.0924957 100
0.0920504 100
0.0922808 100
0.0917214 100
0.0919315 100
0.0920109 100
0.092788 100
0.0921484 100
0.0924101 100
0.0924868 100
0.0922077 100
0.0914282 100
0.0922967 100
0.0922084 100
0.0925618 100
0.0923097 99
0.0922048 99
0.0923588 99
0.0918266 99
0.0923659 99
0.0927634 99
0.0919593 99
0.0922221 99
0.0919882 99
0.0920968 99
0.0920409 99
0.0922406 100
0.0917688 100
0.0918017 100
0.0921256 100
0.0928562 100
0.0923999 100
0.0924263 100
0.0919459 100
0.0924602 100
0.0917706 100
0.0919677 100
0.0919111 100
0.0920535 100
0.0920898 100
0.0930286 100
0.0918596 100
0.0920722 100
0.0924163 100
0.0920995 100
0.0921738 100
0.0919682 100
0.0924352 100
0.0930922 100
0.0921943 100
0.0921256 100
0.0921916 100
0.0918353 100
0.0922375 100
0.092038 100
0.0921262 100
0.0920516 100
0.0929614 100
0.0918738 100
0.0925633 99
0.0917823 99
0.0920548 99
0.0931435 99
0.0919519 99
0.0924508 99
0.0925238 99
0.0924004 99
0.0923421 99
0.0923443 99
0.0923692 100
0.0918555 100
0.0920316 100
0.0928459 100
0.0921335 100
0.0927169 100
0.092207 100
0.092115 100
0.0919471 100
0.0920648 100
0.0928701 100
0.0919487 100
0.0916811 100
0.0921641 100
0.0924124 100
0.0923093 100
0.092352 100
0.0921029 100
0.0919412 100
0.0920289 100
0.0920032 100
0.0920566 100
0.092345 100
0.0938009 100
0.0916227 100
0.0923247 100
0.0921511 100
0.0925102 100
0.0917841 100
0.0920324 100
0.0919838 100
0.0923247 100
0.0918869 100
0.0924891 99
0.0917214 99
0.0923431 99
0.0920646 99
0.0921983 99
0.0924589 99
0.0940305 99
0.0921386 99
0.0925966 99
0.0918896 99
0.0925328 99
0.092085 100
0.0919184 100
0.0925448 100
0.0919715 100
0.0921269 100
0.0924213 100
0.0921455 100
0.092152 100
0.0920052 100
0.0930339 100
0.0926951 100
0.0920374 100
0.0921943 100
0.092756 100
0.0917964 100
0.092055 100
0.0920424 100
0.0924195 100
0.0926281 100
0.0921044 100
0.0923937 100
0.0920001 100
0.0923141 100
0.0920567 100
0.0919 100
0.0928422 100
0.0921711 100
0.092182 100
0.0925313 100
0.0919204 100
0.0926601 100
0.0925093 100
0.091867 100
0.0924165 100
0.0916662 100
0.0923046 100
0.092039 100
0.0921682 100
0.0922031 100
0.0921068 100
0.0920167 100
0.0923741 100
0.0918566 100
0.0921622 100
0.0920244 100
0.0917294 100
0.0919844 100
0.0919727 100
0.092087 100
0.091984 100
0.0925557 100
0.0920942 100
0.0925077 100
0.0918667 100
0.0921435 100
0.0939982 100
0.0921276 100
0.0930741 100
0.0919207 100
0.092411 100
0.0925429 100
0.0916963 100
0.0921542 100
0.0933196 100
0.0920869 100
0.0921691 100
0.0924331 99
0.092086 99
0.0919215 99
0.0917985 99
0.0925243 99
0.0920662 99
0.0927825 99
0.0922568 99
0.092173 99
0.092081 99
0.0922402 99
0.0920009 99
0.0924531 99
0.0918357 99
0.0929778 99
0.0925445 99
0.092417 99
0.0920235 99
0.0931967 99
0.0916966 99
0.0917993 99
0.092029 99
0.0919872 100
0.0920533 100
0.092423 100
0.0920803 100
0.0922023 100
0.0923031 100
0.0922243 100
0.0923182 100
0.0919439 100
0.0923832 100
0.0923538 99
0.0919902 99
0.0924127 99
0.0924499 99
0.0919476 99
0.0925098 99
0.0918792 99
0.0925799 99
0.0917983 99
0.0920902 99
0.0921676 99
0.091896 100
0.0929686 100
0.0920501 100
0.092401 100
0.092359 100
0.0921758 100
0.0921843 100
0.0925152 100
0.0922348 100
0.0929951 100
0.0920619 100
0.0930232 100
0.0920897 100
0.0924057 100
0.0920647 100
0.092955 100
0.0921768 100
0.0926493 100
0.0926489 100
0.0923067 100
0.0921339 100
0.092105 100
0.0927078 99
0.0921476 99
0.0919362 99
0.0921984 99
0.0922932 99
0.0922923 99
0.0923346 99
0.0928516 99
0.0923124 99
0.0918516 99
0.0922532 99
0.0923529 100
0.0922091 100
0.0921578 100
0.092184 100
0.0923241 100
0.0923225 100
0.0922522 100
0.0923111 100
0.0923048 100
0.092233 100
0.0922429 100
0.0922564 100
0.0931152 100
0.091955 100
0.0923821 100
0.0930257 100
0.092144 100
0.0923319 100
0.0925107 100
0.0924864 100
0.092258 100
0.0921451 100
0.0918886 100
0.0923242 100
0.0923117 100
0.0923522 100
0.0925754 100
0.0922762 100
0.0926086 100
0.092313 100
0.0921807 100
0.0922371 100
0.0922825 100
0.0919809 100
0.092009 100
0.092335 100
0.092412 100
0.0924806 100
0.0916545 100
0.0919249 100
0.0924637 100
0.0926242 100
0.0920225 100
0.0921281 100
0.092156 100
0.0917744 100
0.0924517 100
0.0923397 100
0.0920104 100
0.0921891 100
0.0922387 100
0.0919848 100
0.0924848 100
0.0922514 100
0.0921789 100
0.0920559 100
0.0920607 100
0.0923761 100
0.0925806 100
0.0923428 100
0.091986 100
0.0922867 100
0.0926439 100
0.0925074 100
0.0921747 100
0.0923745 100
0.0917705 100
0.0922813 100
0.0922107 100
0.0926144 100
0.0922935 100
0.0923086 100
0.0918037 100
0.092451 100
0.0921448 100
0.0918895 100
0.0921541 100
0.0920618 100
0.0922783 100
0.0921726 100
0.0920803 100
0.0921947 100
0.0922694 100
0.0926146 100
0.0929202 100
0.0925108 100
0.0934277 100
0.0918774 99
0.0914208 99
0.0925717 99
0.0916936 99
0.0923962 99
0.0921233 99
0.0933568 99
0.092012 99
0.092178 99
0.0925665 99
0.0923658 99
0.0923139 100
0.0920599 100
0.0927541 100
0.0922731 100
0.092796 100
0.0919532 100
0.0920361 100
0.0926512 100
0.0917604 100
0.0923026 100
0.0923898 100
0.0920918 100
0.0926329 100
0.0921795 100
0.0920535 100
0.0925399 100
0.0918383 100
0.0925813 100
0.0920475 100
0.0924346 100
0.0921238 100
0.0929685 100
0.0919833 100
0.0920085 100
0.0919484 100
0.092274 100
0.0921565 100
0.0921256 100
0.0923163 100
0.0917674 100
0.0923575 100
0.0936992 100
0.0918837 100
0.0931366 100
0.0920427 100
0.0929895 100
0.0926029 100
0.0921478 100
0.0923217 100
0.0920688 100
0.0920925 100
0.0922407 100
0.0929088 100
0.0922408 100
0.0925362 99
0.0923502 99
0.0925758 99
0.0919327 99
0.0925194 99
0.0921715 99
0.0919787 99
0.0922044 99
0.092811 99
0.0925883 99
0.0922345 99
0.0921537 100
0.0920135 100
0.0926359 100
0.0921214 100
0.0921077 100
0.0923379 100
0.0921359 100
0.092215 100
0.0934671 100
0.0922463 100
0.0930833 100
0.0922711 100
0.0927709 100
0.092111 100
0.0921338 100
0.0920493 100
0.092135 100
0.0921187 100
0.0924011 100
0.0921197 100
0.0929194 100
0.0920557 100
0.0925777 100
0.0923087 100
0.0922515 100
0.0922534 100
0.0922733 100
0.0923313 100
0.0924571 100
0.0922518 100
0.0922755 100
0.0922012 100
0.0924132 100
0.0919676 100
0.0923979 100
0.0921808 100
0.092302 100
0.0919784 100
0.0924764 100
0.092016 100
0.0926556 100
0.0921107 100
0.0921023 100
0.0927124 100
0.0924374 100
0.0922596 100
0.092343 100
0.092457 100
0.092608 100
0.0924066 100
0.0923058 100
0.092187 100
0.0929043 100
0.092246 100
0.0925954 100
0.0925713 99
0.0924226 99
0.0923764 99
0.0922206 99
0.0926256 99
0.0923844 99
0.0929709 99
0.0926072 99
0.092579 99
0.0921976 99
0.0918732 100
0.092796 100
0.0921345 100
0.0921944 100
0.0924073 100
0.0928589 100
0.0924766 100
0.092218 100
0.0925099 100
0.0929518 100
0.0920285 100
0.0923787 100
0.092414 100
0.0925612 100
0.0925546 100
0.092516 100
0.0934176 100
0.0923108 100
0.0920809 100
0.0921574 100
0.0928 100
0.0934643 100
0.0918015 100
0.0920464 100
0.0922511 100
0.092297 100
0.0920705 100
0.092353 100
0.0923787 100
0.0917584 100
0.0924741 100
0.092393 100
0.0921514 100
0.0922089 100
0.0925654 100
0.0919312 100
0.0929545 100
0.0917687 100
0.0920852 100
0.09221 100
0.0920162 100
0.0930316 100
0.0921136 100
0.0938234 100
0.0923596 99
0.092425 99
0.0924735 99
0.0924885 99
0.0918369 99
0.0923318 99
0.0926527 99
0.0925057 99
0.0920568 99
0.0921261 99
0.0922726 99
0.0921229 100
0.0920368 100
0.0929973 100
0.0928305 100
0.0922042 100
0.0919979 100
0.0930538 100
0.09197 100
0.0925352 100
0.0920519 100
0.0921611 100
0.0928531 100
0.0930188 100
0.0917747 100
0.0925945 100
0.0924123 100
0.0924891 100
0.0917927 100
0.0922694 100
0.0923867 100
0.0921177 100
0.0923321 100
0.0924914 100
0.0931099 100
0.0927589 100
0.0922474 100
0.0928072 100
0.0924083 100
0.0932647 100
0.0922304 100
0.0932975 100
0.0917687 100
0.0931604 100
0.0925499 99
0.0920766 99
0.0921464 99
0.0925068 99
0.0922268 99
0.0919722 99
0.0928336 99
0.0920901 99
0.0923016 99
0.0921531 99
0.0921903 99
0.0925702 100
0.0925506 100
0.0923097 100
0.0935076 100
0.0923694 100
0.0922627 100
0.0923009 100
0.0920108 100
0.0927305 100
0.0921968 100
0.0925777 100
0.0919335 100
0.0925426 100
0.0922185 100
0.0927754 100
0.0920542 100
0.093066 100
0.0923162 100
0.0920994 100
0.0926832 100
0.0933256 100
0.0917468 100
0.0921188 100
0.0923922 100
0.0925232 100
0.0924658 100
0.0917475 100
0.0927805 100
0.0924511 100
0.0920424 100
0.0919742 100
0.0925539 100
0.0923321 100
0.0921161 100
0.092303 100
0.0934095 100
0.0942066 100
0.0924487 100
0.0929977 100
0.092228 100
0.0920377 100
0.0921701 100
0.0923092 100
0.0927575 100
0.0918943 100
0.0922537 100
0.0934678 100
0.0917559 100
0.092746 100
0.092269 100
0.0922727 100
0.0921209 100
0.0928344 100
0.0923931 100
0.0925248 100
0.093288 100
0.0929476 100
0.0923423 100
0.0929612 100
0.0917757 100
0.0923007 100
0.0924169 100
0.092399 100
0.0920582 100
0.0925661 100
0.0922769 99
0.0922978 99
0.0922908 99
0.0921513 99
0.0929833 99
0.0923965 99
0.0919137 99
0.0921649 99
0.0922446 99
0.0916559 99
0.0926419 99
0.0919576 100
0.091987 100
0.0923584 100
0.092261 100
0.0922107 100
0.0924419 100
0.0923505 100
0.0921053 100
0.0929598 100
0.0929458 100
0.0923742 100
0.0923219 100
0.0926095 100
0.0924577 100
0.0925243 100
0.0921702 100
0.0922258 100
0.0922428 100
0.0921894 100
0.0924362 100
0.0926874 100
0.0922951 100
0.0923915 100
0.0919556 100
0.0920437 100
0.0922295 100
0.0928786 100
0.0917968 100
0.0929743 100
0.0920454 100
0.0929205 100
0.092392 100
0.0917387 100
0.0922904 100
0.0921439 100
0.0927372 100
0.0922652 100
0.0926545 100
0.0929144 100
0.0916406 100
0.0923262 100
0.0918481 100
0.0927439 100
0.0921072 100
0.0922186 99
0.0932936 99
0.0917978 99
0.0928405 99
0.0921091 99
0.092666 99
0.0925693 99
0.0924923 99
0.0922868 99
0.0918848 99
0.0920469 100
0.0924114 100
0.0920582 100
0.0923534 100
0.0927248 100
0.0924157 100
0.0922459 100
0.0922043 100
0.0922862 100
0.0920569 100
0.09192 100
0.092123 100
0.0926401 100
0.0919619 100
0.0923511 100
0.0927493 100
0.0924283 100
0.0923301 100
0.0920185 100
0.0923557 100
0.0926269 100
0.092204 100
0.0923482 100
0.0927694 100
0.0924022 100
0.0926092 100
0.0926047 100
0.092333 100
0.0922311 100
0.0923224 100
0.0922847 100
0.0920736 100
0.0923068 100
0.0922083 100
0.0923171 100
0.0928319 100
0.093005 100
0.0918754 100
0.0921533 100
0.0922335 100
0.0928163 100
0.0923516 100
0.0922072 100
0.0922552 100
0.092247 100
0.0924863 100
0.0923875 100
0.0922725 100
0.0924398 100
0.0922418 100
0.0926806 100
0.0924358 100
0.0923213 100
0.0918644 100
0.0929559 100
0.0920123 100
0.0927036 100
0.0919925 100
0.0934361 100
0.0929996 100
0.0920495 100
0.0920356 100
0.0923568 100
0.0923946 100
0.0920873 100
0.0920418 100
0.0920925 100
0.0921981 100
0.0923177 100
0.0919988 100
0.0922094 100
0.0921146 100
0.0923935 100
0.0918266 100
0.0923469 100
0.0920927 100
0.0917222 100
0.0920937 100
0.0925206 100
0.0923062 100
0.091965 100
0.0929343 100
0.0920489 100
0.0920751 100
0.0925251 100
0.092293 100
0.0925362 100
0.0924044 100
0.0921391 99
0.0921172 99
0.0929309 99
0.0919994 99
0.0923284 99
0.0923444 99
0.0918331 99
0.0924276 99
0.0922538 99
0.0922329 99
0.0925897 99
0.0920454 100
0.0927032 100
0.0917801 100
0.0920065 100
0.0928383 100
0.0924859 100
0.0923313 100
0.0923218 100
0.092216 100
0.092104 100
0.0926778 100
0.0929041 100
0.0930456 100
0.0923832 100
0.0926253 100
0.0930817 100
0.092361 100
0.0926576 100
0.0933579 100
0.0922958 100
0.092987 100
0.0922036 99
0.0926461 99
0.0922048 99
0.0925784 99
0.0930807 99
0.0919667 99
0.0919242 99
0.0920662 99
0.0929166 99
0.0922391 99
0.0918892 99
0.0923196 100
0.0918814 100
0.0922541 100
0.0927886 100
0.0927994 100
0.0920018 100
0.0918528 100
0.0922965 100
0.0919949 100
0.0926083 100
0.0919926 100
0.0918736 100
0.0923602 100
0.0920665 100
0.0924793 100
0.0923519 100
0.0921333 100
0.0925421 100
0.0920716 100
0.0921883 100
0.0917479 100
0.0924598 100
0.0917991 100
0.0921706 100
0.0921722 100
0.092451 100
0.0918436 100
0.0919291 100
0.0920489 100
0.0922642 100
0.0918974 100
0.0920461 100
0.0923513 100
0.0920167 100
0.0922695 100
0.0930041 100
0.0921052 100
0.091959 100
0.092129 100
0.0927315 100
0.0919917 100
0.0929861 100
0.0915934 100
0.0938383 100
0.0917432 100
0.092156 100
0.0918616 100
0.092474 100
0.0921591 100
0.0918819 100
0.0924044 100
0.0923062 100
0.0918396 100
0.0923232 100
0.0918184 100
0.0923015 100
0.091882 100
0.0926278 100
0.0920317 100
0.0925901 100
0.0926462 100
0.0926612 100
0.0920217 100
0.09213 100
0.0920267 100
0.0919244 100
0.0918489 100
0.0925403 100
0.0923155 100
0.0922241 100
0.0928469 100
0.0920488 100
0.09238 100
0.0920915 100
0.0929696 100
0.0917289 100
0.0919832 100
0.0919873 100
0.0918941 100
0.0921366 100
0.0921085 100
0.0924589 100
0.0918808 100
0.0924093 100
0.0924886 100
0.092196 100
0.0930279 100
0.0924574 100
0.0918276 100
0.0924498 100
0.0917837 100
0.0923101 100
0.0923153 100
0.0921344 100
0.0926971 100
0.0925312 100
0.0920464 100
0.0922867 100
0.0919723 100
0.0923476 100
0.0926914 100
0.0927127 100
0.0922 100
0.0924067 100
0.0927571 100
0.0920687 100
0.0919941 100
0.0930556 100
0.0927372 100
0.0931578 100
0.0922478 100
0.0922723 100
0.0917861 100
0.0923974 100
0.0922962 100
0.0921661 100
0.0921803 100
0.0925665 100
0.0932784 100
0.0921458 100
0.0923227 100
0.0920705 100
0.0923378 100
0.0921318 100
0.0925184 100
0.0922459 100
0.0919129 100
0.0920693 100
0.0922913 100
0.0929927 100
0.0923564 100
0.0919939 100
0.0925453 100
0.0924067 100
0.0921701 100
0.0924253 100
0.0920467 100
0.0923824 100
0.0921663 100
0.0925287 100
0.0921474 100
0.0920739 100
0.0924811 100
0.0921709 100
0.0921869 100
0.0927504 100
0.0916206 100
0.0921549 100
0.0923164 100
0.0919494 100
0.0921269 100
0.0918953 100
0.0920905 100
0.0930216 100
0.0923053 100
0.0929442 100
0.0920801 100
0.092266 100
0.0923703 100
0.0931781 100
0.0920843 100
0.0923074 100
0.0917154 100
0.0922 100
0.0922459 100
0.0926211 100
0.0918798 100
0.0927536 100
0.0924232 100
0.0922668 100
0.0919336 100
0.0924088 100
0.0927506 100
0.0922392 100
0.0921183 100
0.0923994 100
0.092944 100
0.0925626 100
0.0923224 100
0.0919482 100
0.0921983 100
0.0937895 100
0.0919419 100
0.0932665 100
0.0920478 100
0.0924785 100
0.0924281 100
0.0922138 100
0.0923314 100
0.0927169 100
0.092502 100
0.0925451 100
0.0925719 100
0.0921117 100
0.0923432 100
0.0923647 100
0.0918703 100
0.0920228 100
0.092108 100
0.0921711 100
0.0924069 100
0.0919008 100
0.0923178 100
0.0921047 100
0.0924744 100
0.0923326 100
0.0925554 100
0.0923153 100
0.0918481 100
0.0921822 100
0.0920792 100
0.0922105 100
0.0920352 100
0.0919879 100
0.0931357 100
0.0923207 100
0.0922265 100
0.0925924 100
0.0924268 100
0.0922475 100
0.0920663 100
0.092194 100
0.0925889 100
0.0925883 100
0.0920826 100
0.0921364 100
0.0923315 100
0.0919562 100
0.0921448 100
0.092242 100
0.0919955 100
0.0920355 100
0.0924173 100
0.0922182 100
0.091976 100
0.0922704 100
0.0923061 100
0.0926317 100
0.0920779 100
0.0922573 100
0.0919378 100
0.093315 100
0.0922542 100
0.0923821 100
0.0922674 100
0.093447 100
0.0918383 100
0.0922045 100
0.0921684 100
0.0925281 100
0.0930386 100
0.0926132 100
0.0927663 100
0.0920055 100
0.0923019 100
0.0925196 100
0.0922962 100
0.0923283 100
0.0923222 100
0.0920217 100
0.0932888 100
0.0927858 100
0.0925643 100
0.0919583 100
0.0922559 100
0.092616 100
0.0923635 100
0.0929953 100
0.0920729 100
0.0921025 100
0.0923294 100
0.0922587 100
0.0923756 100
0.0923395 100
0.0924825 100
0.0920766 100
0.0927464 100
0.0920989 100
0.0923226 100
0.0924566 100
0.0918644 100
0.0922342 100
0.0923004 100
0.091905 100
0.0918482 100
0.0932273 100
0.0917941 100
0.0920132 100
0.0923729 100
0.09258 100
0.0920018 100
0.0933528 100
0.092074 100
0.0923212 100
0.0928944 100
0.0923477 99
0.092356 99
0.0929457 99
0.0932293 99
0.0921472 99
0.0923736 99
0.0922376 99
0.0923242 99
0.0924855 99
0.0919229 99
0.0930007 99
0.0917814 100
0.0927358 100
0.0923192 100
0.09209 100
0.0922697 100
0.0922486 100
0.092194 100
0.0921887 100
0.092282 100
0.0922073 100
0.0929353 100
0.0922112 100
0.0922262 100
0.0921526 100
0.0924843 100
0.0924517 100
0.0921446 100
0.0921957 100
0.0919946 100
0.0921345 100
0.0922694 100
0.0938306 100
0.0922077 100
0.0920916 100
0.0923787 100
0.0924895 100
0.0920965 100
0.092226 100
0.0921299 100
0.0923355 100
0.0921566 100
0.0921083 100
0.0922931 100
0.0922114 100
0.0923297 100
0.0922099 100
0.0922832 100
0.0924439 100
0.0922007 100
0.0925878 100
0.0929716 100
0.0920859 100
0.0926579 100
0.0927019 100
0.0921291 100
0.0921213 100
0.0922427 100
0.0920583 100
0.0928093 100
0.0920682 100
0.0921837 100
0.0923346 100
0.0924205 100
0.0922698 100
0.0923149 100
0.0926152 100
0.0922379 100
0.092699 100
0.0921042 100
0.0930018 100
0.0925128 100
0.0925051 100
0.0922816 100
0.0922889 100
0.0922888 100
0.0923874 100
0.0920992 100
0.0926062 100
0.0924256 100
0.0922758 100
0.0921282 100
0.091851 100
0.092453 100
0.0923956 100
0.0927759 100
0.0930728 100
0.0922708 100
0.0925399 100
0.0920954 100
0.0924628 100
0.0925889 100
0.0920161 100
0.0927808 100
0.0918639 100
0.0922092 100
0.0924786 100
0.0921987 100
0.0925219 100
0.0918468 100
0.0922176 100
0.0929229 100
0.0924034 100
0.0920197 100
0.0927087 100
0.0920952 100
0.0919272 100
0.0924247 100
0.0940954 100
0.0917064 100
0.0921601 100
0.0920917 100
0.0929362 100
0.0921862 100
0.0922664 100
0.0920988 100
0.0921194 100
0.0931065 100
0.0923267 100
0.0924486 100
0.091992 100
0.0922426 100
0.0922208 100
0.0921519 100
0.0928027 100
0.0920836 100
0.0920782 100
0.0918765 100
0.092313 100
0.0923045 100
0.0917464 100
0.092881 100
0.0933034 100
0.0923791 100
0.0927173 100
0.0920332 100
0.0929393 100
0.0921685 100
0.0924742 100
0.0919191 100
0.0922054 100
0.0921626 100
0.091985 100
0.0920796 100
0.0922407 100
0.09249 100
0.0923031 100
0.0922029 100
0.0923208 100
0.092508 100
0.0925768 100
0.0924117 100
0.092247 100
0.0919822 100
0.0924703 100
0.092065 100
0.0921806 100
0.0921231 100
0.0927976 100
0.0920129 100
0.0915665 100
0.0924428 100
0.0922803 100
0.0919302 100
0.0918146 100
0.0921993 100
0.0917078 100
0.0921208 100
0.0919812 100
0.0926241 100
0.0922209 100
0.0922188 100
0.091895 100
0.0921014 100
0.0917353 100
0.0918559 100
0.0919315 100
0.0925838 100
0.0915751 100
0.0920888 100
0.0923783 100
0.0925016 100
0.0919165 100
0.092344 100
0.0926794 100
0.0919906 100
0.092471 100
0.0920086 100
0.0924223 100
0.0922884 100
0.0922819 100
0.0925653 100
0.0921681 100
0.0927767 100
0.0933385 100
0.0923086 100
0.0917828 100
0.0927735 100
0.0920571 100
0.092053 100
0.0930373 100
0.092094 100
0.0923272 100
0.0923377 100
0.0925325 100
0.0921942 100
0.0923355 100
0.0926195 100
0.0923113 100
0.0921211 100
0.0923459 100
0.0926731 100
0.0934146 100
0.0923443 100
0.0925949 100
0.0922909 100
0.0923126 100
0.0925071 100
0.0920911 99
0.0922538 99
0.0921069 99
0.0923294 99
0.0925138 99
0.0921581 99
0.0924784 99
0.0923973 99
0.0921152 99
0.0919014 99
0.0926387 99
0.0923033 100
0.092264 100
0.0933224 100
0.0923258 100
0.0923462 100
0.0925307 100
0.0921916 100
=============
pü(ÈZÔ¨ô9 () (Deferred)
546.4, 614.4
Viewport maximized: false
Window fullscreen: false
Position: -2.26355, 20.5426, -4.25861
Rotation: 0.196907, 0.249702, -0.0519381, 0.946667
Seed: 0
Room count: 0
Light count: 0
Sun Jan 16 17:14:03 2022
0.0535871 0
1.32395 0
0.0111516 0
0.00526515 0
0.00394576 0
0.00330015 0
0.00403779 0
0.00402413 0
0.00341322 0
0.00298467 0
0.00267281 0
0.00248117 0
0.0027774 0
0.00226365 0
0.00240553 0
0.00236371 0
0.00393455 0
0.00283019 0
0.00334068 0
0.00309401 0
0.00337644 0
0.00375602 0
0.00404759 0
0.00368204 0
0.00258305 0
0.00305505 0
0.00312748 0
0.00252033 0
0.00308756 0
0.00235277 0
0.0022466 0
0.00245074 0
0.0039188 0
0.0029629 0
0.00275573 0
0.00281681 0
0.00286456 0
0.00290002 0
0.0033481 0
0.00280925 0
0.00288652 0
0.00284925 0
0.00304237 0
0.0033108 0
0.00294244 0
0.0034458 0
0.00246822 0
0.00285656 0
0.00314825 0
0.00262222 0
0.00296831 0
0.00277643 0
0.00280163 0
0.00286853 0
0.00282668 0
0.00292569 0
0.00281391 0
0.00286232 0
0.00300829 0
0.00276695 0
0.00372889 0
0.00293762 0
0.00284015 0
0.00284735 0
0.00287488 0
0.00294895 0
0.00291444 0
0.00286581 0
0.00293127 0
0.00272817 0
0.00292431 0
0.00295539 0
0.00270935 0
0.00282406 0
0.00301298 0
0.00272187 0
0.00298983 0
0.00281511 0
0.00291216 0
0.00301514 0
0.00289942 0
0.0027796 0
0.00280664 0
0.00347557 0
0.00257623 0
0.0026015 0
0.00298842 0
0.00244671 0
0.00279058 0
0.00300788 0
0.00249063 0
0.00261314 0
0.00284967 0
0.00261564 0
0.00270661 0
0.00354573 0
0.00268737 0
0.00269951 0
0.00273056 0
0.00262644 0
0.00266536 0
0.00263284 0
0.00253915 0
0.00260191 0
0.00274914 0
0.00260379 0
0.00272636 0
0.00284411 0
0.002449 0
0.00248486 0
0.00271709 0
0.00331177 0
0.0024706 0
0.00285528 0
0.00257683 0
0.0026449 0
0.0031423 0
0.00256889 0
0.00329984 0
0.00263558 0
0.00323722 0
0.0027795 0
0.00316953 0
0.00279632 0
0.00366689 0
0.00275006 0
0.00282141 0
0.00308409 0
0.00299911 0
0.0027576 0
0.00322628 0
0.00300704 0
0.00288065 0
0.0037056 0
0.00293122 0
0.00348413 0
0.0028481 0
0.00291918 0
0.00321503 0
0.00279344 0
0.00290977 0
0.00333306 0
0.00295591 0
0.00351592 0
0.00339963 0
0.00270982 0
0.00439948 0
0.00349503 0
0.00356536 0
0.00356697 0
0.00338657 0
0.00344932 0
0.00344743 0
0.00371644 0
0.00308202 0
0.00378019 0
0.00337553 0
0.00286392 0
0.00339698 0
0.00289764 0
0.00367932 0
0.00317579 0
0.0030615 0
0.00316156 0
0.00286057 0
0.0034336 0
0.00319401 0
0.00300781 0
0.00327526 0
0.00308789 0
0.00348094 0
0.00340098 0
0.00291392 0
0.00318949 0
0.00424915 0
0.00446532 0
0.00397117 0
0.00416047 0
0.00388749 0
0.00357546 0
0.00320558 0
0.00280552 0
0.00252961 0
0.00304042 0
0.00294465 0
0.0034386 0
0.00264905 0
0.00286085 0
0.00298367 0
0.00327232 0
0.00292011 0
0.00308161 0
0.00281723 0
0.00314142 0
0.00347367 0
0.00296263 0
0.00284557 0
0.0026208 0
0.00320435 0
0.00371875 0
0.00433632 0
0.00385991 0
0.00356884 0
0.00386228 0
0.00358255 0
0.00301209 0
0.00345233 0
0.00344238 0
0.00281352 0
0.00308102 0
0.0026885 0
0.00350394 0
0.00297349 0
0.00270783 0
0.00311349 0
0.00357905 0
0.00274695 0
0.00277772 0
0.00282957 0
0.00262876 0
0.00300888 0
0.00376784 0
0.00420252 0
0.00287457 0
0.00304165 0
0.00292222 0
0.00267621 0
0.00287575 0
0.00324477 0
0.00268721 0
0.00301416 0
0.00305429 0
0.00342668 0
0.00303367 0
0.00276593 0
0.00279202 0
0.00291017 0
0.00272845 0
0.00298994 0
0.00300001 0
0.0032374 0
0.00282628 0
0.00322748 0
0.0027256 0
0.00347254 0
0.00273646 0
0.00295691 0
0.00292807 0
0.00303574 0
0.00288494 0
0.00331722 0
0.00269349 0
0.00244586 0
0.00286758 0
0.00253543 0
0.00241461 0
0.00326075 0
0.00255939 0
0.00236997 0
0.00276909 0
0.00269627 0
0.00232688 0
0.00276341 0
0.00251316 0
0.00237358 0
0.00242278 0
0.00311709 0
0.00263823 0
0.00270632 0
0.00292999 0
0.00255595 0
0.00325785 0
0.00307934 0
0.00260683 0
0.00263308 0
0.00260093 0
0.00264121 0
0.00272693 0
0.00310327 0
0.00263556 0
0.0029167 0
0.00279516 0
0.00273999 0
0.00281953 0
0.00311831 0
0.00257064 0
0.00312244 0
0.00290795 0
0.00319865 0
0.00323437 0
0.00253981 0
0.00273412 0
0.00297378 0
0.00296687 0
0.00278044 0
0.00299872 0
0.00277732 0
0.00252246 0
0.00308134 0
0.00278586 0
0.00275903 0
0.0035649 0
0.00268991 0
0.00341304 0
0.00278744 0
0.00273095 0
0.00281832 0
0.00324226 0
0.00279762 0
0.00353784 0
0.0028093 0
0.00272353 0
0.00294483 0
0.00384173 0
0.00288488 0
0.00268426 0
0.00257027 0
0.00281336 0
0.00303557 0
0.00236577 0
0.0027282 0
0.00260354 0
0.00243451 0
0.00247468 0
0.00293529 0
0.00250599 0
0.00271743 0
0.00258856 0
0.00266123 0
0.00256273 0
0.00291605 0
0.00244051 0
0.00255216 0
0.00277798 0
0.00257872 0
0.00248313 0
0.00268377 0
0.00277217 0
0.00261789 0
0.0025398 0
0.00253051 0
0.00281536 0
0.00255066 0
0.00277172 0
0.00249629 0
0.00272202 0
0.00273958 0
0.00273417 0
0.00250234 0
0.00285499 0
0.00236754 0
0.00245357 0
0.00276971 0
0.00266578 0
0.00239091 0
0.00265885 0
0.00271075 0
0.00246906 0
0.00249934 0
0.00274096 0
0.00246765 0
0.00247084 0
0.00289907 0
0.00249794 0
0.00245952 0
0.00279849 0
0.00255036 0
0.00246328 0
0.00267134 0
0.00273644 0
0.0026161 0
0.00268911 0
0.00246055 0
0.00238737 0
0.00252697 0
0.00275433 0
0.00249257 0
0.00246536 0
0.00276162 0
0.00246028 0
0.0024652 0
0.00231075 0
0.00298604 0
0.00247033 0
0.00265216 0
0.002454 0
0.00263794 0
0.00232612 0
0.00314056 0
0.00234115 0
0.00249393 0
0.00278106 0
0.00250949 0
0.00251922 0
0.00296502 0
0.00253229 0
0.00247843 0
0.00250753 0
0.00280447 0
0.00267616 0
0.00250539 0
0.00313724 0
0.00234065 0
0.00272388 0
0.00284588 0
0.00258951 0
0.00235413 0
0.0028465 0
0.00262589 0
0.00241407 0
0.00268016 0
0.00249879 0
0.0023507 0
0.0029331 0
0.0025183 0
0.00252134 0
0.00293743 0
0.00318196 0
0.00277074 0
0.00278857 0
0.00264432 0
0.00271258 0
0.00277168 0
0.00249165 0
0.00248645 0
0.00265056 0
0.00268315 0
0.00277661 0
0.00273551 0
0.00252052 0
0.00239756 0
0.00265102 0
0.0026712 0
0.00266826 0
0.00254178 0
0.00283229 0
0.00238447 0
0.00263963 0
0.00274936 0
0.00282407 0
0.00249658 0
0.00248226 0
0.00317575 0
0.00258406 0
0.0025957 0
0.0027377 0
0.0024872 0
0.00270392 0
0.00261685 0
0.00256767 0
0.00257723 0
0.00352734 0
0.00244005 0
0.00250414 0
0.00253834 0
0.00247966 0
0.00230511 0
0.00268208 0
0.00245009 0
0.00244915 0
0.00259726 0
0.00252815 0
0.0023874 0
0.0026515 0
0.00284264 0
0.00236863 0
0.00251171 0
0.00262303 0
0.00241217 0
0.00273217 0
0.0028578 0
0.00236348 0
0.00266172 0
0.00284836 0
0.00237554 0
0.00249084 0
0.00256718 0
0.00275639 0
0.00233272 0
0.00291953 0
0.00283803 0
0.00266104 0
0.00225994 0
0.00274443 0
0.002359 0
0.00240921 0
0.00260653 0
0.00258888 0
0.00288686 0
0.00294078 0
0.00234635 0
0.00237555 0
0.0028086 0
0.00295613 0
0.00252944 0
0.00268494 0
0.00286429 0
0.00241835 0
0.00254563 0
0.00259072 0
0.00246389 0
0.0024762 0
0.0027741 0
0.00243337 0
0.00256239 0
0.00281007 0
0.00246659 0
0.00240153 0
0.00269768 0
0.00276974 0
0.00254791 0
0.00286969 0
0.00276823 0
0.00259252 0
0.00250128 0
0.00270669 0
0.00256251 0
0.00279499 0
0.00266561 0
0.00239624 0
0.00236376 0
0.0028269 0
0.00261295 0
0.00278133 0
0.00256546 0
0.00256663 0
0.00225698 0
0.00241513 0
0.00263958 0
0.00265811 0
0.00265326 0
0.00262419 0
0.00250677 0
0.00256297 0
0.00266249 0
0.00419673 0
0.00282531 0
0.00330537 0
0.00392594 0
0.00382316 0
0.00315713 0
0.00305521 0
0.00252294 0
0.00332482 0
0.00334925 0
0.0023751 0
0.00251989 0
0.00299583 0
0.00319469 0
0.00257462 0
0.00323955 0
0.00296536 0
0.00238234 0
0.00265036 0
0.00257184 0
0.00229338 0
0.0026857 0
0.0022292 0
0.00220761 0
0.00259835 0
0.00244919 0
0.0021865 0
0.00228562 0
0.00280197 0
0.00212532 0
0.00206308 0
0.00213823 0
0.00268313 0
0.00257904 0
0.00242795 0
0.00248614 0
0.00234831 0
0.00243382 0
0.00246264 0
0.0024779 0
0.0026471 0
0.0023334 0
0.00261526 0
0.00212103 0
0.00229476 0
0.00336626 0
0.00359814 0
0.00372613 0
0.00356197 0
0.00431474 0
0.00478271 0
0.00334548 0
0.00427814 0
0.0033568 0
0.00399966 0
0.0029726 0
0.00298184 0
0.00314795 0
0.00261627 0
0.00276339 0
0.00299504 0
0.00284345 0
0.00248579 0
0.00279997 0
0.00271622 0
0.00291471 0
0.00278822 0
0.00238368 0
0.00216259 0
0.00259966 0
0.00235084 0
0.00248898 0
0.00249059 0
0.0026322 0
0.00277856 0
0.00246835 0
0.00249149 0
0.00271923 0
0.00321406 0
0.00260322 0
0.00244659 0
0.00245436 0
0.0029974 0
0.00249475 0
0.00222308 0
0.00270862 0
0.00261123 0
0.00255847 0
0.00251956 0
0.0025181 0
0.00217584 0
0.00229606 0
0.00286951 0
0.00240031 0
0.00241071 0
0.00291816 0
0.00250167 0
0.00234053 0
0.00265696 0
0.00248797 0
0.00230813 0
0.00241408 0
0.00279738 0
0.00213225 0
0.00207373 0
0.00243239 0
0.00438047 0
0.00229489 0
0.00262759 0
0.00212496 0
0.00220952 0
0.00239726 0
0.00288442 0
0.00244236 0
0.0024124 0
0.0029447 0
0.0022926 0
0.00231302 0
0.0026063 0
0.00312726 0
0.00228791 0
0.00254029 0
0.0021472 0
0.00235532 0
0.00233475 0
0.0030342 0
0.00319751 0
0.00237484 0
0.00291194 0
0.00230831 0
0.00240497 0
0.0028177 0
0.00316979 0
0.00224143 0
0.00259224 0
0.0021494 0
0.00223452 0
0.00271626 0
0.00282789 0
0.00225909 0
0.00238458 0
0.00265344 0
0.00229977 0
0.0024471 0
0.00297537 0
0.00308436 0
0.00230387 0
0.0031743 0
0.00252602 0
0.00237523 0
0.00336163 0
0.00290652 0
0.00263182 0
0.00309828 0
0.00259339 0
0.0031264 0
0.00301055 0
0.0025316 0
0.00273979 0
0.00315403 0
0.00288358 0
0.00357221 0
0.00298025 0
0.00283586 0
0.00377073 0
0.00256374 0
0.00285321 0
0.00360517 0
0.00262782 0
0.0027398 0
0.00272454 0
0.00293879 0
0.00277647 0
0.00338257 0
0.00234108 0
0.00268681 0
0.00301146 0
0.00264786 0
0.0029298 0
0.00262376 0
0.00234445 0
0.00288586 0
0.00321154 0
0.00259416 0
0.00266552 0
0.00327274 0
0.00270378 0
0.00261166 0
0.00297134 0
0.00247479 0
0.00249011 0
0.00311001 0
0.00260623 0
0.00259683 0
0.00275543 0
0.00242291 0
0.00281072 0
0.00341829 0
0.00254667 0
0.0025313 0
0.0026283 0
0.00233237 0
0.00238618 0
0.00327174 0
0.00243483 0
0.00247984 0
0.00251594 0
0.00226934 0
0.0022947 0
0.0024074 0
0.00296218 0
0.00258736 0
0.00234859 0
0.00264689 0
0.00225529 0
0.00224575 0
0.00271275 0
0.00274209 0
0.00313962 0
0.00267357 0
0.00227837 0
0.00237434 0
0.00253459 0
0.00313213 0
0.00232891 0
0.00237424 0
0.00258579 0
0.00228112 0
0.00245823 0
0.00279236 0
0.00266195 0
0.00235039 0
0.00226868 0
0.00260699 0
0.00243235 0
0.00255492 0
0.00267728 0
0.00244586 0
0.00231188 0
0.00258142 0
0.00240753 0
0.002296 0
0.00276375 0
0.00247435 0
0.00253891 0
0.00211818 0
0.00297141 0
0.00230001 0
0.00245045 0
0.0025549 0
0.00251716 0
0.00224056 0
0.00257552 0
0.00279185 0
0.00309614 0
0.0089965 0
0.00343784 0
0.00265559 0
0.00283121 0
0.00304705 0
0.0026013 0
0.00237208 0
0.00255724 0
0.00210378 0
0.00231572 0
0.00260955 0
0.00214124 0
0.00266069 0
0.00260114 0
0.00264842 0
0.00302671 0
0.00248235 0
0.00282243 0
0.00390006 0
0.00245403 0
0.00266677 0
0.00264359 0
0.00242035 0
0.00269872 0
0.00243783 0
0.00248618 0
0.00262315 0
0.00242239 0
0.00247566 0
0.00260242 0
0.00267225 0
0.00255915 0
0.00254609 0
0.00262408 0
0.00247427 0
0.00295418 0
0.0033969 0
0.00255706 0
0.0024357 0
0.00308656 0
0.00253522 0
0.0026946 0
0.00311192 0
0.00257792 0
0.00283404 0
0.00310492 0
0.00282086 0
0.00301509 0
0.00297177 0
0.00276502 0
0.00276627 0
0.00301136 0
0.00268525 0
0.00309781 0
0.00275122 0
0.00291527 0
0.00271173 0
0.00283598 0
0.00284846 0
0.00294983 0
0.00292776 0
0.00271573 0
0.00287166 0
0.00249375 0
0.00304014 0
0.00303753 0
0.00287162 0
0.00236395 0
0.00299029 0
0.00259637 0
0.00261772 0
0.00274483 0
0.0030207 0
0.00246216 0
0.00290617 0
0.00246767 0
0.00246386 0
0.00289096 0
0.00250552 0
0.00229876 0
0.00256415 0
0.00293907 0
0.00273005 0
0.00254698 0
0.00282536 0
0.00229992 0
0.00208106 0
0.00279609 0
0.00259146 0
0.00218707 0
0.00271105 0
0.0029607 0
0.00226414 0
0.00238131 0
0.00332378 0
0.00224367 0
0.00308628 0
0.00282763 0
0.00286574 0
0.00234985 0
0.00287579 0
0.00265041 0
0.0030898 0
0.00273474 0
0.0027025 0
0.00265259 0
0.00322391 0
0.00270594 0
0.00277521 0
0.00331806 0
0.00266882 0
0.00275859 0
0.00472881 0
0.00326124 0
0.00361297 0
0.00359055 0
0.00314521 0
0.00270854 0
0.00306905 0
0.00289497 0
0.00284282 0
0.00267136 0
0.00317616 0
0.00250787 0
0.00270711 0
0.00273838 0
0.00254432 0
0.00292132 0
0.00294516 0
0.00256936 0
0.00284801 0
0.00302178 0
0.00253049 0
0.00295314 0
0.00302596 0
0.00288309 0
0.00265204 0
0.00265437 0
0.00279354 0
0.00264437 0
0.00328183 0
0.00267829 0
0.00266302 0
0.0031512 0
0.00295001 0
0.00272254 0
0.0029269 0
0.00278082 0
0.00315871 0
0.00331908 0
0.00242934 0
0.00311188 0
0.00257449 0
0.00256527 0
0.00331038 0
0.00267263 0
0.00274348 0
0.00291546 0
0.00247562 0
0.00284593 0
0.00318741 0
0.00274428 0
0.0027609 0
0.00291202 0
0.00269309 0
0.00255392 0
0.00370578 0
0.00290095 0
0.00312741 0
0.00286966 0
0.0028413 0
0.00280455 0
0.00291104 0
0.00269172 0
0.0025735 0
0.00307193 0
0.00256219 0
0.00309227 0
0.00302045 0
0.00263531 0
0.00261326 0
0.00303303 0
0.0028703 0
0.00294744 0
0.00309128 0
0.00260736 0
0.00291372 0
0.00264189 0
0.00237876 0
0.00354924 0
0.00230307 0
0.00227674 0
0.00227417 0
0.00269775 0
0.00294371 0
0.00285606 0
0.00217571 0
0.00222332 0
0.00218916 0
0.00260402 0
0.00259333 0
0.00242394 0
0.00259 0
0.00247167 0
0.00216934 0
0.00220713 0
0.00288418 0
0.00239961 0
0.00240122 0
0.00269021 0
0.00242729 0
0.00224134 0
0.00223025 0
0.00276271 0
0.00245236 0
0.00219671 0
0.00259854 0
0.00255968 0
0.00241162 0
0.00255248 0
0.00263969 0
0.00230517 0
0.00235978 0
0.00266874 0
0.0023802 0
0.00261793 0
0.00267809 0
0.00230342 0
0.00219754 0
0.00251412 0
0.00374518 0
0.00244735 0
0.00234127 0
0.00260354 0
0.00223371 0
0.00254205 0
0.00261336 0
0.00267634 0
0.00283167 0
0.00295566 0
0.00223737 0
0.00207485 0
0.00219275 0
0.003687 0
0.00237844 0
0.00240498 0
0.00253901 0
0.00236828 0
0.00246265 0
0.00274191 0
0.002234 0
0.00247194 0
0.00258276 0
0.00227526 0
0.00238724 0
0.00249424 0
0.00373462 0
0.00247254 0
0.00238376 0
0.00255407 0
0.00233658 0
0.00236728 0
0.0026163 0
0.00294372 0
0.00233323 0
0.00257829 0
0.00225495 0
0.00239821 0
0.00256632 0
0.00393928 0
0.00224625 0
0.00241399 0
0.00252749 0
0.0023526 0
0.00254418 0
0.00277488 0
0.00220139 0
0.00239215 0
0.00254348 0
0.00225978 0
0.00245477 0
0.00244032 0
0.00344336 0
0.00226795 0
0.00215465 0
0.0026188 0
0.00227985 0
0.00222142 0
0.00271546 0
0.00238389 0
0.00233931 0
0.00221384 0
0.00262591 0
0.00231699 0
0.00237146 0
0.00231588 0
0.0028896 0
0.00234707 0
0.00245038 0
0.00288733 0
0.00236135 0
0.0021919 0
0.0025731 0
0.00288564 0
0.00238252 0
0.00265489 0
0.0022495 0
0.00230709 0
0.00245479 0
0.00382288 0
0.0023119 0
0.00241794 0
0.00264352 0
0.00221014 0
0.00231852 0
0.00257604 0
0.00282381 0
0.00240398 0
0.00261817 0
0.00220278 0
0.00244614 0
0.00245571 0
0.0038491 0
0.00235352 0
0.00241505 0
0.00263309 0
0.00228984 0
0.00254977 0
0.00256264 0
0.00256462 0
0.00259114 0
0.00269715 0
0.00215851 0
0.00226899 0
0.00247244 0
0.00379557 0
0.00236494 0
0.00242253 0
0.00239694 0
0.00239401 0
0.00254753 0
0.00276321 0
0.00255626 0
0.00228416 0
0.00261871 0
0.00221572 0
0.00242258 0
0.0024567 0
0.00400853 0
0.00232009 0
0.00220634 0
0.00245644 0
0.00235367 0
0.00243401 0
0.00277438 0
0.00275414 0
0.00238903 0
0.00253832 0
0.00227784 0
0.00241171 0
0.00245587 0
0.0037938 0
0.00235883 0
0.00236504 0
0.00247553 0
0.00246279 0
0.00240995 0
0.00275011 0
0.00267052 0
0.00246718 0
0.00251492 0
0.00219963 0
0.0023938 0
0.00282293 0
0.0035514 0
0.00237521 0
0.00241591 0
0.0025354 0
0.00246078 0
0.00268955 0
0.00255968 0
0.00232781 0
0.0023227 0
0.00249305 0
0.00223934 0
0.00270941 0
0.00224967 0
0.0026581 0
0.00203046 0
0.00232058 0
0.00253314 0
0.00225218 0
0.0026788 0
0.00238388 0
0.00259524 0
0.00223974 0
0.00224225 0
0.00250811 0
0.0022994 0
0.00235083 0
0.00250663 0
0.00379832 0
0.00233413 0
0.00233064 0
0.00308686 0
0.00240286 0
0.0022713 0
0.00256029 0
0.00222468 0
0.00226776 0
0.00263782 0
0.00233726 0
0.00225385 0
0.00243216 0
0.00263994 0
0.00228161 0
0.00212237 0
0.00282759 0
0.00218009 0
0.00234369 0
0.00241876 0
0.00258599 0
0.00229493 0
0.00252953 0
0.00260943 0
0.00210203 0
0.00229428 0
0.00236508 0
0.00368017 0
0.00247484 0
0.00226805 0
0.00279052 0
0.00213671 0
0.00230423 0
0.0025264 0
0.00328511 0
0.00216385 0
0.00280007 0
0.00231407 0
0.0021049 0
0.00227259 0
0.00282008 0
0.00227782 0
0.00211429 0
0.00270464 0
0.00209042 0
0.00213341 0
0.00239994 0
0.00293114 0
0.00211155 0
0.00215596 0
0.0026963 0
0.00224271 0
0.00226127 0
0.00248571 0
0.00319098 0
0.00260358 0
0.0024341 0
0.00258857 0
0.00231744 0
0.00242891 0
0.00275565 0
0.00236003 0
0.00216089 0
0.00232901 0
0.00258178 0
0.00236473 0
0.00252472 0
0.00255519 0
0.00244574 0
0.00242387 0
0.00253103 0
0.00226028 0
0.00260087 0
0.00282135 0
0.00222482 0
0.0022174 0
0.0021511 0
0.00247531 0
0.00239707 0
0.00222774 0
0.00240875 0
0.00274347 0
0.00214655 0
0.00214183 0
0.00250958 0
0.00228421 0
0.00247566 0
0.00227216 0
0.00286486 0
0.00218637 0
0.00235119 0
0.00284278 0
0.00224412 0
0.00217167 0
0.0022233 0
0.00280393 0
0.00216038 0
0.00213945 0
0.0028339 0
0.00370203 0
0.00319727 0
0.0035742 0
0.00271873 0
0.0025448 0
0.00272154 0
0.00257556 0
0.00273998 0
0.00242522 0
0.00217183 0
0.00238056 0
0.00268678 0
0.00228063 0
0.00222124 0
0.00237118 0
0.00252753 0
0.00238794 0
0.00242004 0
0.00273392 0
0.00208098 0
0.00233361 0
0.00247577 0
0.00359023 0
0.00238845 0
0.00237869 0
0.00249817 0
0.00232095 0
0.0023801 0
0.00251273 0
0.0030391 0
0.00264934 0
0.00262638 0
0.00210851 0
0.00231698 0
0.00247225 0
0.00364387 0
0.00239898 0
0.00240494 0
0.00258087 0
0.00224438 0
0.00262973 0
0.00258529 0
0.00279248 0
0.00232787 0
0.00250235 0
0.00238951 0
0.0024698 0
0.00244069 0
0.00365738 0
0.00236494 0
0.00248733 0
0.00236719 0
0.00248562 0
0.00241049 0
0.0026494 0
0.00240754 0
0.00239331 0
0.00258659 0
0.00237557 0
0.00224127 0
0.00246353 0
0.00395604 0
0.00242694 0
0.00245759 0
0.00291312 0
0.00215094 0
0.00274575 0
0.00242337 0
0.00264299 0
0.0024755 0
0.00282856 0
0.00209666 0
0.00231513 0
0.00244541 0
0.00347863 0
0.00237013 0
0.00238849 0
0.00257734 0
0.00229366 0
0.00266012 0
0.00262986 0
0.00238163 0
0.00229355 0
0.00253667 0
0.00236079 0
0.00245659 0
0.00336923 0
0.00250484 0
0.00227899 0
0.00220611 0
0.0026863 0
0.00229975 0
0.00206649 0
0.00293872 0
0.0028249 0
0.00241291 0
0.00272352 0
0.00230922 0
0.00227593 0
0.00256186 0
0.00267908 0
0.00213526 0
0.00212883 0
0.00278643 0
0.00222289 0
0.00209792 0
0.00247854 0
0.00236248 0
0.00304138 0
0.00238406 0
0.00254677 0
0.00221555 0
0.00251141 0
0.00238224 0
0.00366366 0
0.00239724 0
0.0025051 0
0.00225625 0
0.00255665 0
0.0024438 0
0.00257989 0
0.00274564 0
0.00246936 0
0.00255255 0
0.00234731 0
0.00224666 0
0.0024129 0
0.00378231 0
0.00250273 0
0.00236639 0
0.00234027 0
0.00241535 0
0.00236375 0
0.00268744 0
0.00266719 0
0.00228051 0
0.00262852 0
0.00234748 0
0.00222834 0
0.00250395 0
0.00245311 0
0.00222615 0
0.00254807 0
0.00264695 0
0.00216735 0
0.00222431 0
0.00243024 0
0.00263288 0
0.00220283 0
0.00238504 0
0.00254685 0
0.00226264 0
0.00232572 0
0.00241035 0
0.00378927 0
0.00232596 0
0.0023031 0
0.00250362 0
0.00220197 0
0.00251909 0
0.00268468 0
0.00290303 0
0.00235665 0
0.00256236 0
0.00222719 0
0.0023692 0
0.00257878 0
0.00365394 0
0.00235446 0
0.00239739 0
0.00250565 0
0.00231919 0
0.00248176 0
0.002724 0
0.0029182 0
0.00236276 0
0.00254325 0
0.00225015 0
0.00256508 0
0.0024898 0
0.0036638 0
0.00232858 0
0.00244681 0
0.00256178 0
0.00228221 0
0.00258701 0
0.00274554 0
0.00230446 0
0.00245098 0
0.00256154 0
0.00241467 0
0.00240087 0
0.00233762 0
0.00266621 0
0.00213853 0
0.00224388 0
0.00253903 0
0.00230464 0
0.00243857 0
0.00248867 0
0.00255258 0
0.00226324 0
0.00236081 0
0.00261292 0
0.00233975 0
0.00234003 0
0.00248532 0
0.00348684 0
0.00233191 0
0.00257072 0
0.00289091 0
0.00213357 0
0.00244605 0
0.00246612 0
0.00261402 0
0.00248614 0
0.00253926 0
0.00215787 0
0.00243956 0
0.00240206 0
0.0024807 0
0.00215194 0
0.00261765 0
0.00283856 0
0.00221142 0
0.00288729 0
0.00246317 0
0.00252907 0
0.00248313 0
0.00229556 0
0.00268561 0
0.00232926 0
0.00240969 0
0.0024828 0
0.00239303 0
0.00230491 0
0.00273943 0
0.00214597 0
0.0022613 0
0.00247228 0
0.00275066 0
0.00280706 0
0.00223225 0
0.00250494 0
0.00229339 0
0.00242005 0
0.00249583 0
0.00372661 0
0.00239175 0
0.00241573 0
0.00255822 0
0.00224536 0
0.00239861 0
0.00290607 0
0.00291227 0
0.00237655 0
0.00255489 0
0.00242434 0
0.0022803 0
0.00278721 0
0.00312567 0
0.00250543 0
0.00310607 0
0.0025692 0
0.0023423 0
0.00286567 0
0.00251472 0
0.00237263 0
0.00239859 0
0.00341054 0
0.00281891 0
0.00245484 0
0.00223719 0
0.00223027 0
0.00241257 0
0.00288677 0
0.00235505 0
0.00275177 0
0.00285367 0
0.00301457 0
0.00274606 0
0.00295557 0
0.00271788 0
0.00242771 0
0.00275536 0
0.00268634 0
0.00261978 0
0.00245189 0
0.00311934 0
0.00253721 0
0.00250784 0
0.00281208 0
0.00238204 0
0.00263076 0
0.00335102 0
0.00269411 0
0.00331252 0
0.00275676 0
0.00260883 0
0.00275158 0
