=============
GeForce GTX 1660 Ti with Max-Q Design () (Forward)
1920, 1080
Viewport maximized: true
Window fullscreen: true
Position: 10.2, 5, 9.93413e-10
Rotation: 0, -0.707107, 0, 0.707107
Seed: 0
Room count: 0
Light count: 0
Sun Jan 16 18:07:38 2022
0.0134155 95
0.0125696 95
0.0131651 95
0.0132282 95
0.012703 95
0.0130884 95
0.0131829 95
0.0130032 95
0.0131039 95
0.0131949 95
0.0129907 95
0.0131139 95
0.0130292 95
0.0129159 95
0.0130511 95
0.0131682 95
0.0128238 95
0.012984 95
0.0131479 95
0.0129894 95
0.0130743 95
0.0131735 95
0.0129615 95
0.0132291 95
0.0132148 95
0.0127697 95
0.0129295 95
0.0130099 95
0.0130962 95
0.0130369 95
0.0131754 95
0.0132333 95
0.0129516 95
0.0130981 95
0.0130984 95
0.0130801 95
0.0132151 95
0.0130452 95
0.013142 95
0.0132227 97
0.0129282 97
0.0131488 97
0.0132261 97
0.012952 97
0.0129202 97
0.0134094 97
0.0129986 97
0.0131132 97
0.0132414 97
0.0129665 97
0.0131065 97
0.0132501 97
0.013008 97
0.0130001 97
0.0130737 97
0.0130723 97
0.0130742 97
0.0131782 97
0.012842 97
0.0130405 97
0.0130994 97
0.0129153 97
0.0132199 97
0.0131123 97
0.0129742 97
0.013243 97
0.0132795 97
0.0129752 97
0.0130692 97
0.0132073 97
0.0129812 97
0.0129392 97
0.0135811 97
0.0124638 97
0.0130457 97
0.0131171 97
0.0130876 97
0.0129292 97
0.0131248 97
0.0130602 97
0.0130435 97
0.0132567 97
0.0130214 97
0.0132265 97
0.0130691 97
0.0129062 97
0.0129427 97
0.0132695 97
0.0128024 97
0.0129496 97
0.013285 97
0.0129862 97
0.013104 97
0.0132471 97
0.0130121 97
0.0130581 97
0.0132079 97
0.0130094 97
0.0129921 97
0.0131839 97
0.0127708 97
0.0131364 97
0.0130744 97
0.0129125 97
0.0131251 97
0.0132226 97
0.012638 97
0.0131562 97
0.0132085 97
0.0129823 97
0.013189 97
0.0133006 97
0.0130028 97
0.0131132 97
0.0131215 97
0.0130005 97
0.0130154 97
0.013154 97
0.0131975 97
0.0130114 97
0.0132028 97
0.0130067 97
0.0131145 97
0.0133554 97
0.012891 97
0.0131946 97
0.0132113 97
0.0131055 97
0.013124 97
0.0130111 97
0.0129124 97
0.0129257 97
0.0133284 97
0.0128516 97
0.0132905 97
0.0132444 97
0.0129637 97
0.0130899 97
0.013272 97
0.0130155 97
0.013075 97
0.0132888 97
0.0129697 97
0.0131459 97
0.0130893 97
0.0129328 97
0.0131746 97
0.0131086 97
0.012809 97
0.0131507 97
0.0130977 97
0.0129094 97
0.013081 97
0.013149 97
0.0128774 97
0.0131879 97
0.0131809 97
0.0129684 97
0.013064 97
0.0132816 97
0.0127997 97
0.0131972 97
0.0130663 97
0.0130783 97
0.0130348 97
0.0130186 97
0.0130854 97
0.0130825 97
0.0131074 97
0.0130475 97
0.013081 97
0.0131995 97
0.01309 97
0.0132272 97
0.0132016 97
0.0127072 97
0.0131796 97
0.0129006 97
0.0131097 97
0.0128354 97
0.0132803 97
0.0131643 97
0.0129538 97
0.0131483 97
0.0131097 97
0.0130407 97
0.0132135 97
0.0133586 97
0.0129503 97
0.0129888 97
0.0132556 97
0.0129738 97
0.0131794 97
0.0130261 97
0.0131589 97
0.0128404 97
0.0132504 97
0.0129754 97
0.0130033 97
0.0131797 97
0.0130805 97
0.0130384 97
0.0130779 97
0.0129972 97
0.0132369 97
0.0130134 97
0.0131401 97
0.0129071 97
0.0129695 97
0.0132352 97
0.0130227 97
0.0133028 97
0.0130847 97
0.0130704 97
0.0132065 97
0.0131898 97
0.0127893 97
0.013027 97
0.0134554 97
0.0127724 97
0.0130214 97
0.0132494 97
0.012841 97
0.0129667 97
0.0131555 97
0.0128661 97
0.0130796 97
0.0132315 97
0.0130566 97
0.0131493 97
0.0130367 97
0.0130544 97
0.0130607 97
0.0132639 97
0.012899 97
0.0128431 97
0.0133288 97
0.0127654 97
0.0130172 97
0.0131513 97
0.0128998 97
0.0129782 97
0.0131369 97
0.0133346 97
0.0128687 97
0.0130889 97
0.0131826 97
0.0130063 97
0.0129448 97
0.0131174 97
0.0130168 97
0.0131356 97
0.0131681 97
0.0128702 97
0.0132015 97
0.0131289 97
0.0130736 97
0.0131254 97
0.0131456 97
0.0130708 97
0.0131318 97
0.0132394 97
0.0128791 97
0.0130967 97
0.0132364 97
0.0130713 97
0.0129662 97
0.0131357 97
0.0129032 97
0.0130296 97
0.0133093 97
0.0129506 97
0.0130201 97
0.0132498 97
0.0130839 97
0.0131105 97
0.0131529 97
0.0130284 97
0.0130021 97
0.0131628 97
0.0130004 97
0.0128915 97
0.0131411 97
0.0127785 97
0.0131479 97
0.0132567 97
0.0129489 97
0.0133631 97
0.0130923 97
0.0129578 97
0.0130863 97
0.0132214 97
0.0129822 97
0.0130322 97
0.0132776 97
0.0128569 97
0.0130454 97
0.0130554 97
0.0129762 97
0.0131624 97
0.0129174 97
0.0130962 97
0.0131193 97
0.013207 97
0.0129642 97
0.0132316 97
0.0132161 97
0.0129632 97
0.013301 97
0.0129801 97
0.0129601 97
0.013004 97
0.0131785 97
0.0129489 97
0.0127697 97
0.0132175 97
0.013171 97
0.0132695 97
0.0129119 97
0.0130628 97
0.0129467 97
0.0131126 97
0.0130372 97
0.0129816 97
0.0130817 97
0.0129134 97
0.0131691 97
0.0133294 97
0.0127784 97
0.013308 97
0.0130751 97
0.0131199 97
0.0130414 97
0.0133168 97
0.0129602 97
0.0131031 97
0.0133239 97
0.0129847 97
0.0129127 97
0.0130935 97
0.0130524 97
0.0129373 97
0.0131079 97
0.013024 97
0.0131751 97
0.0132396 97
0.0130637 97
0.0132645 97
0.0131469 97
0.0130423 97
0.013015 97
0.0130627 97
0.0128745 97
0.0129931 97
0.0132034 97
0.0129418 97
0.0131294 97
0.013503 97
0.0128107 97
0.0131205 97
0.0132704 97
0.0130609 97
0.0131033 97
0.0132944 97
0.0132082 97
0.0129559 97
0.0132181 97
0.013005 97
0.0131585 97
0.0129595 97
0.0130773 97
0.0130153 97
0.0131633 97
0.0132362 97
0.0129574 97
0.013104 97
0.013236 97
0.0131559 97
0.0130904 97
0.0132122 97
0.0126621 97
0.0132169 97
0.013168 97
0.0129514 97
0.0129136 97
0.0132372 97
0.012973 97
0.0130224 97
0.0131712 97
0.0128467 97
0.0130023 97
0.0131055 97
0.0131917 97
0.0130085 97
0.0131077 97
0.0133157 97
0.0129363 97
0.013012 97
0.0130761 97
0.0128981 97
0.0130578 97
0.013104 97
0.0130286 97
0.0130987 97
0.0131963 97
0.0131027 97
0.0130836 97
0.0132256 97
0.0131218 97
0.0132306 97
0.0132141 97
0.0129076 97
0.0131955 97
0.0132336 97
0.0128465 97
0.0129944 97
0.0131627 97
0.0132017 97
0.0129125 97
0.0132767 97
0.0129416 97
0.0130768 97
0.01334 97
0.0132203 97
0.0132878 97
0.0130274 97
0.013012 97
0.0130442 97
0.0132436 97
0.0130251 97
0.0131285 97
0.0129907 97
0.012889 97
0.0131035 97
0.0130228 97
0.0129424 97
0.0132166 97
0.0131192 97
0.0130261 97
0.0130985 97
0.013334 97
0.0130453 97
0.013054 97
0.0133257 97
0.0127994 97
0.0130208 97
0.0130525 97
0.0131878 97
0.0129253 97
0.0131399 97
0.013063 97
0.013162 97
0.0134342 97
0.0129339 97
0.0130666 97
0.0131015 97
0.0131272 97
0.0130674 97
0.0130068 97
0.0129328 97
0.0128928 97
0.0132721 97
0.0128979 97
0.0130981 97
0.0132463 97
0.0129979 97
0.0132297 97
0.0131208 97
0.0128901 97
0.0130925 97
0.0132477 97
0.0130661 97
0.0130285 97
0.0131661 97
0.0130383 97
0.0131104 97
0.0130283 97
0.0129402 97
0.0132389 97
0.013091 97
0.0129836 97
0.0133281 97
0.0129982 97
0.013099 97
0.0131701 97
0.0132092 97
0.0132204 97
0.0129702 97
0.0131004 97
0.0133064 97
0.0127684 97
0.0129742 97
0.0132071 97
0.0129513 97
0.0130729 97
0.013339 97
0.0130363 97
0.0129891 97
0.0132674 97
0.0130772 97
0.0131384 97
0.0132442 97
0.0132028 97
0.013169 97
0.0130898 97
0.0129965 97
0.0130319 97
0.0131206 97
0.0128611 97
0.0130482 97
0.0132466 97
0.0130054 97
0.0131573 97
0.0133138 97
0.0128717 97
0.0131537 97
0.0131874 97
0.0131243 97
0.0131604 97
0.0130486 97
0.0129815 97
0.0131328 97
0.0131862 97
0.0129671 97
0.0130016 97
0.0130436 97
0.0131193 97
0.013175 97
0.0131714 97
0.0130568 97
0.0130624 97
0.0133212 97
0.0129415 97
0.0130569 97
0.0131693 97
0.0130154 97
0.013171 97
0.0131584 97
0.0129354 97
0.0129594 97
0.0131633 97
0.0130341 97
0.0131145 97
0.0132236 97
0.0130167 97
0.0131208 97
0.0132008 97
0.0130248 97
0.0130886 97
0.0132484 97
0.01306 97
0.0130762 97
0.0130978 97
0.012766 97
0.0131032 97
0.0134317 97
0.0124937 97
0.0131414 97
0.0132775 97
0.0131841 97
0.0129183 97
0.0131584 97
0.0130613 97
0.0131355 97
0.0133962 97
0.012855 97
0.0129736 97
0.0132128 97
0.012957 97
0.0129549 97
0.0132562 97
0.013025 97
0.013117 97
0.0132999 97
0.013068 97
0.0131108 97
0.0131964 97
0.0130134 97
0.0130439 97
0.013099 97
0.0129261 97
0.0132068 97
0.0131236 97
0.0128898 97
0.0129201 97
0.0131797 97
0.0130985 97
0.0130943 97
0.0131994 97
0.0129217 97
0.0130722 97
0.0132649 97
0.0133688 97
0.0128449 97
0.0130771 97
0.0131224 97
0.0129133 97
0.0128995 97
0.0131359 97
0.0129966 97
0.0131363 97
0.0132087 97
0.0130171 97
0.013213 97
0.0131269 97
0.0131413 97
0.0130277 97
0.0132353 97
0.0129161 97
0.0132149 97
0.0134108 97
0.0129145 97
0.0130625 97
0.0132266 97
0.0128664 97
0.0130839 97
0.0132238 97
0.0128741 97
0.0128802 97
0.0132829 97
0.0129951 97
0.0130434 97
0.0133031 97
0.0130877 97
0.0131154 97
0.0130461 97
0.0132618 97
0.0129647 97
0.0131684 97
0.0132196 97
0.0129187 97
0.0129838 97
0.0130735 97
0.0130565 97
0.013083 97
0.0132455 97
0.0130143 97
0.0130699 97
0.0132151 97
0.0129038 97
0.0132489 97
0.0131159 97
0.0129547 97
0.0131305 97
0.0131269 97
0.0129447 97
0.0129863 97
0.0132472 97
0.0128186 97
0.0129895 97
0.0132756 97
0.0130065 97
0.013118 97
0.0132383 97
0.0131196 97
0.0130751 97
0.0132473 97
0.0130404 97
0.0130498 97
0.0132277 97
0.0130497 97
0.0131486 97
0.0129268 97
0.0130211 97
0.0131865 97
0.0131996 97
0.0134948 97
0.012915 97
0.013113 97
0.0133159 97
0.0130106 97
0.0132043 97
0.013184 97
0.0128724 97
0.0132551 97
0.0130667 97
0.0127531 97
0.0129668 97
0.0132268 97
0.0130839 97
0.0130753 97
0.0131485 97
0.0130363 97
0.0131622 97
0.0131984 97
0.0130825 97
0.0129618 97
0.0132244 97
0.0130483 97
0.0131185 97
0.0132341 97
0.0129633 97
0.013025 97
0.0131389 97
0.0130108 97
0.0130901 97
0.0132191 97
0.0128537 97
0.0131813 97
0.0132072 97
0.0130862 97
0.0130565 97
0.0131687 97
0.0132651 97
0.0129612 97
0.0130673 97
0.0131875 97
0.0129402 97
0.013039 97
0.0132418 97
0.0129644 97
0.0131303 97
0.013251 97
0.0130447 97
0.0130109 97
0.0133002 97
0.0130104 97
0.0131341 97
0.0130924 97
0.01309 97
0.0130688 97
0.0131752 97
0.0131177 97
0.013006 97
0.0131406 97
0.0128606 97
0.0131219 97
0.0133135 97
0.0129607 97
0.0131853 97
0.0131714 97
0.0130574 97
0.0130854 97
0.0132437 97
0.0130399 97
0.0131334 97
0.0133921 97
0.0128898 97
0.013007 97
0.0131056 97
0.0129687 97
0.0130595 97
0.0130877 97
0.0130044 97
0.0130153 97
0.0131978 97
0.0129548 97
0.0132702 97
0.013221 97
0.0131194 97
0.0130798 97
0.0131832 97
0.0128006 97
0.0130187 97
0.013389 97
0.0128754 97
0.0133508 97
0.0144528 97
0.0118003 97
0.0131305 97
0.0132531 97
0.0131528 97
0.0128869 97
0.0132496 97
0.0131096 97
0.0130333 97
0.013207 97
0.0129334 97
0.0131174 97
0.0132365 97
0.0129307 97
0.0130376 97
0.0131344 97
0.0129351 97
0.0131347 97
0.0136255 97
0.0125842 97
0.0132298 97
0.0132432 97
0.0128144 97
0.013213 97
0.0132703 97
0.0131383 97
0.0132416 97
0.0129183 97
0.0131677 97
0.0131213 97
0.0128507 97
0.0131569 97
0.0132077 97
0.0129698 97
0.0132224 97
0.0132442 97
0.012933 97
0.0131246 97
0.0133103 97
0.013103 97
0.0131803 97
0.0132651 97
0.0130862 97
0.0130786 97
0.0132215 97
0.0131305 97
0.0128561 97
0.0130835 97
0.0130518 97
0.0131618 97
0.0131348 97
0.0131258 97
0.0130375 97
0.0132197 97
0.0131726 97
0.0129266 97
0.0132171 97
0.0129966 97
0.0132065 97
0.0131847 97
0.012811 97
0.0130596 97
0.0131871 97
0.0130092 97
0.0129189 97
0.0133656 97
0.012925 97
0.013117 97
0.0132712 97
0.0129246 97
0.013209 97
0.0131241 97
0.013246 97
0.0127548 97
0.0130789 97
0.0128761 97
0.0133217 97
0.0132037 97
0.0130586 97
0.0133004 97
0.01299 97
0.0134306 97
0.0129681 97
0.013181 97
0.0132254 97
0.0130877 97
0.0131926 97
0.01322 97
0.013052 97
0.0130213 97
0.0132286 97
0.0129229 97
0.0128468 97
0.0131784 97
0.0129648 97
0.0131499 97
0.0132203 97
0.0130612 97
0.013025 97
0.0132479 97
0.0131799 97
0.0131058 97
0.0132225 97
0.0131111 97
0.0130318 97
0.0132874 97
0.0129338 97
0.013063 97
0.0131913 97
0.0128909 97
0.013266 97
0.0130716 97
0.0130992 97
0.0131706 97
0.0132093 97
0.0131022 97
0.0132089 97
0.0131913 97
0.0130958 97
0.0130811 97
0.013267 97
0.0133149 97
0.0127458 97
0.0130461 97
0.0130626 97
0.0131771 97
0.0131342 97
0.0130874 97
0.0132258 97
0.0132058 97
0.0131088 97
0.0132503 97
0.0133044 97
0.0132428 97
0.0133635 97
0.0130069 97
0.013125 97
0.0133072 97
0.0130179 97
0.0131808 97
0.0131142 97
0.0129897 97
0.013147 97
0.0129518 97
0.013101 97
0.0132314 97
0.013012 97
0.0131676 97
0.0132028 97
0.0130253 97
0.0130224 97
0.0132034 97
0.0134785 97
0.0128017 97
0.0131113 97
0.013019 97
0.0129401 97
0.0131036 97
0.0130084 97
0.0131484 97
0.0142403 97
0.0122565 97
0.0132527 97
0.0131576 97
0.013205 97
0.0132763 97
0.0129593 97
0.0133193 97
0.013086 97
0.0131076 97
0.0140066 97
0.0122824 97
0.0131405 97
0.013145 97
0.0138758 97
0.0147582 97
0.0119844 97
0.0130039 97
0.0131559 97
0.0130918 97
0.0132694 97
0.0131765 97
0.0131548 97
0.013218 97
0.0135219 97
0.0127675 97
0.0134389 97
0.0144196 97
0.0140234 97
0.0121163 97
0.0129412 97
0.0132472 97
0.0128443 97
0.0137048 97
0.0125446 97
0.0131627 97
0.0132136 97
0.012803 97
0.0132874 97
0.013207 97
0.0130525 97
0.0132129 97
0.0131672 97
0.0142897 97
0.0142958 97
0.0120287 97
0.0140183 97
0.0144693 97
0.0124269 97
0.0126536 97
0.0130407 97
0.013121 97
0.0132006 97
0.0133413 97
0.012983 97
0.0132277 97
0.0129675 97
0.0132158 97
0.0131012 97
0.0130596 97
0.0134334 97
0.0128877 97
0.0132794 97
0.0131215 97
0.0130952 97
0.0131241 97
0.0142121 97
0.0139854 97
0.013636 97
0.0119324 97
0.0130897 97
0.0131455 97
0.0128855 97
0.0131927 97
0.014342 97
0.0176752 97
0.0150471 97
0.015315 97
0.0145064 97
0.0154175 97
0.0145775 97
0.0143478 97
0.0143832 97
0.0137775 97
0.0154661 97
0.0144026 97
0.0142294 97
0.0156653 97
0.0136791 97
0.0124379 97
0.0118446 97
0.0157521 97
0.012674 97
0.0135753 97
0.0130467 97
0.0123997 97
0.0130919 97
0.0128183 97
0.0132412 97
0.0140868 97
0.0119399 97
0.0133446 97
0.014178 97
0.0129283 97
0.0131936 97
0.011868 97
0.0146158 97
0.0133182 97
0.0136296 97
0.0140201 97
0.0119714 97
0.0136821 97
0.0129726 97
0.0135713 97
0.0140967 97
0.0117481 97
0.0136777 97
0.0130374 97
0.0132749 97
0.0122595 97
0.0131381 97
0.0147441 97
0.0146719 97
0.0136266 97
0.0136787 97
0.0140623 97
0.013847 93
0.0129539 93
0.0145875 93
0.0149334 93
0.0145764 93
0.0126422 93
0.0143661 93
0.0143485 93
0.0147113 93
0.0127235 93
0.0129861 93
0.0116018 93
0.0153701 93
0.0142005 93
0.012753 93
0.0148279 93
0.0128701 93
0.0114831 93
0.014586 93
0.0143283 93
0.0135388 93
0.0152107 93
0.0117789 93
0.0148971 93
0.0157156 93
0.0136436 93
0.015007 93
0.0135855 93
0.0163757 93
0.0126361 93
0.0138791 93
0.0138415 93
0.0150629 93
0.0136709 93
0.015155 93
0.0140401 93
0.0114555 93
0.0131919 93
0.0138637 93
0.0134252 93
0.013445 93
0.0121526 93
0.0139292 93
0.0142243 93
0.014198 93
0.0136936 93
0.0125827 93
0.0140522 93
0.0136381 93
0.0138652 93
0.0139606 93
0.0127058 93
0.0135441 93
0.013998 93
0.0139125 93
0.0137155 93
0.0143299 93
0.0124105 93
0.0142158 93
0.0135552 93
0.0151031 93
0.0149449 93
0.0147273 93
0.0146702 93
0.0124328 93
0.0141411 93
0.0141926 93
0.0141113 93
0.0140658 93
0.0149412 93
0.0130371 93
0.0140561 93
0.014477 93
0.0138003 90
0.0138519 90
0.0147389 90
0.0127024 90
0.0135401 90
0.0143777 90
0.0133747 90
0.0136736 90
0.0159951 90
0.012321 90
0.0178852 90
0.0151685 90
0.0132165 90
0.0130688 90
0.0143348 90
0.0146244 90
0.013626 90
0.011638 90
0.0142454 90
0.0139037 90
0.0142469 90
0.0139714 90
0.0128201 90
0.0143213 90
0.0139567 90
0.0145311 90
0.0144745 90
0.0142366 90
0.0133415 90
0.0142923 90
0.014171 90
0.0165299 90
0.0150931 90
0.015953 90
0.0144299 90
0.0133685 90
0.0139948 90
0.0123792 90
0.0147045 90
0.0142578 90
0.0153371 90
0.0160645 90
0.0158398 90
0.0146287 90
0.0145203 90
0.0129452 90
0.0146195 90
0.0142035 90
0.0142223 90
0.0154702 90
0.0148977 90
0.0145628 90
0.0132627 90
0.0151957 90
0.0142684 90
0.0143666 90
0.0150914 90
0.0149756 90
0.01448 90
0.0144909 90
0.0129186 90
0.0146801 90
0.0141513 90
0.0152552 90
0.0148289 90
0.0146386 90
0.0145922 90
0.0145862 90
0.0131125 90
0.0147178 90
0.0148309 90
0.014546 87
0.0141337 87
0.0139786 87
0.0147618 87
0.0126533 87
0.0140449 87
0.0163106 87
0.0140942 87
0.0156112 87
0.0141388 87
0.0145758 87
0.0128713 87
0.0167735 87
0.0168299 87
0.0141499 87
0.0136677 87
0.0141166 87
0.0152829 87
0.01544 87
0.0151713 87
0.015045 87
0.0137234 87
0.016852 87
0.0154419 87
0.0148505 87
0.0153208 87
0.0161822 87
0.0150532 87
0.0149859 87
0.0151087 87
0.0148901 87
0.0146841 87
0.0132083 87
0.0148295 87
0.0142224 87
0.0141497 87
0.0149619 87
0.0146185 87
0.0158054 87
0.0154691 87
0.0138764 87
0.0149796 87
0.01447 87
0.0145642 87
0.0148688 87
0.0161866 87
0.0154262 87
0.0156419 87
0.0152081 87
0.01496 87
0.0151409 87
0.0140453 87
0.0149378 87
0.0147152 87
0.0150248 87
0.0154402 87
0.0149451 87
0.0148097 87
0.0149764 87
0.015421 87
0.0139326 87
0.0150784 87
0.0151542 87
0.0149362 87
0.0168962 87
0.0153618 87
0.0148961 87
0.0150661 87
0.0147312 83
0.014397 83
0.0156043 83
0.0131869 83
0.0146488 83
0.014212 83
0.015059 83
0.0148593 83
0.0146718 83
0.0163803 83
0.0158553 83
0.0177664 83
0.0153018 83
0.0146504 83
0.0133542 83
0.016765 83
0.0152346 83
0.017184 83
0.0158066 83
0.0182428 83
0.01632 83
0.015018 83
0.0161523 83
0.0154382 83
0.0173962 83
0.0160059 83
0.0170545 83
0.0151076 83
0.0169185 83
0.0147402 83
0.0149255 83
0.0149678 83
0.015086 83
0.0153688 83
0.0140104 83
0.0166276 83
0.0153632 83
0.0153665 83
0.0168229 83
0.0149543 83
0.0165087 83
0.0172144 83
0.0155825 83
0.0167228 83
0.015094 83
0.0169008 83
0.0156403 83
0.0161801 83
0.0152709 83
0.0153998 83
0.0156765 83
0.0166773 83
0.0155217 83
0.0152565 83
0.0143995 83
0.0156061 83
0.0157227 83
0.0150441 83
0.0152655 83
0.0151349 83
0.0154494 83
0.015258 83
0.016708 83
0.0160463 83
0.0154332 83
0.015595 79
0.015153 79
0.0153092 79
0.0137631 79
0.0150676 79
0.0146709 79
0.0197417 79
0.0232297 79
0.0177986 79
0.0155486 79
0.0163324 79
0.0155641 79
0.0152714 79
0.0141913 79
0.0228517 79
0.029346 79
0.016007 79
0.0166527 79
0.017176 79
0.0163692 79
0.0164676 79
0.0162255 79
0.0167094 79
0.0181293 79
0.0170053 79
0.0145068 79
0.0155807 79
0.015668 79
0.0161666 79
0.0151607 79
0.0152422 79
0.0155568 79
0.0163307 79
0.0162813 79
0.0157543 79
0.0159542 79
0.0173421 79
0.0162839 79
0.0161381 79
0.0157525 79
0.0160788 79
0.0155717 79
0.0166015 79
0.016056 79
0.0160542 79
0.0164856 79
0.015991 79
0.0170588 79
0.0164021 79
0.0159431 79
0.0152221 79
0.0158586 79
0.0167977 79
0.016027 79
0.0162286 79
0.0162205 79
0.0156122 79
0.0167529 79
0.0154621 79
0.0153038 79
0.0174977 79
0.0160203 79
0.0159893 74
0.0158147 74
0.0158418 74
0.0156555 74
0.0162944 74
0.0158588 74
0.0155378 74
0.015586 74
0.0161764 74
0.0158453 74
0.0155281 74
0.0152926 74
0.0146968 74
0.0170593 74
0.0168991 74
0.0166182 74
0.0166406 74
0.0167669 74
0.0177426 74
0.017171 74
0.0166773 74
0.0166954 74
0.0165079 74
0.0165818 74
0.0167323 74
0.0159592 74
0.0156828 74
0.0153426 74
0.0158088 74
0.0159784 74
0.0157656 74
0.0156497 74
0.0173535 74
0.0161374 74
0.0160386 74
0.0162116 74
0.016183 74
0.0158829 74
0.0345684 74
0.0204654 74
0.0187384 74
0.0176954 74
0.0162745 74
0.0169973 74
0.0165053 74
0.0170064 74
0.016563 74
0.0174231 74
0.0166144 74
0.0160252 74
0.0167433 74
0.016908 74
0.0162344 74
0.0164611 74
0.0163845 74
0.0159056 74
0.0166708 74
0.0168725 74
0.016418 74
0.0159993 74
0.0157137 74
0.0159663 74
0.015704 74
0.0159412 74
0.0176616 74
0.0160957 74
0.0162575 74
0.0178938 74
0.016672 74
0.0161297 74
0.0156221 74
0.0182572 74
0.0182741 74
0.0176307 74
0.0182093 74
0.0173157 74
0.0170289 74
0.0170263 74
0.0172436 74
0.0185599 74
0.0184902 74
0.01951 74
0.0173124 74
0.0167366 74
0.0164047 74
0.0160814 74
0.0165578 74
0.0168751 74
0.0164938 74
0.0162307 74
0.0166348 74
0.0165935 74
0.0169007 74
0.0166017 74
0.0163497 74
0.016767 74
0.0166197 74
0.0171148 74
0.0166759 74
0.0164943 74
0.0165651 74
0.0165327 74
0.0166341 74
0.0170945 74
0.0167101 74
0.0165458 74
0.0165841 74
0.0168211 74
0.0168589 74
0.016798 74
0.0165272 74
0.0166965 74
0.0165076 74
0.0166713 74
0.0190564 74
0.0169261 74
0.016615 74
0.0165558 74
0.0164593 74
0.0166258 74
0.0174383 74
0.0166036 72
0.0159984 72
0.0184823 72
0.0168185 72
0.0163554 72
0.0171165 72
0.0198515 72
0.0175912 72
0.0167683 72
0.0180632 72
0.0192908 72
0.0182542 72
0.0177519 72
0.0176357 72
0.0189182 72
0.0183047 72
0.0199836 72
0.0180151 72
0.0179523 72
0.0175641 72
0.0183565 72
0.01637 72
0.0187387 72
0.0192535 72
0.0178011 72
0.0174592 72
0.0175648 72
0.0168574 72
0.0169879 72
0.0168153 72
0.0167928 72
0.019386 72
0.018367 72
0.0174357 72
0.0179243 72
0.0170413 72
0.0177585 72
0.0170493 72
0.0173957 72
0.0180496 72
0.0181235 72
0.0173976 72
0.0171947 72
0.0170946 72
0.0170653 72
0.0169238 72
0.0175988 72
0.017443 72
0.0173218 72
0.0169666 72
0.0171346 72
0.0172535 72
0.0178482 72
0.0180017 72
0.0172446 72
0.017129 72
0.0174161 72
0.0190502 69
0.018405 69
0.017265 69
0.0170442 69
0.0180059 69
0.0184566 69
0.0172566 69
0.0171391 69
0.0168257 69
0.0183538 69
0.0182169 69
0.0196339 69
0.0189677 69
0.0202572 69
0.0196731 69
0.0183659 69
0.0184253 69
0.020751 69
0.0196162 69
0.0194719 69
0.0171208 69
0.0173697 69
0.0174097 69
0.0175778 69
0.0175258 69
0.0187194 69
0.0179602 69
0.0177133 69
0.0173029 69
0.0169978 69
0.0171082 69
0.0174884 69
0.0169558 69
0.017971 69
0.0178356 69
0.0175244 69
0.0197833 69
0.0181909 69
0.0175359 69
0.0177259 69
0.0174693 69
0.0183292 69
0.0177254 69
0.0199672 69
0.0191193 69
0.0180823 69
0.0183064 69
0.0181393 69
0.0180771 69
0.0180374 69
0.0175385 69
0.0179764 69
0.0175519 69
0.0176043 69
0.017297 69
0.0172424 69
0.0172083 67
0.0173594 67
0.0172253 67
0.0179849 67
0.0196491 67
0.018828 67
0.0177231 67
0.0177693 67
0.0186252 67
0.0188145 67
0.0186944 67
0.019136 67
0.0186113 67
0.0187873 67
0.0198035 67
0.0188212 67
0.0191333 67
0.0190144 67
0.0192766 67
0.0179409 67
0.0172182 67
0.0175877 67
0.0191884 67
0.0181373 67
0.0195602 67
0.018468 67
0.0182155 67
0.0202028 67
0.0179993 67
0.018525 67
0.0193419 67
0.0184052 67
0.0180244 67
0.0180305 67
0.0192474 67
0.0192316 67
0.0200837 67
0.0203945 67
0.0204279 67
0.0200429 67
0.0177433 67
0.0187616 67
0.0179146 67
0.0185057 67
0.0185919 67
0.0185389 67
0.0187409 67
0.0183339 67
0.0195826 67
0.0178898 67
0.0201495 67
0.0175396 67
0.0180637 67
0.0186578 67
0.0185663 65
0.0189323 65
0.0189986 65
0.0185322 65
0.0225334 65
0.0185069 65
0.0192379 65
0.0195564 65
0.021528 65
0.0200789 65
0.0192978 65
0.0208009 65
0.0196511 65
0.0197096 65
0.0202776 65
0.0189146 65
0.0202279 65
0.0189409 65
0.0176794 65
0.0180227 65
0.0188075 65
0.0186064 65
0.0182934 65
0.0182922 65
0.0192139 65
0.0192877 65
0.0184033 65
0.0186861 65
0.0187435 65
0.0184342 65
0.0186762 65
0.0179674 65
0.0197376 65
0.0189073 65
0.0185396 65
0.0201693 65
0.0184542 65
0.0187201 65
0.0196621 65
0.0195469 65
0.0185823 65
0.0185998 65
0.0187761 65
0.0193296 65
0.0189024 65
0.018559 65
0.018627 65
0.0190575 65
0.0187006 65
0.0201022 65
0.0188829 65
0.0183361 65
0.0201319 65
0.0196159 63
0.0187003 63
0.0185868 63
0.0195294 63
0.0188427 63
0.020009 63
0.0188122 63
0.0210008 63
0.0203881 63
0.0203466 63
0.0205821 63
0.022174 63
0.0198973 63
0.0200899 63
0.0202879 63
0.0192102 63
0.020235 63
0.0179745 63
0.0188061 63
0.0187661 63
0.0190247 63
0.0187809 63
0.0200718 63
0.0200929 63
0.0189404 63
0.0190612 63
0.0187073 63
0.0191465 63
0.0185127 63
0.0205367 63
0.0201949 63
0.0187968 63
0.018873 63
0.0207279 63
0.018971 63
0.0237796 63
0.0205859 63
0.0192905 63
0.0185119 63
0.0194312 63
0.0188866 63
0.0193491 63
0.0207832 63
0.0190934 63
0.0211759 63
0.0193231 63
0.0193049 63
0.018855 63
0.0187392 63
0.0193171 63
0.0189658 63
0.0191296 63
0.0217162 61
0.0253284 61
0.02513 61
0.0274837 61
0.0302258 61
0.0271157 61
0.0264384 61
0.0274188 61
0.0266127 61
0.0268853 61
0.0248708 61
0.0251634 61
0.023156 61
0.0254817 61
0.0235953 61
0.0238648 61
0.022914 61
0.0227707 61
0.0232026 61
0.0221602 61
0.0234378 61
0.0234115 61
0.0231566 61
0.0234422 61
0.0229528 61
0.0224274 61
0.0188443 61
0.0199987 61
0.0194013 61
0.0207687 61
0.0207402 61
0.0201447 61
0.0195715 61
0.0188774 61
0.0200953 61
0.0194771 61
0.0194123 61
0.0196259 61
0.0193279 61
0.0189279 61
0.0200572 61
0.0198648 61
0.0192175 61
0.0192078 61
0.0194646 53
0.0209092 53
0.0221539 53
0.0195516 53
0.0191022 53
0.019995 53
0.0208481 53
0.0210646 53
0.0209453 53
0.0213404 53
0.0211254 53
0.0216183 53
0.0215763 53
0.0203986 53
0.0215369 53
0.0198212 53
0.0188397 53
0.0200026 53
0.0198544 53
0.0196754 53
0.0196665 53
0.0199639 53
0.0214104 53
0.0206206 53
0.0195879 53
0.0201172 53
0.0200953 53
0.0199334 53
0.0202185 53
0.0198611 53
0.0198262 53
0.0200128 53
0.0204965 53
0.0201177 53
0.0197567 53
0.0196627 53
0.0209894 53
0.0195461 53
0.0209313 53
0.0201318 53
0.0200727 53
0.0199512 53
0.0194016 53
0.0227269 53
0.0204486 53
0.0196171 53
0.0201339 53
0.022093 53
0.0205682 53
0.0201272 53
0.0197172 59
0.0210803 59
0.0200183 59
0.0198579 59
0.0201671 59
0.0225619 59
0.0222253 59
0.0216412 59
0.0216749 59
0.0223117 59
0.0225623 59
0.022009 59
0.0212597 59
0.0211122 59
0.0210891 59
0.0206275 59
0.0206862 59
0.0204479 59
0.0205869 59
0.0199861 59
0.0207959 59
0.0203167 59
0.0202693 59
0.0203695 59
0.0206929 59
0.0201588 59
0.0203132 59
0.0206562 59
0.0198097 59
0.0208029 59
0.0204825 59
0.0202069 59
0.0205985 59
0.0203233 59
0.020462 59
0.0205505 59
0.0226123 59
0.0213119 59
0.0207369 59
0.0207065 59
0.0205305 59
0.0226019 59
0.0203576 59
0.0208173 59
0.0203311 59
0.0211105 59
0.0203474 59
0.0202657 59
0.0200626 58
0.0231667 58
0.0201876 58
0.0202315 58
0.0207444 58
0.0230472 58
0.0224673 58
0.0221781 58
0.021446 58
0.0214428 58
0.0225464 58
0.0216105 58
0.0215732 58
0.0221193 58
0.0199089 58
0.0207091 58
0.0208652 58
0.0204205 58
0.0201114 58
0.0212002 58
0.0204144 58
0.0211111 58
0.0220156 58
0.0224805 58
0.022371 58
0.0208334 58
0.0210711 58
0.0207001 58
0.021397 58
0.020364 58
0.0226829 58
0.0209589 58
0.0206046 58
0.0210324 58
0.0206019 58
0.0206307 58
0.0229253 58
0.0212308 58
0.0207446 58
0.0205516 58
0.0203788 58
0.0209196 58
0.0205669 58
0.0203626 58
0.0205723 58
0.020828 58
0.0208442 58
0.0206899 58
0.0214048 57
0.0211891 57
0.0210575 57
0.0214622 57
0.0225276 57
0.0222972 57
0.0229449 57
0.024261 57
0.0229024 57
0.0225351 57
0.0224361 57
0.0227038 57
0.0225649 57
0.0206048 57
0.0212491 57
0.021377 57
0.021412 57
0.0208845 57
0.0209008 57
0.021505 57
0.0209574 57
0.0210374 57
0.0228056 57
0.0220021 57
0.0214268 57
0.0210541 57
0.0216747 57
0.0214163 57
0.0210302 57
0.0219571 57
0.0216326 57
0.021158 57
0.0210117 57
0.0214543 57
0.0212139 57
0.0213574 57
0.0229464 57
0.0217871 57
0.0213307 57
0.0213074 57
0.0213192 57
0.0215827 57
0.0220016 57
0.0209638 57
0.0212046 57
0.0212707 57
0.0211537 56
0.0224915 56
0.0214192 56
0.0211663 56
0.0241175 56
0.0227893 56
0.0233686 56
0.0236193 56
0.022832 56
0.0254214 56
0.022476 56
0.0229625 56
0.0227463 56
0.0210805 56
0.0227933 56
0.0217346 56
0.0213044 56
0.021308 56
0.0216016 56
0.0214627 56
0.0213557 56
0.0232398 56
0.0217914 56
0.0213278 56
0.0230507 56
0.0268487 56
0.0257399 56
0.0235378 56
0.0243328 56
0.0233756 56
0.0218401 56
0.0215823 56
0.0217886 56
0.0219863 56
0.0261761 56
0.0214994 56
0.0219289 56
0.0224032 56
0.0226454 56
0.0229241 56
0.0218152 56
0.0214445 56
0.0216421 56
0.0214074 56
0.0215108 56
0.0224813 53
0.021587 53
0.0217087 53
0.0234759 53
0.023694 53
0.0235632 53
0.024076 53
0.0298652 53
0.0275337 53
0.0236989 53
0.0229445 53
0.0225485 53
0.0215132 53
0.0232868 53
0.0221116 53
0.021972 53
0.0221806 53
0.021677 53
0.0221306 53
0.021815 53
0.022126 53
0.0226814 53
0.0224855 53
0.0221789 53
0.0223311 53
0.0220356 53
0.0219208 53
0.0223803 53
0.0221501 53
0.021984 53
0.0224236 53
0.0221608 53
0.0225763 53
0.0223657 53
0.021938 53
0.0237738 53
0.0218748 53
0.0241568 53
0.0221071 53
0.0222463 53
0.0228226 53
0.0219138 53
0.0217963 53
0.0237754 53
0.0254269 53
0.0238589 53
0.0225937 53
0.0253516 53
0.0239229 53
0.0240227 53
0.0237596 53
0.0241748 53
0.0245302 53
0.0241952 53
0.0251598 53
0.0222809 53
0.022146 53
0.0224665 53
0.0224895 53
0.0222323 53
0.0221212 53
0.022667 53
0.0225481 53
0.0240628 53
0.0221781 53
0.0248929 53
0.0225303 53
0.0224277 53
0.0223511 53
0.0247132 53
0.0233303 53
0.0222778 53
0.0231251 53
0.023177 53
0.0232666 53
0.0227493 53
0.0226386 53
0.0242484 53
0.0237574 53
0.0231864 53
0.022414 53
0.0222948 53
0.0227843 53
0.0222701 53
0.0226501 53
0.0244545 53
0.0242912 53
0.0241961 52
0.0224754 52
0.0228063 52
0.0242977 52
0.0252439 52
0.0245135 52
0.0241471 52
0.0258609 52
0.0246685 52
0.0266996 52
0.0240007 52
0.0232191 52
0.0230343 52
0.0232667 52
0.0251928 52
0.0239858 52
0.0247517 52
0.0226399 52
0.023203 52
0.0248607 52
0.0242091 52
0.0228581 52
0.0226177 52
0.0230081 52
0.0229942 52
0.0232981 52
0.0228808 52
0.0226995 52
0.0247277 52
0.0235798 52
0.0232676 52
0.0239457 52
0.0229976 52
0.0227971 52
0.0227591 52
0.0231822 52
0.0227671 52
0.024419 52
0.0250737 52
0.022794 52
0.0231393 52
0.0227667 52
0.0241439 50
0.0233748 50
0.0233072 50
0.026881 50
0.0260488 50
0.024982 50
0.0246935 50
0.0247108 50
0.0242699 50
0.0271822 50
0.0243654 50
0.0222824 50
0.0225902 50
0.0262962 50
0.0229036 50
0.0235164 50
0.0241101 50
0.0224413 50
0.023449 50
0.023095 50
0.0251234 50
0.0253875 50
0.0238138 50
0.0231279 50
0.0230878 50
0.0234149 50
0.0234485 50
0.0239001 50
0.0250041 50
0.0238002 50
0.0238475 50
0.0226264 50
0.0241131 50
0.0231722 50
0.023313 50
0.0235437 50
0.0225011 50
0.0239544 50
0.0241029 50
0.0234773 50
0.0231867 50
0.0232926 50
0.0246376 50
0.0231081 50
0.0259697 50
0.0254895 50
0.0259376 50
0.0259167 50
0.025313 50
0.0256077 50
0.026081 50
0.0247266 50
0.0250514 50
0.0224353 50
0.025165 50
0.0245653 50
0.0235731 50
0.0236404 50
0.023884 50
0.0234279 50
0.0238071 50
0.024068 50
0.0230023 50
0.0241205 50
0.0250191 50
0.0242948 50
0.0238494 50
0.0246128 50
0.0237571 50
0.0236642 50
0.023843 50
0.0243919 50
0.0247655 50
0.0237209 50
0.02411 50
0.0237075 50
0.023583 50
0.0248311 50
0.0231839 50
0.0238745 50
0.0239878 50
0.024268 50
0.0247481 50
0.0259113 50
0.0242677 50
0.0250346 50
0.0276279 50
0.0262896 50
0.0280279 50
0.02668 50
0.0263493 50
0.0258579 50
0.0267789 50
0.0246669 50
0.0244908 50
0.0236797 50
0.0242368 50
0.0251814 50
0.0243735 50
0.0239058 50
0.0242203 50
0.0241006 50
0.02467 50
0.0239385 50
0.0243225 50
0.0248152 50
0.0254079 50
0.0254176 50
0.0235319 50
0.0240851 50
0.0244021 50
0.0254877 50
0.0247292 50
0.0245707 50
0.0242306 50
0.0252103 50
0.0240757 50
0.024541 50
0.0242005 50
0.0252097 50
0.0249149 50
0.027771 50
0.0266759 50
0.0270409 50
0.0241324 48
0.0260369 48
0.0266392 48
0.0263387 48
0.0271567 48
0.0262467 48
0.0281951 48
0.0267574 48
0.0259517 48
0.0250062 48
0.0239554 48
0.0250937 48
0.0245511 48
0.0252137 48
0.0260508 48
0.0252558 48
0.0241239 48
0.0267995 48
0.0256596 48
0.0251235 48
0.0315331 48
0.0255013 48
0.0248298 48
0.0255437 48
0.0256098 48
0.0243871 48
0.0247484 48
0.0269802 48
0.0261713 48
0.0242157 48
0.0255103 48
0.0251747 48
0.0253215 48
0.0239225 48
0.0253825 48
0.0243961 48
0.0260182 48
0.0243605 48
0.0263693 48
0.0257045 47
0.027705 47
0.0282661 47
0.0278617 47
0.0267779 47
0.0270588 47
0.0263692 47
0.0272313 47
0.0261361 47
0.0238028 47
0.0281596 47
0.0255582 47
0.0256773 47
0.0248416 47
0.0251542 47
0.0250447 47
0.0250426 47
0.0249178 47
0.0251736 47
0.0250113 47
0.025439 47
0.0250126 47
0.025095 47
0.0251642 47
0.0272363 47
0.0263084 47
0.0250413 47
0.0254835 47
0.0260049 47
0.0255548 47
0.0249997 47
0.0255988 47
0.025115 47
0.0258936 47
0.0247934 47
0.0256501 47
0.0255146 47
0.0278927 47
0.0265738 47
0.0251542 46
0.0279703 46
0.0287568 46
0.0283989 46
0.0275334 46
0.0291976 46
0.0282451 46
0.027224 46
0.0263972 46
0.0257659 46
0.0249815 46
0.0269193 46
0.0272294 46
0.0256624 46
0.0257584 46
0.0250894 46
0.0261007 46
0.0246255 46
0.0271137 46
0.0251057 46
0.0255084 46
0.0258793 46
0.0253284 46
0.0257105 46
0.0253712 46
0.0258699 46
0.0256083 46
0.0259887 46
0.0257921 46
0.0263858 46
0.0254142 46
0.0271417 46
0.0267796 46
0.0255978 46
0.0258637 46
0.0276744 46
0.0274681 46
0.0258122 46
0.0264836 45
0.0286493 45
0.0286086 45
0.0279851 45
0.0282365 45
0.0276805 45
0.0274611 45
0.0281075 45
0.0254279 45
0.0257145 45
0.0264365 45
0.0257483 45
0.0257135 45
0.0261624 45
0.0261631 45
0.0272479 45
0.0264118 45
0.0262261 45
0.0266172 45
0.0262883 45
0.0261803 45
0.0261797 45
0.0257044 45
0.0258354 45
0.0264531 45
0.0275259 45
0.0265506 45
0.0260912 45
0.0267102 45
0.0263884 45
0.0259857 45
0.0261075 45
0.0261487 45
0.0266118 45
0.0258778 45
0.0259964 45
0.0276099 45
0.0262218 45
0.0299437 45
0.0285572 45
0.029475 45
0.0281707 45
0.0292258 45
0.0285906 45
0.0279386 45
0.028471 45
0.0257557 45
0.0262481 45
0.0278639 45
0.0254965 45
0.0268377 45
0.0262406 45
0.0260471 45
0.0263658 45
0.0264841 45
0.0267603 45
0.0260647 45
0.0263145 45
0.0264561 45
0.0263573 45
0.0269857 45
0.0257168 45
0.0265873 45
0.0266026 45
0.0271776 45
0.0276698 45
0.0263038 45
0.0283119 45
0.0269137 45
0.0262493 45
0.0276503 45
0.026367 45
0.0266079 45
0.0276281 45
0.0272019 45
0.027929 44
0.0353318 44
0.0302537 44
0.0286509 44
0.0286478 44
0.0279949 44
0.0302165 44
0.0270675 44
0.0278573 44
0.0268113 44
0.0292359 44
0.0276146 44
0.0280671 44
0.026597 44
0.026418 44
0.0274059 44
0.0262368 44
0.0267661 44
0.0266083 44
0.0264359 44
0.0289178 44
0.0283782 44
0.0267623 44
0.0272334 44
0.0265721 44
0.0270883 44
0.0273968 44
0.0267454 44
0.0275829 44
0.0270089 44
0.0271629 44
0.0279099 44
0.0267994 44
0.0284181 44
0.0303803 44
0.027472 44
0.0308964 43
0.0309997 43
0.0306431 43
0.0315087 43
0.0288578 43
0.0303727 43
0.0287015 43
0.0290919 43
0.0276581 43
0.0272695 43
0.0282614 43
0.0276108 43
0.0274973 43
0.0268909 43
0.027024 43
0.0282369 43
0.0285158 43
0.0268234 43
0.0283404 43
0.0270034 43
0.0272069 43
0.0280326 43
0.0276392 43
0.0270338 43
0.0273075 43
0.0281471 43
0.0273519 43
0.0272283 43
0.0302338 43
0.028065 43
0.0273349 43
0.0298278 43
0.0279978 43
0.0288651 43
0.0273478 43
0.0294501 43
0.0295807 43
0.0316805 43
0.0320915 43
0.0293674 43
0.0303747 43
0.0293233 43
0.0295155 43
0.0272162 43
0.0280163 43
0.0273068 43
0.0269079 43
0.0285575 43
0.0270788 43
0.0272768 43
0.0304957 43
0.02804 43
0.0281438 43
0.0276469 43
0.0272465 43
0.0286256 43
0.0277144 43
0.02719 43
0.02756 43
0.0281569 43
0.0280991 43
0.027949 43
0.0288324 43
0.0282112 43
0.0274494 43
0.0276108 43
0.0288188 43
0.0275263 43
0.0288546 43
0.0286398 43
0.0285243 43
0.0318094 42
0.0315889 42
0.0295462 42
0.0323267 42
0.032632 42
0.0295361 42
0.0270865 42
0.0295939 42
0.0282179 42
0.0275207 42
0.0282828 42
0.0280242 42
0.0278512 42
0.0276824 42
0.0279318 42
0.0283411 42
0.0278067 42
0.0281178 42
0.0277801 42
0.0280331 42
0.0283819 42
0.0286523 42
0.0277414 42
0.031095 42
0.0298657 42
0.0285098 42
0.02956 42
0.029711 42
0.0279156 42
0.0308025 42
0.0289456 42
0.0295725 42
0.0305147 42
0.0314515 42
0.0338719 42
0.0309219 41
0.0303469 41
0.0310465 41
0.0320341 41
0.0304295 41
0.0278711 41
0.031632 41
0.0291516 41
0.0282421 41
0.0277524 41
0.0290695 41
0.0278078 41
0.0278136 41
0.0318226 41
0.0294395 41
0.028093 41
0.0281072 41
0.0286601 41
0.0282177 41
0.0282101 41
0.0296598 41
0.0302201 41
0.029914 41
0.0290806 41
0.0287622 41
0.0290311 41
0.0281822 41
0.0284121 41
0.0296588 41
0.0289085 41
0.0298099 41
0.0303779 41
0.0288558 41
0.0320691 41
0.0310057 41
0.0315436 41
0.0323968 41
0.0317313 41
0.0302055 41
0.0292686 41
0.02843 41
0.0278766 41
0.0283951 41
0.0305153 41
0.0296095 41
0.0284795 41
0.0284942 41
0.0296388 41
0.0302262 41
0.0280804 41
0.0287152 41
0.0282732 41
0.0298673 41
0.028261 41
0.0284984 41
0.0293077 41
0.0292137 41
0.0288009 41
0.0287912 41
0.0301414 41
0.0296814 41
0.028935 41
0.0288908 41
0.0294429 41
0.0303238 41
0.0288693 41
0.030518 41
0.0315081 41
0.0315479 41
0.0346224 41
0.0344096 41
0.0349506 41
0.0328135 41
0.0288326 41
0.0302492 41
0.0294741 41
0.0309567 41
0.0285196 41
0.0297554 41
0.0287916 41
0.0290953 41
0.02865 41
0.0290545 41
0.029207 41
0.0284973 41
0.0300669 41
0.0302754 41
0.029734 41
0.0290604 41
0.030121 41
0.0290841 41
0.0302399 41
0.0298866 41
0.029061 41
0.0310594 41
0.0301684 41
0.0298849 41
0.0309331 41
0.0291731 41
0.0302032 41
0.0322559 41
0.0327627 39
0.0317761 39
0.0319712 39
0.0317663 39
0.0315879 39
0.0292601 39
0.0290804 39
0.0288038 39
0.0310246 39
0.0306018 39
0.0289964 39
0.0290688 39
0.0297495 39
0.0305662 39
0.0296521 39
0.0290434 39
0.0302981 39
0.0309209 39
0.0316686 39
0.0298109 39
0.0291622 39
0.0293932 39
0.0321231 39
0.0297924 39
0.0301252 39
0.0292863 39
0.0304965 39
0.0295491 39
0.0320093 39
0.0307553 39
0.0307758 39
0.0306375 39
0.0323095 39
0.032475 39
0.0342416 39
0.0330824 39
0.0314903 39
0.0316709 39
0.0288246 39
0.0304677 39
0.0293098 39
0.0303415 39
0.0294324 39
0.0299284 39
0.0293708 39
0.0293392 39
0.0293728 39
0.0314885 39
0.0307479 39
0.0298871 39
0.0293214 39
0.0297978 39
0.0296565 39
0.0305649 39
0.0304647 39
0.0311203 39
0.0306151 39
0.0306805 39
0.0302951 39
0.0311467 39
0.0303367 39
0.0300176 39
0.0317327 39
0.0306608 39
0.0325595 39
0.0326563 39
0.0338511 39
0.0327779 39
0.0330902 39
0.0332515 39
0.0301946 39
0.0303916 39
0.0303861 39
0.0293971 39
0.0299321 39
0.0312515 39
0.0310175 39
0.0299915 39
0.029458 39
0.0304914 39
0.029611 39
0.0302079 39
0.0299667 39
0.0295694 39
0.0300672 39
0.0316453 39
0.0308427 39
0.0306153 39
0.0308545 39
0.0300209 39
0.0308511 39
0.0305742 39
0.0317212 39
0.0317544 39
0.0334553 39
0.0317901 39
0.0324915 39
0.0331609 39
0.0335287 39
0.0341152 39
0.0326013 39
0.0323952 39
0.0328449 39
0.0299843 39
0.0297093 39
0.030265 39
0.031292 39
0.0304206 39
0.0303748 39
0.0299875 39
0.030019 39
0.0335734 39
0.0322467 39
0.0335707 39
0.0299491 39
0.031905 39
0.0305074 39
0.0305654 39
0.0306815 39
0.0314456 39
0.0308928 39
0.0307942 39
0.0329365 39
0.0309893 39
0.0316131 39
0.0309606 39
0.0318553 39
0.0310521 39
0.033575 39
0.0336099 39
0.0333772 39
0.0335801 38
0.0330443 38
0.0329013 38
0.031124 38
0.0300929 38
0.0313941 38
0.0307358 38
0.0305656 38
0.030068 38
0.0305612 38
0.0304701 38
0.0308024 38
0.0305628 38
0.0307731 38
0.0302733 38
0.0305415 38
0.0303724 38
0.0308417 38
0.0316145 38
0.0315187 38
0.0324583 38
0.0314635 38
0.0306376 38
0.0329662 38
0.0323091 38
0.0324755 38
0.0307924 38
0.0326617 38
0.0323396 38
0.0338145 38
0.0351488 38
0.0335687 38
0.0326722 38
0.0341544 38
0.0324089 38
0.0307203 38
0.0308001 38
0.03073 38
0.0309247 38
0.0315284 38
0.0318613 38
0.0308746 38
0.0308991 38
0.0309521 38
0.0316651 38
0.0310378 38
0.0302151 38
0.0310519 38
0.0310419 38
0.0308348 38
0.0332979 38
0.0325447 38
0.0319819 38
0.0421323 38
0.0336996 38
0.0329392 38
0.0318564 38
0.0319502 38
0.0328222 38
0.0324975 38
0.0347749 38
0.0342543 38
0.0339414 38
0.0356649 37
0.0342647 37
0.0354105 37
0.0311876 37
0.031898 37
0.03123 37
0.0329479 37
0.032261 37
0.0312016 37
0.031909 37
0.0332739 37
0.0323917 37
0.031413 37
0.0316218 37
0.031553 37
0.0309646 37
0.0323498 37
0.0320046 37
0.0325913 37
0.0320264 37
0.0336796 37
0.0338623 37
0.0323265 37
0.0318591 37
0.0323214 37
0.0346868 37
0.0322367 37
0.0361844 37
0.0348477 37
0.0346032 37
0.0355713 37
0.0342775 37
0.0340055 37
0.0321504 37
0.0317642 37
0.0317134 37
0.0323247 37
0.0319874 37
0.0319341 37
0.0317482 37
0.0318777 37
0.0318476 37
0.0319668 37
0.0333527 37
0.0318958 37
0.0320329 37
0.031238 37
0.0320387 37
0.034219 37
0.0343036 37
0.0338004 37
0.0330532 37
0.0323685 37
0.0325712 37
0.0332281 37
0.0335448 37
0.0331867 37
0.0343131 37
0.0358682 37
0.034979 37
0.0356862 37
0.0346545 37
0.0353516 37
0.0350676 37
0.0330739 37
0.0321094 37
0.0322441 37
0.0327732 37
0.0324067 37
0.0321797 37
0.0321571 37
0.0325458 37
0.0324149 37
0.0319926 37
0.0319784 37
0.0320754 37
0.0321949 37
0.0328296 37
0.0325188 37
0.0328679 37
0.0328491 37
0.0328588 37
0.0328647 37
0.0324185 37
0.0327147 37
0.0332829 37
0.0335633 37
0.0336541 37
0.0376596 37
0.0361044 37
0.0347522 37
0.035154 37
0.0358098 37
0.0338305 37
0.0320276 37
0.0325914 37
0.0324502 37
0.0321829 37
0.0341923 37
0.0329365 37
0.0325541 37
0.0328681 37
0.0322093 37
0.0317676 37
0.0324647 37
0.0322337 37
0.0325784 37
0.0329737 37
0.032813 37
0.0331085 37
0.0345461 37
0.0329319 37
0.0329606 37
0.0330639 37
0.0341463 37
0.0329876 37
0.0357673 37
0.0346305 37
0.0376138 37
0.0367569 37
0.0353063 37
0.0351786 37
0.0377682 37
0.0337429 37
0.0326307 37
0.0321287 37
0.0325969 37
0.0323257 37
0.0342256 37
0.0325273 37
0.032564 37
0.0330892 37
0.0326844 37
0.0333066 37
0.0326814 37
0.0332249 37
0.0328617 37
0.0331992 37
0.0335509 37
0.0334222 37
0.0334034 37
0.0333947 37
0.0338451 37
0.0339233 37
0.0337242 37
0.03575 37
0.0351536 37
0.0372882 37
0.0363312 37
0.0356183 37
0.0363504 37
0.0348878 37
0.036758 37
0.032783 37
0.0350286 37
0.0329852 37
0.0328505 37
0.0372723 37
0.0338065 37
0.0327086 37
0.0355425 37
0.0348453 37
0.0331279 37
0.0351002 37
0.034604 37
0.0348204 37
0.0332212 37
0.0351506 37
0.0339363 37
0.0336915 37
0.0336635 37
0.0342411 37
0.0348885 37
0.0354524 37
0.0368553 37
0.0350758 37
0.0364215 37
0.0363434 37
0.0363352 37
0.0366418 37
0.0370206 37
0.0346948 37
0.0331527 37
0.0330272 37
0.032963 37
0.033399 37
0.0357936 37
0.0338505 37
0.0332198 37
0.0332881 37
0.037959 37
0.0333167 37
0.0341217 37
0.0340117 37
0.0334142 37
0.033688 37
0.0345837 37
0.0361482 37
0.0357631 37
0.0341147 37
0.0350851 37
0.0341324 37
0.0342713 37
0.0353293 37
0.0358973 37
0.0398659 37
0.0400945 37
0.0375858 37
0.0360201 37
0.0377625 37
0.0332558 37
0.033653 37
0.0334527 37
0.0334001 37
0.0334154 37
0.0333251 37
0.033962 37
0.033231 37
0.0398848 37
0.0350623 37
0.033519 37
0.0335444 37
0.0349224 37
0.0354038 37
0.0345132 37
0.0342794 37
0.0347904 37
0.0341687 37
0.034412 37
0.0343859 37
0.0342771 37
0.0360233 37
0.0346528 37
0.0373431 37
0.0377372 37
0.0368274 37
0.0371601 37
0.0362812 38
0.0355195 38
0.0336732 38
0.033752 38
0.0341015 38
0.0333954 38
0.0336953 38
0.0340773 38
0.033649 38
0.0334551 38
0.0336939 38
0.0337811 38
0.0336049 38
0.0338481 38
0.0341774 38
0.0339154 38
0.036433 38
0.0355021 38
0.0345278 38
0.0346458 38
0.0356115 38
0.035193 38
0.0347296 38
0.036039 38
0.0361118 38
0.0372835 38
0.0369658 38
0.0376535 38
0.036599 38
0.0364392 38
0.0352165 38
0.034078 38
0.0337655 38
0.0363891 38
0.0360799 38
0.0356436 38
0.0339839 38
0.0339753 38
0.0341073 38
0.0341489 38
0.0342546 38
0.0358747 38
0.034874 38
0.034212 38
0.035483 38
0.0359189 38
0.0351845 38
0.0350696 38
0.0367457 38
0.0366106 38
0.0352261 38
0.035975 38
0.0360848 38
0.0382832 38
0.0380074 38
0.0371075 38
0.0375619 38
0.0369201 37
0.0351145 37
0.0341581 37
0.0336575 37
0.0342562 37
0.0341424 37
0.0347637 37
0.0340212 37
0.034911 37
0.0350561 37
0.0349555 37
0.0344087 37
0.0342955 37
0.0348461 37
0.0345265 37
0.036338 37
0.0364183 37
0.0356468 37
0.0351746 37
0.0358276 37
0.0350053 37
0.0355516 37
0.037638 37
0.0364437 37
0.037868 37
0.0388244 37
0.0383008 37
0.0373096 37
0.0384133 37
0.035859 38
0.0347219 38
0.0343773 38
0.0344931 38
0.034656 38
0.0344229 38
0.0339144 38
0.0363774 38
0.0360184 38
0.0342588 38
0.0346916 38
0.0368834 38
0.0356198 38
0.0354616 38
0.0353961 38
0.035695 38
0.0367388 38
0.0353839 38
0.0353217 38
0.0354155 38
0.0359367 38
0.036653 38
0.0367684 38
0.0379485 38
0.0393351 38
0.038961 38
0.0379681 38
0.0371419 37
0.0360378 37
0.0353673 37
0.0353654 37
0.0348524 37
0.0351878 37
0.0367707 37
0.0346969 37
0.0365071 37
0.0350859 37
0.0347572 37
0.0352086 37
0.0346991 37
0.0352965 37
0.0354059 37
0.0357559 37
0.035512 37
0.0367684 37
0.0362475 37
0.0369437 37
0.0357077 37
0.0361868 37
0.0369645 37
0.0381501 37
0.0403989 37
0.0380223 37
0.0377829 37
0.0395014 37
0.0374048 37
0.0343451 37
0.0364302 37
0.0365036 37
0.0361302 37
0.0356524 37
0.0350473 37
0.036297 37
0.0354137 37
0.0351294 37
0.035096 37
0.036094 37
0.0353204 37
0.0356145 37
0.0359191 37
0.0361613 37
0.0365105 37
0.0368377 37
0.0360848 37
0.0359501 37
0.0358082 37
0.0377455 37
0.036782 37
0.0393605 37
0.038904 37
0.0384318 37
0.0390531 37
0.0379776 37
0.0359217 37
0.0357254 37
0.036274 37
0.0365695 37
0.0354338 37
0.0353189 37
0.0360068 37
0.0350705 37
0.0352644 37
0.035885 37
0.0357843 37
0.0353885 37
0.0355754 37
0.0361351 37
0.0360766 37
0.040527 37
0.0381082 37
0.0365935 37
0.0364061 37
0.0369621 37
0.0381848 37
0.0383709 37
0.0393411 37
0.0405456 37
0.0427023 37
0.0441735 37
0.0389839 37
0.0372183 37
0.0376871 37
0.0360382 37
0.0354415 37
0.0358319 37
0.0354802 37
0.0373231 37
0.0360773 37
0.0352348 37
0.0354925 37
0.0356509 37
0.0369586 37
0.0357708 37
0.0361961 37
0.0367023 37
0.037044 37
0.0377785 37
0.0370489 37
0.0371933 37
0.0363211 37
0.0381061 37
0.0396257 37
0.0412346 37
0.0400402 37
0.039137 37
0.04005 37
0.0388356 37
0.0350454 37
0.0365285 37
0.035859 37
0.0363077 37
0.0357888 37
0.0358595 37
0.0361573 37
0.0362382 37
0.0357479 37
0.0366387 37
0.0362558 37
0.0362671 37
0.0360503 37
0.0382764 37
0.0388199 37
0.0370781 37
0.0372168 37
0.0390843 37
0.039821 37
0.0376238 37
0.0378885 37
0.0397189 37
0.0397277 37
0.0396353 37
0.0399473 37
0.0387529 37
0.0383026 37
0.0362729 36
0.0374809 36
0.0374063 36
0.0362633 36
0.0366589 36
0.0360071 36
0.0358794 36
0.0380649 36
0.0375188 36
0.0374615 36
0.0362827 36
0.0359966 36
0.0368447 36
0.0371003 36
0.0384807 36
0.0393718 36
0.0384235 36
0.0378991 36
0.0370498 36
0.0382189 36
0.0380577 36
0.0404931 36
0.0400374 36
0.0401361 36
0.0392087 36
0.0386267 36
0.0370545 36
0.037835 36
0.0368226 36
0.0368615 36
0.0370858 36
0.0364173 36
0.0366141 36
0.0367613 36
0.0362939 36
0.0363193 36
0.036697 36
0.0365708 36
0.0381238 36
0.0378902 36
0.038261 36
0.037347 36
0.0372265 36
0.0375617 36
0.0379264 36
0.0387951 36
0.0385948 36
0.0412409 36
0.0407935 36
0.0403981 36
0.0415975 36
0.0394093 36
0.0389737 36
0.0377406 37
0.0365679 37
0.0369884 37
0.0365755 37
0.0364934 37
0.0364957 37
0.0399083 37
0.0383107 37
0.0364022 37
0.0367626 37
0.0366749 37
0.0372371 37
0.0374424 37
0.0380685 37
0.0383875 37
0.038125 37
0.0377993 37
0.0375538 37
0.0381572 37
0.0390489 37
0.0391595 37
0.0410845 37
0.0399849 37
0.0406139 37
0.0411993 37
0.0389285 37
0.0371473 36
0.036853 36
0.0375874 36
0.0366746 36
0.0377797 36
0.0368678 36
0.0371202 36
0.038475 36
0.0393767 36
0.0375012 36
0.0372317 36
0.036501 36
0.0381189 36
0.0381576 36
0.0385531 36
0.0380518 36
0.0383277 36
0.0386079 36
0.0385888 36
0.0406376 36
0.0401454 36
0.0416507 36
0.0410829 36
0.0413325 36
0.0421882 36
0.0380824 36
0.0392259 35
0.03782 35
0.036863 35
0.0377838 35
0.0369437 35
0.0367074 35
0.0371062 35
0.0383251 35
0.0374403 35
0.0368286 35
0.0369475 35
0.0375982 35
0.0377473 35
0.038419 35
0.0382868 35
0.0395802 35
0.0385413 35
0.0398323 35
0.0395829 35
0.040548 35
0.041596 35
0.0415724 35
0.0417837 35
0.0408263 35
0.0418794 35
0.0394038 35
0.0367146 35
0.0419395 35
0.039509 35
0.0382861 35
0.038235 35
0.0373114 35
0.0373426 35
0.0389784 35
0.0390816 35
0.0379027 35
0.0371718 35
0.0382218 35
0.0390003 35
0.0394435 35
0.0398883 35
0.0390234 35
0.0385687 35
0.0389835 35
0.0415127 35
0.0410424 35
0.0417563 35
0.0415785 35
0.0408075 35
0.0405788 35
0.0421333 35
0.0381126 35
0.0389952 37
0.037208 37
0.0375047 37
0.0380905 37
0.0374857 37
0.0375808 37
0.0404887 37
0.0388391 37
0.0380957 37
0.0380785 37
0.0382932 37
0.0383699 37
0.0387577 37
0.0390761 37
0.0392131 37
0.0387503 37
0.0391075 37
0.0393574 37
0.040355 37
0.0418497 37
0.0416662 37
0.0416385 37
0.0410436 37
0.0408983 37
0.0403507 37
0.03862 37
0.0389808 37
0.0390906 37
0.0382409 37
0.0383841 37
0.0380221 37
0.0399353 37
0.0394224 37
0.0384593 37
0.0382467 37
0.0378776 37
0.038437 37
0.0391932 37
0.0392869 37
0.0391527 37
0.0390615 37
0.039524 37
0.0399316 37
0.0410195 37
0.0403255 37
0.0422845 37
0.0420506 37
0.0428911 37
0.042539 37
0.0442204 37
0.0424058 37
0.0406862 38
0.0394308 38
0.0394622 38
0.0390805 38
0.0379356 38
0.0385991 38
0.0378178 38
0.0378195 38
0.0395291 38
0.0400853 38
0.0382099 38
0.0400913 38
0.0396637 38
0.0411014 38
0.0411553 38
0.0411226 38
0.0421647 38
0.0403658 38
0.0423151 38
0.0419859 38
0.0435752 38
0.0417367 38
0.0424363 38
0.0398778 38
0.0403154 38
0.0388435 38
0.0392005 38
0.038091 38
0.0383474 38
0.0388111 38
0.0382129 38
0.0379067 38
0.0382869 38
0.0384603 38
0.0381606 38
0.0392103 38
0.0408615 38
0.040642 38
0.0419284 38
0.0401717 38
0.0394654 38
0.041427 38
0.0405102 38
0.0425272 38
0.0427764 38
0.0427075 38
0.0429331 38
0.0421638 38
0.0395497 38
0.0382127 38
0.0384217 38
0.0389491 38
0.0383164 38
0.038227 38
0.0386419 38
0.0393481 38
0.0389617 38
0.0390305 38
0.0435346 38
0.0423812 38
0.0399797 38
0.0401355 38
0.0405279 38
0.0402911 38
0.0405242 38
0.0397907 38
0.0412983 38
0.0409386 38
0.042569 38
0.0436713 38
0.0423695 38
0.0446193 38
0.0428279 38
0.0396636 38
0.0399901 38
0.0389102 38
0.0393221 38
0.0397297 38
0.0384066 38
0.0386984 38
0.0391572 38
0.0386161 38
0.0392208 38
0.0408639 38
0.0406806 38
0.040308 38
0.0401978 38
0.0408428 38
0.0400583 38
0.0419842 38
0.0420642 38
0.0416881 38
0.0429454 38
0.0445167 38
0.0427703 38
0.0426615 38
0.0418981 38
0.0411153 38
0.0389711 38
0.0399324 38
0.039445 38
0.0388701 38
0.0397303 38
0.0391936 38
0.0390003 38
0.0432065 38
0.0419163 38
0.0410977 38
0.0396383 38
0.0438646 38
0.0440015 38
0.0416865 38
0.0413254 38
0.041266 38
0.0416989 38
0.0445779 38
0.0441917 38
0.0428007 38
0.043286 38
0.0428319 38
0.0439783 38
0.0464219 38
0.0403641 38
0.0395683 38
0.0390563 37
0.0397337 37
0.0398269 37
0.0402704 37
0.0409075 37
0.0404534 37
0.0407979 37
0.0396124 37
0.0418302 37
0.0400197 37
0.0402835 37
0.0412965 37
0.0409098 37
0.0420091 37
0.0407594 37
0.042494 37
0.0413526 37
0.0439631 37
0.0432395 37
0.0442765 37
0.0483346 37
0.0418741 37
0.0396144 37
0.0390921 37
0.0398862 36
0.039246 36
0.0400066 36
0.0393183 36
0.0397427 36
0.0400942 36
0.0416527 36
0.0400332 36
0.0394817 36
0.040301 36
0.0417327 36
0.0412021 36
0.0414644 36
0.0414817 36
0.041523 36
0.0423041 36
0.0416088 36
0.0452428 36
0.0464453 36
0.0435251 36
0.0427147 36
0.0449158 36
0.0401682 36
0.0396271 36
0.0398616 37
0.0409877 37
0.0396174 37
0.0418769 37
0.0411958 37
0.0404628 37
0.0395633 37
0.0396034 37
0.0406927 37
0.0404215 37
0.0414068 37
0.0412307 37
0.0436011 37
0.0430948 37
0.0416581 37
0.0422943 37
0.0425798 37
0.0443688 37
0.0445801 37
0.0456012 37
0.0443905 37
0.0427643 37
0.0399432 37
0.0403511 37
0.0405484 37
0.0399424 38
0.0401811 38
0.0405206 38
0.0406551 38
0.0408931 38
0.0404258 38
0.0405597 38
0.0400515 38
0.0406506 38
0.0418277 38
0.041492 38
0.0416619 38
0.0416578 38
0.0420899 38
0.043234 38
0.0444766 38
0.044871 38
0.044348 38
0.0440552 38
0.0442642 38
0.0449677 38
0.0404172 38
0.0400903 38
0.0408978 38
0.0403961 38
0.0407174 38
0.0405287 38
0.0411269 38
0.0403262 38
0.0401246 38
0.040928 38
0.040201 38
0.0433555 38
0.042627 38
0.0428785 38
0.0416093 38
0.0433806 38
0.0434533 38
0.0426732 38
0.0435305 38
0.0448667 38
0.0446572 38
0.0452427 38
0.0432957 38
0.0422326 38
0.0406894 38
0.0409969 38
0.0403074 38
0.0426619 38
0.0421265 38
0.0420539 38
0.0413968 38
0.0410198 38
0.0413055 38
0.0417357 38
0.0414927 38
0.0434085 38
0.0418756 38
0.04281 38
0.0425506 38
0.0418897 38
0.0425504 38
0.0431006 38
0.0457931 38
0.0452679 38
0.0450366 38
0.0445298 38
0.0440743 38
0.0416 38
0.0418691 38
0.0405057 38
0.0427108 38
0.0418538 38
0.0412717 38
0.0430228 38
0.0423708 38
0.0410029 38
0.0411839 38
0.0412443 38
0.0429271 38
0.043111 38
0.043779 38
0.0444437 38
0.043773 38
0.0426508 38
0.0437362 38
0.0452897 38
0.0455314 38
0.0445222 38
0.0451158 38
0.044945 38
0.0425623 38
0.0411298 38
0.041451 38
0.0409594 36
0.0416442 36
0.0410123 36
0.0409137 36
0.0412211 36
0.0424342 36
0.0427107 36
0.0414845 36
0.0413037 36
0.0445103 36
0.0450088 36
0.0431941 36
0.0428103 36
0.0429604 36
0.0440141 36
0.0438076 36
0.0463764 36
0.0457881 36
0.0446854 36
0.0460233 36
0.0441932 36
0.041388 36
0.041866 36
0.0410967 36
0.0416079 38
0.0412322 38
0.042263 38
0.0435197 38
0.0439063 38
0.041882 38
0.0412981 38
0.0418173 38
0.0427065 38
0.0433787 38
0.0428603 38
0.0432334 38
0.0439214 38
0.0436024 38
0.044793 38
0.0458097 38
0.046283 38
0.0465642 38
0.0450067 38
0.0434697 38
0.0415905 38
0.0417489 38
0.0434148 38
0.0441441 36
0.0414802 36
0.0419168 36
0.0417395 36
0.0418358 36
0.041358 36
0.0418963 36
0.0419315 36
0.0436833 36
0.043352 36
0.0443992 36
0.0435242 36
0.0431614 36
0.0438087 36
0.0446754 36
0.0481578 36
0.04778 36
0.0471603 36
0.0463538 36
0.0432363 36
0.0421427 36
0.0419293 36
0.0417716 36
0.0419803 37
0.0417809 37
0.0429837 37
0.0432281 37
0.0421663 37
0.0422125 37
0.0417658 37
0.0424998 37
0.0446387 37
0.0452021 37
0.0444447 37
0.0439344 37
0.0438372 37
0.0444133 37
0.0445176 37
0.0485295 37
0.0461933 37
0.0503087 37
0.0494105 37
0.0456371 37
0.0429143 37
0.0435237 37
0.0416286 37
0.0422929 37
0.0419182 37
0.0441994 37
0.0444265 37
0.0418722 37
0.0431557 37
0.0426303 37
0.0432432 37
0.0433851 37
0.045824 37
0.0451142 37
0.0456586 37
0.0435599 37
0.0451158 37
0.04654 37
0.0479437 37
0.0462599 37
0.0458863 37
0.0462671 37
0.042216 37
0.0418617 37
0.0427936 37
0.0421771 37
0.042563 36
0.0418838 36
0.0541672 36
0.0428802 36
0.0426417 36
0.0417777 36
0.0436902 36
0.0455531 36
0.0446076 36
0.0445596 36
0.0439403 36
0.0452981 36
0.0459189 36
0.0448926 36
0.0483923 36
0.0478982 36
0.0467549 36
0.0462228 36
0.0443232 36
0.0430223 36
0.0428217 36
0.042622 36
0.0429184 35
0.0426019 35
0.0433492 35
0.0457963 35
0.0440344 35
0.0428625 35
0.0427827 35
0.043124 35
0.0452923 35
0.0439557 35
0.0445792 35
0.0449363 35
0.0438783 35
0.0490761 35
0.0488979 35
0.0474761 35
0.0468688 35
0.0466242 35
0.0448074 35
0.0432899 35
0.0447823 35
0.0437223 35
0.0428786 35
0.0429733 35
0.0424321 35
0.0443908 35
0.0425883 35
0.0455398 35
0.0461694 35
0.0436325 35
0.0462043 35
0.044917 35
0.0449187 35
0.0441713 35
0.0453954 35
0.0463686 35
0.0468364 35
0.0479951 35
0.0473632 35
0.047511 35
0.0471577 35
0.0432025 35
0.0426288 35
0.0433029 35
0.0426945 35
0.0430892 36
0.0436945 36
0.0431304 36
0.0436279 36
0.0426205 36
0.0432828 36
0.0434256 36
0.0453986 36
0.0449597 36
0.0451271 36
0.044919 36
0.0448394 36
0.0466582 36
0.0454328 36
0.0482068 36
0.0490326 36
0.0473624 36
0.0469101 36
0.0443986 36
0.0427182 36
0.0439067 36
0.0429228 36
0.0432587 36
0.0448187 35
0.0430869 35
0.0435581 35
0.0434306 35
0.042955 35
0.0439916 35
0.0466042 35
0.0466745 35
0.0452056 35
0.0453053 35
0.0458595 35
0.0453965 35
0.0468428 35
0.0507073 35
0.0491864 35
0.0473521 35
0.0473481 35
0.0436687 35
0.0438403 35
0.0449066 35
0.0429018 35
0.0437485 35
0.0430483 37
0.0454597 37
0.0452326 37
0.0442658 37
0.043233 37
0.0441654 37
0.0445732 37
0.0454009 37
0.0456013 37
0.0456248 37
0.0447957 37
0.0456341 37
0.0468647 37
0.0482906 37
0.0479744 37
0.0482498 37
0.0472099 37
0.0457531 37
0.044007 37
0.0431645 37
0.0441015 37
0.0437767 37
0.0437666 35
0.0440153 35
0.0438702 35
0.0433626 35
0.0440149 35
0.0440814 35
0.0472317 35
0.0464999 35
0.046207 35
0.0472942 35
0.0458307 35
0.0458112 35
0.0497391 35
0.0484848 35
0.0482814 35
0.0478825 35
0.0470011 35
0.0448055 35
0.0481819 35
0.0445432 35
0.0446863 35
0.0437073 35
0.0477166 35
0.0456858 35
0.0434575 35
0.044278 35
0.0459502 35
0.0441746 35
0.045344 35
0.0460044 35
0.0469698 35
0.0454588 35
0.0459266 35
0.0487153 35
0.0474679 35
0.0490779 35
0.0485603 35
0.0496829 35
0.0488328 35
0.0436449 35
0.0444442 35
0.0443267 35
0.0458675 35
0.0455668 35
0.0441742 36
0.0443893 36
0.0446349 36
0.0445872 36
0.0446165 36
0.0445904 36
0.0459925 36
0.0477575 36
0.04844 36
0.046315 36
0.0461502 36
0.0471097 36
0.0492477 36
0.0491046 36
0.0491519 36
0.0486009 36
0.0459082 36
0.0442583 36
0.0460493 36
0.0444102 36
0.0443189 36
0.0445505 35
0.0464721 35
0.0446386 35
0.0440011 35
0.0461495 35
0.0470363 35
0.0447995 35
0.0463648 35
0.0487341 35
0.047447 35
0.0463563 35
0.0478408 35
0.0477944 35
0.0537048 35
0.0543803 35
0.0506034 35
0.0473033 35
0.0445405 35
0.0453289 35
0.044957 35
0.0452757 35
0.0445399 35
0.0465812 37
0.0449918 37
0.0450117 37
0.0442165 37
0.0457983 37
0.0457568 37
0.0461102 37
0.0465008 37
0.0515021 37
0.0463439 37
0.0499302 37
0.0484854 37
0.0501601 37
0.0497373 37
0.049109 37
0.0488064 37
0.0458774 37
0.0481098 37
0.0452423 37
0.0472467 37
0.0460566 37
0.0453066 36
0.0444785 36
0.0448978 36
0.0479152 36
0.0461229 36
0.045653 36
0.0473022 36
0.0471693 36
0.0486582 36
0.0539619 36
0.0469768 36
0.0497368 36
0.0503432 36
0.0504276 36
0.0491462 36
0.0493932 36
0.0471574 36
0.0456284 36
0.0460482 36
0.0453399 36
0.0453064 36
0.0443696 35
0.0474354 35
0.0454378 35
0.045537 35
0.0446889 35
0.0473519 35
0.0468458 35
0.0468854 35
0.0485349 35
0.0470736 35
0.0526054 35
0.0483353 35
0.0518215 35
0.0514089 35
0.0499244 35
0.0503904 35
0.0466454 35
0.0451916 35
0.047309 35
0.0469196 35
0.0464473 35
0.0450706 35
0.0456259 35
0.0466683 35
0.0493181 35
0.0468502 35
0.046384 35
0.0472931 35
0.0473776 35
0.0483225 35
0.047412 35
0.048294 35
0.0518373 35
0.0504087 35
0.0496666 35
0.0493655 35
0.0490898 35
0.0460445 35
0.0456023 35
0.0472997 35
0.0456231 35
0.0460309 35
0.0455492 35
0.0456186 37
0.0457934 37
0.0461922 37
0.0453999 37
0.0466863 37
0.0474498 37
0.0477234 37
0.047669 37
0.0473608 37
0.0474124 37
0.0485587 37
0.056189 37
0.0501899 37
0.0495019 37
0.0493578 37
0.0470729 37
0.045647 37
0.0457937 37
0.0474686 37
0.0456835 37
0.0452359 37
0.0467505 34
0.0459274 34
0.0457983 34
0.0452795 34
0.0475349 34
0.0475789 34
0.0477185 34
0.0484731 34
0.0472947 34
0.0485319 34
0.0491976 34
0.0561444 34
0.0510011 34
0.0536172 34
0.0498488 34
0.0458534 34
0.0466897 34
0.0470417 34
0.0461413 34
0.0461745 34
0.0462172 34
0.0471914 34
0.0453836 34
0.0460418 34
0.0468816 34
0.0472668 34
0.0477247 34
0.0489479 34
0.0486598 34
0.0481685 34
0.0478768 34
0.050112 34
0.0547951 34
0.0512208 34
0.0502861 34
0.0497443 34
0.0471992 34
0.046202 34
0.0471619 34
0.0461463 34
0.0462106 34
0.0457401 34
0.0464736 37
0.04637 37
0.0480998 37
0.0484578 37
0.0467643 37
0.0480338 37
0.0480079 37
0.0479834 37
0.0493228 37
0.0490992 37
0.0501662 37
0.0520034 37
0.0529838 37
0.0514712 37
0.0489478 37
0.0463362 37
0.0479361 37
0.046225 37
0.0466284 37
0.0458579 37
0.0463692 37
0.0464914 35
0.0465156 35
0.0471104 35
0.0469323 35
0.0478914 35
0.0486329 35
0.0485039 35
0.0499069 35
0.0485289 35
0.0495016 35
0.0509979 35
0.0516352 35
0.053767 35
0.0521538 35
0.0477681 35
0.0491693 35
0.0468715 35
0.0468717 35
0.0467564 35
0.0461842 35
0.0472296 33
0.048014 33
0.0469239 33
0.0468793 33
0.0476737 33
0.0479459 33
0.0489979 33
0.0488214 33
0.0486648 33
0.0489109 33
0.0508498 33
0.0516831 33
0.0521088 33
0.0513535 33
0.050462 33
0.0466113 33
0.0469277 33
0.0480309 33
0.0469333 33
0.0470163 33
0.0482939 33
0.0463539 34
0.0468976 34
0.0482418 34
0.048105 34
0.0502474 34
0.0503992 34
0.0490699 34
0.0488946 34
0.0491695 34
0.0516411 34
0.0521032 34
0.0521524 34
0.0514048 34
0.0542304 34
0.0490736 34
0.0473286 34
0.0488882 34
0.0484956 34
0.0475709 34
0.0487174 34
0.047136 35
0.047039 35
0.0466452 35
0.0471359 35
0.0482217 35
0.0492005 35
0.0491821 35
0.0498252 35
0.0497212 35
0.0516139 35
0.0511518 35
0.0521814 35
0.051914 35
0.051132 35
0.0539451 35
0.0476891 35
0.0472741 35
0.047418 35
0.0473677 35
0.0481948 35
0.0475863 35
0.0472249 36
0.049373 36
0.0477051 36
0.0483122 36
0.0491549 36
0.0492163 36
0.049304 36
0.0494031 36
0.050336 36
0.0513938 36
0.0524231 36
0.0523053 36
0.0520395 36
0.0525226 36
0.0473735 36
0.049068 36
0.0491535 36
0.0492708 36
0.0477526 36
0.0478288 36
0.0490304 34
0.051144 34
0.0498514 34
0.0483234 34
0.0514538 34
0.0496436 34
0.0498995 34
0.0496182 34
0.0499129 34
0.0520164 34
0.0530285 34
0.0571739 34
0.0541276 34
0.0516079 34
0.0479002 34
0.0479324 34
0.0481749 34
0.0479797 34
0.0495252 34
0.0483884 34
0.0478517 37
0.047181 37
0.0479768 37
0.0499041 37
0.0497166 37
0.0506232 37
0.0499525 37
0.0504901 37
0.051149 37
0.0517163 37
0.0532419 37
0.0526365 37
0.0520136 37
0.051271 37
0.0483673 37
0.0484265 37
0.0480325 37
0.0519865 37
0.0477938 37
0.0498641 37
0.0478938 38
0.0482217 38
0.0481865 38
0.0487226 38
0.0503896 38
0.0518789 38
0.0519028 38
0.0519888 38
0.0511469 38
0.0518932 38
0.053045 38
0.053467 38
0.0525634 38
0.0507567 38
0.048022 38
0.0480847 38
0.0479807 38
0.0502355 38
0.0482166 38
0.0488773 38
0.0480494 38
0.0483888 38
0.0483596 38
0.0484392 38
0.0505689 38
0.0506847 38
0.0511132 38
0.05024 38
0.0532409 38
0.0520541 38
0.0533636 38
0.0532152 38
0.0523294 38
0.050162 38
0.0483606 38
0.0514231 38
0.0497358 38
0.0494309 38
0.0483124 38
0.0494516 38
0.0484183 37
0.0482492 37
0.0484522 37
0.0492768 37
0.0510736 37
0.0507875 37
0.0501914 37
0.0502487 37
0.0514034 37
0.0530597 37
0.0552867 37
0.0542919 37
0.0520248 37
0.0506521 37
0.0483859 37
0.0483866 37
0.0483476 37
0.0501879 37
0.0484969 37
0.0494203 37
0.0484949 38
0.0479867 38
0.0485925 38
0.0497592 38
0.0510789 38
0.0506717 38
0.0504339 38
0.0506727 38
0.051741 38
0.0541805 38
0.0537142 38
0.0542122 38
0.0522999 38
0.049684 38
0.0486379 38
0.0489733 38
0.0490027 38
0.0486604 38
0.0487944 38
0.0495992 38
0.0484832 37
0.0486123 37
0.0489229 37
0.0501424 37
0.0506155 37
0.051437 37
0.0506293 37
0.0507567 37
0.0517371 37
0.0536831 37
0.05362 37
0.054382 37
0.0530117 37
0.0489443 37
0.0499563 37
0.048783 37
0.0510204 37
0.0492097 37
0.0502197 37
0.050067 37
0.0511138 37
0.049931 37
0.0493579 37
0.0519399 37
0.0513771 37
0.0508536 37
0.0534838 37
0.0539654 37
0.0532213 37
0.0553172 37
0.0539724 37
0.0530395 37
0.0532855 37
0.0491572 37
0.0507353 37
0.0507814 37
0.055311 37
0.0493031 37
0.0492147 37
0.0492329 37
0.0491319 37
0.0498321 37
0.0503456 37
0.0510881 37
0.0507852 37
0.051052 37
0.0509311 37
0.0526653 37
0.0544801 37
0.0552804 37
0.0534715 37
0.0523312 37
0.0515104 37
0.049395 37
0.0517566 37
0.0491933 37
0.0521444 37
0.0491998 37
0.0514399 37
0.0491645 38
0.0531294 38
0.0519335 38
0.051067 38
0.0512019 38
0.0518738 38
0.0518157 38
0.052644 38
0.0539323 38
0.0546172 38
0.0593264 38
0.0546785 38
0.0501888 38
0.0511996 38
0.0496375 38
0.0493732 38
0.0497398 38
0.0500693 38
0.050785 38
0.0493333 38
0.0502388 38
0.0501201 38
0.0522439 38
0.0513007 38
0.0514933 38
0.0514306 38
0.0514972 38
0.0557453 38
0.0566237 38
0.056028 38
0.0559509 38
0.0560028 38
0.0497771 38
0.0497065 38
0.049807 38
0.0500602 38
0.0499796 38
0.0508566 38
0.0496917 38
0.051343 38
0.0505654 38
0.0510979 38
0.0515159 38
0.0519313 38
0.0518514 38
0.0554767 38
0.0564691 38
0.0555306 38
0.0543701 38
0.0565979 38
0.0532929 38
0.0514452 38
0.0502758 38
0.0513836 38
0.0522645 38
0.0514635 38
0.0500746 38
0.0514719 38
0.0499553 38
0.0508683 38
0.0508322 38
0.0517781 38
0.0520109 38
0.051799 38
0.0521755 38
0.0534608 38
0.0561568 38
0.0546345 38
0.0544416 38
0.0538628 38
0.0506752 38
0.049911 38
0.0513154 38
0.0500004 38
0.0508371 38
0.0504587 38
0.0508103 38
0.0499838 38
0.0510635 39
0.0510752 39
0.0530806 39
0.0519684 39
0.05396 39
0.0553787 39
0.0534637 39
0.0555751 39
0.0556593 39
0.0562522 39
0.0553367 39
0.052556 39
0.0527288 39
0.0501164 39
0.0502583 39
0.0505398 39
0.0502033 39
0.0504841 39
0.0509494 39
0.0504156 39
0.0513602 39
0.0526408 39
0.0521685 39
0.052715 39
0.0529879 39
0.0534503 39
0.0555872 39
0.0555746 39
0.0552949 39
0.0541283 39
0.0502869 39
0.0501297 39
0.0506634 39
0.0501042 39
0.0504965 39
0.0503511 39
0.0503506 39
0.0503733 39
0.052692 38
0.0538618 38
0.0523902 38
0.0527983 38
0.052446 38
0.0531049 38
0.0538084 38
0.0562291 38
0.0573303 38
0.0578847 38
0.0557411 38
0.0504456 38
0.0506921 38
0.0504787 38
0.0522469 38
0.0510734 38
0.0507016 38
0.0510587 38
0.0509738 38
0.0510412 38
0.0518566 38
0.0527347 38
0.0526583 38
0.0533954 38
0.0531454 38
0.0545768 38
0.0579611 38
0.0564697 38
0.0603858 38
0.0582751 38
0.0532909 38
0.0507737 38
0.0507695 38
0.0526054 38
0.0530474 38
0.0527193 38
0.0529266 38
0.0528026 38
0.0511581 38
0.055312 38
0.0532688 38
0.0535548 38
0.0533498 38
0.0529511 38
0.0558245 38
0.0569603 38
0.0610247 38
0.0610848 38
0.0532217 38
0.0512986 38
0.0512853 38
0.0511836 38
0.0511787 38
0.0508616 38
0.0510566 38
0.0509795 38
0.0511902 38
0.053142 37
0.0535656 37
0.0530938 37
0.054285 37
0.0550122 37
0.0543013 37
0.0570178 37
0.0566697 37
0.0573121 37
0.0569587 37
0.0512757 37
0.050969 37
0.0531373 37
0.0541986 37
0.051386 37
0.05122 37
0.0514841 37
0.0511795 37
0.0520007 37
0.0522403 37
0.0532327 37
0.0533763 37
0.0538754 37
0.0534226 37
0.0567514 37
0.0589586 37
0.0561244 37
0.0555061 37
0.055362 37
0.0515376 37
0.0513212 37
0.0519651 37
0.0511521 37
0.0529552 37
0.0540333 37
0.0529875 37
0.052652 37
0.0516391 38
0.0530404 38
0.0541881 38
0.0539958 38
0.0532537 38
0.0544314 38
0.0550374 38
0.0592749 38
0.0575277 38
0.0576977 38
0.0528247 38
0.0512265 38
0.0527937 38
0.0523074 38
0.0513859 38
0.0514818 38
0.0513908 38
0.0523461 38
0.0514886 38
0.0522659 38
0.0536323 38
0.0541292 38
0.0548142 38
0.0537335 38
0.054804 38
0.0578075 38
0.0576845 38
0.0593283 38
0.0565964 38
0.052547 38
0.0515846 38
0.0514502 38
0.0515371 38
0.0531694 38
0.0516813 38
0.0514957 38
0.0521228 38
0.0517746 38
0.0583358 37
0.0556711 37
0.0539975 37
0.0545168 37
0.05434 37
0.0565633 37
0.0580787 37
0.0567177 37
0.0561637 37
0.0551253 37
0.0520658 37
0.0516039 37
0.05184 37
0.0519625 37
0.0536937 37
0.0519964 37
0.051776 37
0.0519918 37
0.0527595 37
0.0547755 37
0.0550127 37
0.0539395 37
0.0539083 37
0.0555142 37
0.0579309 37
0.0573747 37
0.0572298 37
0.0558181 37
0.0520777 37
0.0525966 37
0.0521934 37
0.0527725 37
0.0522978 37
0.0530874 37
0.0519827 37
0.0518817 37
0.0529467 37
0.0536134 38
0.0561672 38
0.054064 38
0.0565837 38
0.0559708 38
0.0574476 38
0.0594771 38
0.0577757 38
0.0570141 38
0.0529297 38
0.0522132 38
0.0523251 38
0.0526575 38
0.0539076 38
0.0525722 38
0.0522773 38
0.0529034 38
0.0543148 38
0.0558283 36
0.0550829 36
0.0545295 36
0.0550735 36
0.0545847 36
0.0566589 36
0.0585319 36
0.0577276 36
0.0577532 36
0.0550336 36
0.0533125 36
0.0532382 36
0.0522475 36
0.0533764 36
0.0523111 36
0.0524064 36
0.0525841 36
0.0551965 36
0.0544631 36
0.0548279 37
0.0547011 37
0.0558532 37
0.0546015 37
0.0560043 37
0.0590415 37
0.0580984 37
0.0582131 37
0.0569801 37
0.052945 37
0.0544382 37
0.0526566 37
0.0528428 37
0.0530207 37
0.053457 37
0.0538279 37
0.0526836 37
0.0529958 37
0.0555386 37
0.0555259 37
0.0546992 37
0.0548232 37
0.0575059 37
0.0574686 37
0.0593511 37
0.0593426 37
0.059262 37
0.0533845 37
0.0533192 37
0.0534605 37
0.0546106 37
0.054102 37
0.0526183 37
0.0556806 37
0.0532639 37
0.0535221 37
0.056692 36
0.055697 36
0.0585294 36
0.0578259 36
0.0585826 36
0.0581684 36
0.0587532 36
0.0575671 36
0.0586345 36
0.0546461 36
0.0562415 36
0.0530547 36
0.0548617 36
0.0551262 36
0.0536392 36
0.0529663 36
0.0529936 36
0.0531065 36
0.055673 36
0.0550792 36
0.0561197 36
0.0562548 36
0.0562817 36
0.0582296 36
0.0589048 36
0.0578393 36
0.0584962 36
0.0537264 36
0.0536738 36
0.0531814 36
0.0535723 36
0.0531118 36
0.0536202 36
0.054611 36
0.0531889 36
0.0533901 36
0.0553324 36
0.0560929 36
0.057532 36
0.0571156 36
0.0569522 36
0.0591258 36
0.0599322 36
0.0585634 36
0.0575003 36
0.0532149 36
0.0537334 36
0.0546909 36
0.0532093 36
0.0533321 36
0.055114 36
0.0553326 36
0.0550267 36
0.0538959 36
0.0565547 36
0.055423 36
0.0556058 36
0.0562614 36
0.0576434 36
0.0613743 36
0.0648186 36
0.058546 36
0.0578412 36
0.0535262 36
0.0540342 36
0.05642 36
0.0557357 36
0.0535381 36
0.0539007 36
0.0539652 36
0.0534229 36
0.0547874 36
0.0554736 36
0.0571385 36
0.0561155 36
0.0567745 36
0.059252 36
0.0598026 36
0.0588714 36
0.0612278 36
0.056277 36
0.0558127 36
0.05349 36
0.054102 36
0.0543785 36
0.0538998 36
0.0540768 36
0.0539871 36
0.0554042 36
0.0548562 36
0.0559242 36
0.0564912 36
0.0570508 36
0.0557264 36
0.0588304 36
0.0597749 36
0.0597044 36
0.0624039 36
0.0551924 36
0.0557785 36
0.0577149 36
0.0538572 36
0.0538596 36
0.0544016 36
0.0540183 36
0.0535815 36
0.0540717 36
0.0572266 36
0.0565785 36
0.0558574 36
0.0567299 36
0.0574806 36
0.0606853 36
0.0617269 36
0.0595774 36
0.0597272 36
0.0556377 36
0.0544018 36
0.0545284 36
0.0538173 36
0.0540061 36
0.0543155 36
0.0539228 36
0.0545679 36
0.0548392 36
0.0591091 36
0.0581281 35
0.0569072 35
0.0577024 35
0.0592504 35
0.0598176 35
0.0605578 35
0.0587429 35
0.057822 35
0.0538153 35
0.0549113 35
0.0558827 35
0.0542928 35
0.0540647 35
0.0565897 35
0.0573494 35
0.055641 35
0.0571849 35
0.0564004 35
0.0569608 35
0.0577051 35
0.0580001 35
0.0594585 35
0.0606822 35
0.0592374 35
0.0596635 35
0.0552026 35
0.0552178 35
0.0542196 35
0.0563784 35
0.0567421 35
0.0585739 35
0.0569653 35
0.0554692 35
0.0559026 35
0.0570081 35
0.0569767 36
0.057017 36
0.0572294 36
0.058034 36
0.0620526 36
0.0613244 36
0.0592226 36
0.0596557 36
0.0564775 36
0.0554191 36
0.0548991 36
0.0570369 36
0.0552552 36
0.0546338 36
0.0548144 36
0.0553312 36
0.0571661 36
0.0567574 36
0.0577015 34
0.0568975 34
0.057562 34
0.0599017 34
0.0625132 34
0.0610164 34
0.0597146 34
0.0559967 34
0.0548399 34
0.0548366 34
0.05553 34
0.0549692 34
0.055955 34
0.0558985 34
0.0549727 34
0.0553024 34
0.0578869 34
0.0581635 36
0.0580379 36
0.0572148 36
0.0582893 36
0.0633415 36
0.0620284 36
0.0621099 36
0.0567377 36
0.0579736 36
0.055017 36
0.0550681 36
0.0572789 36
0.0550332 36
0.0551881 36
0.0557096 36
0.0564246 36
0.0573477 36
0.0579125 36
0.0573252 34
0.0578097 34
0.0606288 34
0.0624262 34
0.0616047 34
0.0604371 34
0.059889 34
0.0553179 34
0.0550432 34
0.0557218 34
0.0561704 34
0.0553083 34
0.0552405 34
0.0571352 34
0.055768 34
0.056175 34
0.0585347 34
0.0575085 36
0.058772 36
0.0587156 36
0.0620872 36
0.0634667 36
0.0610105 36
0.0605789 36
0.056149 36
0.0563757 36
0.0554742 36
0.0558498 36
0.0554888 36
0.0552266 36
0.0559436 36
0.0560493 36
0.0559237 36
0.0579392 36
0.0585056 34
0.0597465 34
0.0586613 34
0.0597961 34
0.0633887 34
0.0628484 34
0.0609179 34
0.0592463 34
0.0568346 34
0.0563208 34
0.0553367 34
0.0557933 34
0.056022 34
0.0566219 34
0.0554204 34
0.0564509 34
0.0574414 34
0.0583339 34
0.0605745 35
0.0583771 35
0.0602303 35
0.0643253 35
0.0667305 35
0.0627617 35
0.0578082 35
0.0565363 35
0.055686 35
0.0567349 35
0.056767 35
0.0553374 35
0.0562467 35
0.0577468 35
0.0590121 35
0.0590194 35
0.0600471 35
0.060974 34
0.0610974 34
0.0613026 34
0.0633404 34
0.0617448 34
0.0615508 34
0.0579079 34
0.0558685 34
0.0566384 34
0.0561848 34
0.0560346 34
0.0564251 34
0.0565975 34
0.0563066 34
0.0572058 34
0.0577486 34
0.0586207 34
0.0580019 34
0.05871 34
0.0594182 34
0.0640427 34
0.061732 34
0.0611828 34
0.0592401 34
0.0601131 34
0.0564838 34
0.0571194 34
0.0576654 34
0.0566609 34
0.056832 34
0.0558758 34
0.0562223 34
0.0596789 34
0.0592231 34
0.0594556 34
0.059601 34
0.0595859 34
0.0624736 34
0.0642854 34
0.0636166 34
0.0590685 34
0.0567582 34
0.0563444 34
0.0561008 34
0.0565921 34
0.06125 34
0.0567615 34
0.0564703 34
0.0578294 34
0.0580029 34
0.0590405 34
0.0584644 35
0.0594605 35
0.0598219 35
0.0629725 35
0.0624274 35
0.0611323 35
0.0595624 35
0.0571718 35
0.0560466 35
0.0563652 35
0.0574047 35
0.0568955 35
0.0570447 35
0.0615118 35
0.0595383 35
0.0580657 35
0.0609592 35
0.0608899 35
0.0590334 35
0.0623489 35
0.0622474 35
0.0622315 35
0.0617938 35
0.0587101 35
0.0566151 35
0.0563465 35
0.0568559 35
0.056336 35
0.0599632 35
0.0590849 35
0.0577816 35
0.0567897 35
0.0590382 35
0.0589076 35
0.0611927 34
0.0607733 34
0.0614857 34
0.0633314 34
0.0627305 34
0.061329 34
0.0598163 34
0.0572322 34
0.0563084 34
0.0566192 34
0.0573343 34
0.0572945 34
0.0600649 34
0.0595119 34
0.0585859 34
0.05885 34
0.0593799 34
0.0609966 34
0.061081 34
0.0639486 34
0.0642606 34
0.0633486 34
0.0616798 34
0.0576683 34
0.0570092 34
0.058418 34
0.0568995 34
0.0592844 34
0.0584751 34
0.0600685 34
0.0588553 34
0.0631052 34
0.0595787 34
0.0591666 34
0.0596915 34
0.060122 34
0.0622271 34
0.0643126 34
0.0621149 34
0.0628337 34
0.0583565 34
0.0583453 34
0.0571108 34
0.0574458 34
0.05714 34
0.0571326 34
0.0575379 34
0.0605861 34
0.0631862 34
0.0622985 34
0.0591061 34
0.0597623 33
0.0621342 33
0.0658588 33
0.064133 33
0.0621925 33
0.0587971 33
0.0572859 33
0.0573337 33
0.0590426 33
0.059488 33
0.0571621 33
0.0580952 33
0.0594254 33
0.0596664 33
0.0593671 33
0.0600239 33
0.0600799 34
0.0608348 34
0.0647447 34
0.0674937 34
0.0647223 34
0.0626057 34
0.0587938 34
0.059451 34
0.0580185 34
0.0568495 34
0.0574802 34
0.0586215 34
0.0583871 34
0.0583281 34
0.0589694 34
0.0607766 34
0.0600179 34
0.061557 36
0.0631091 36
0.0648487 36
0.0633375 36
0.0623333 36
0.0605501 36
0.05783 36
0.057231 36
0.059643 36
0.0601882 36
0.0590782 36
0.0582252 36
0.058063 36
0.0577443 36
0.0600015 36
0.0597847 36
0.0602017 36
0.0602984 35
0.0625094 35
0.0645736 35
0.0665233 35
0.0640436 35
0.0588033 35
0.0573037 35
0.0599124 35
0.0590488 35
0.0594123 35
0.0585706 35
0.0585251 35
0.0576515 35
0.0595546 35
0.060307 35
0.06262 35
0.0605906 33
0.06491 33
0.0638265 33
0.0665309 33
0.0634288 33
0.0605025 33
0.0582316 33
0.057489 33
0.0580796 33
0.058894 33
0.0604844 33
0.0584801 33
0.0587408 33
0.0583158 33
0.0603815 33
0.0605399 33
0.0607872 33
0.0607092 36
0.0622193 36
0.0648892 36
0.0644756 36
0.0627119 36
0.0627062 36
0.0592713 36
0.0587557 36
0.0577054 36
0.0585669 36
0.0578184 36
0.0611187 36
0.059378 36
0.0611884 36
0.0627021 36
0.0604001 36
0.0611221 36
0.0627359 33
0.066159 33
0.0649804 33
0.0647665 33
0.0638869 33
0.0585136 33
0.0591716 33
0.0590643 33
0.0599444 33
0.0586635 33
0.063281 33
0.0600572 33
0.0590849 33
0.0609966 33
0.0606019 33
0.0615416 33
0.0622383 35
0.065941 35
0.0733135 35
0.0675343 35
0.0616485 35
0.0585551 35
0.0584639 35
0.0584784 35
0.0594575 35
0.0608011 35
0.0599702 35
0.0602586 35
0.0603892 35
0.0615199 35
0.0658131 35
0.0635233 35
0.0613337 34
0.0640904 34
0.0649156 34
0.0654086 34
0.0632234 34
0.0585877 34
0.0581451 34
0.059508 34
0.0601889 34
0.0605924 34
0.0605113 34
0.0603805 34
0.0611096 34
0.0620736 34
0.0603243 34
0.0612008 34
0.0611617 35
0.0630412 35
0.0669597 35
0.0661688 35
0.0662295 35
0.0604851 35
0.0609741 35
0.0600832 35
0.0589322 35
0.0585792 35
0.0599294 35
0.0598565 35
0.0618718 35
0.0638634 35
0.0633404 35
0.06069 35
0.0613359 35
0.0635185 37
0.0654593 37
0.0640833 37
0.0656446 37
0.0608621 37
0.0590223 37
0.0585404 37
0.0591673 37
0.0597479 37
0.0627549 37
0.0610822 37
0.059203 37
0.0599498 37
0.0616543 37
0.0614571 37
0.061539 37
0.0627724 36
0.0656975 36
0.0656328 36
0.0664557 36
0.0614328 36
0.059012 36
0.05924 36
0.0586837 36
0.0604985 36
0.0591877 36
0.0614547 36
0.0615436 36
0.060141 36
0.0621301 36
0.0616513 36
0.0610786 36
0.0613368 35
0.0652132 35
0.0657699 35
0.0639308 35
0.065472 35
0.0590427 35
0.0593975 35
0.0587091 35
0.0611999 35
0.0598557 35
0.0597255 35
0.0611025 35
0.0610561 35
0.062858 35
0.0620258 35
0.0619043 35
0.0636642 35
0.067138 38
0.0699088 38
0.0651228 38
0.0632141 38
0.0597752 38
0.0605452 38
0.0602761 38
0.0627571 38
0.0601863 38
0.0598798 38
0.059782 38
0.0596805 38
0.0619376 38
0.0625637 38
0.0626274 38
0.0637095 38
0.0671005 36
0.0684074 36
0.0697908 36
0.0672146 36
0.0595294 36
0.062352 36
0.0600955 36
0.0593448 36
0.0603872 36
0.0594861 36
0.0601679 36
0.0634139 36
0.0638107 36
0.0635175 36
0.0631118 36
0.0630374 36
0.0662123 34
0.0664221 34
0.069907 34
0.0625896 34
0.060985 34
0.0596237 34
0.0600436 34
0.0594336 34
0.0621143 34
0.0621039 34
0.0623239 34
0.0617589 34
0.0624328 34
0.0622807 34
0.0628646 34
0.0661016 34
0.0680341 35
0.0664178 35
0.067221 35
0.0623987 35
0.0602395 35
0.0623866 35
0.0617029 35
0.060445 35
0.0602697 35
0.0595874 35
0.0604077 35
0.0609374 35
0.0626453 35
0.0627804 35
0.0624796 35
0.0641118 35
0.0661972 36
0.0677268 36
0.0669314 36
0.0643447 36
0.0617342 36
0.0604604 36
0.0616704 36
0.0623262 36
0.06073 36
0.0603379 36
0.0596847 36
0.0618496 36
0.06249 36
0.0633556 36
0.0626456 36
0.0658215 36
0.0665945 34
0.0664397 34
0.0659634 34
0.0630201 34
0.0594785 34
0.0604446 34
0.0605898 34
0.0599453 34
0.0604182 34
0.0605337 34
0.0600236 34
0.0643206 34
0.0653198 34
0.0629806 34
0.0625158 34
0.0644607 34
0.0703689 34
0.0660994 34
0.0657436 34
0.063156 34
0.0609034 34
0.0601214 34
0.0608291 34
0.0606652 34
0.0600113 34
0.0605951 34
0.0608661 34
0.0622921 34
0.0632612 34
0.0631518 34
0.0635984 34
0.064367 34
0.0690297 35
0.0663281 35
0.0656932 35
0.0623862 35
0.0615041 35
0.0607741 35
0.0601955 35
0.0607596 35
0.0606313 35
0.0607285 35
0.0611276 35
0.0713381 35
0.0655644 35
0.0645497 35
0.0630479 35
0.0652637 35
0.0662823 34
0.0666474 34
0.0656134 34
0.0605181 34
0.0608052 34
0.0612749 34
0.059976 34
0.0607887 34
0.0606707 34
0.060286 34
0.0616474 34
0.0624741 34
0.0638019 34
0.063928 34
0.0638296 34
0.0658249 34
0.0673034 36
0.0670624 36
0.0660015 36
0.0628275 36
0.0605687 36
0.0612236 36
0.0612626 36
0.0607263 36
0.0609766 36
0.0609974 36
0.0615834 36
0.0633152 36
0.0660067 36
0.087215 36
0.0679481 36
0.0725789 36
0.0694043 36
0.0658569 36
0.063031 36
0.0612015 36
0.061147 36
0.0613229 36
0.0604157 36
0.0635866 36
0.0632674 36
0.0619525 36
0.0630755 36
0.0634001 36
0.0651826 36
0.0640162 36
0.0667201 36
0.0675076 36
0.0701935 36
0.0664684 36
0.0611402 36
0.0615898 36
0.0620345 36
0.0631877 36
0.0610813 36
0.0612417 36
0.0608038 36
0.0628355 36
0.0640255 36
0.0638331 36
0.0641352 36
0.0665637 36
0.0672009 36
0.067454 34
0.0672375 34
0.0636178 34
0.0616268 34
0.0615417 34
0.0608994 34
0.0624055 34
0.0615531 34
0.0613044 34
0.0612228 34
0.0632569 34
0.0648741 34
0.0639711 34
0.0634205 34
0.0653084 34
0.0687939 36
0.0715342 36
0.067437 36
0.0670717 36
0.0633918 36
0.0610408 36
0.0617258 36
0.0630831 36
0.0616407 36
0.0611841 36
0.0636067 36
0.0652435 36
0.0643965 36
0.0669165 36
0.0670944 36
0.068368 36
0.0732146 37
0.0693505 37
0.0643065 37
0.0621736 37
0.0617539 37
0.063112 37
0.066793 37
0.0618388 37
0.0618816 37
0.0621175 37
0.0639401 37
0.0636655 37
0.0657782 37
0.0643564 37
0.0664543 37
0.068762 34
0.0678265 34
0.0669128 34
0.0636053 34
0.0651391 34
0.0619217 34
0.0617076 34
0.0617033 34
0.0617502 34
0.0618255 34
0.062391 34
0.0645787 34
0.0676146 34
0.066688 34
0.066361 34
0.0685043 34
0.0685521 37
0.0673526 37
0.0656222 37
0.061947 37
0.0621724 37
0.061934 37
0.0613392 37
0.0619309 37
0.0646911 37
0.0647289 37
0.0652776 37
0.0680317 37
0.0680352 37
0.0661465 37
0.0674946 37
0.0690827 34
0.0678069 34
0.0663738 34
0.0619466 34
0.0633098 34
0.0628156 34
0.0619988 34
0.0622311 34
0.0623389 34
0.0637815 34
0.0651065 34
0.0646685 34
0.0657005 34
0.0671375 34
0.0677983 34
0.0727426 34
0.0682293 37
0.0691166 37
0.0629342 37
0.0620246 37
0.0622819 37
0.0625876 37
0.0642695 37
0.0645039 37
0.0623447 37
0.0635784 37
0.0648794 37
0.0650833 37
0.0661952 37
0.0650285 37
0.0687817 37
0.0691987 34
0.0684109 34
0.0647794 34
0.0636713 34
0.0651822 34
0.062467 34
0.0618611 34
0.0646003 34
0.0641115 34
0.0631967 34
0.0663274 34
0.0652879 34
0.0666354 34
0.0676222 34
0.0683153 34
0.0708989 34
0.070233 36
0.0682943 36
0.0633323 36
0.0629101 36
0.0627109 36
0.0645459 36
0.063764 36
0.0625583 36
0.0636846 36
0.0643962 36
0.0653574 36
0.0653773 36
0.0645164 36
0.0686933 36
0.0696109 36
0.0700145 36
0.0673403 36
0.0626757 36
0.0624974 36
0.0625946 36
0.0645859 36
0.0646933 36
0.0646992 36
0.0625935 36
0.0668188 36
0.0692265 36
0.0651596 36
0.0650595 36
0.0717509 36
0.0708585 36
0.070233 37
0.0696195 37
0.0651852 37
0.0635265 37
0.0634246 37
0.0627545 37
0.0655677 37
0.0659891 37
0.0627806 37
0.0636715 37
0.0660774 37
0.0655606 37
0.0676749 37
0.0666369 37
0.0711547 37
0.0708359 37
0.0685025 37
0.0642425 37
0.0626066 37
0.0627384 37
0.0629411 37
0.0631175 37
0.0629802 37
0.0665922 37
0.0634392 37
0.0647935 37
0.0660589 37
0.0661099 37
0.0655839 37
0.071188 37
0.0717072 37
0.0687909 37
0.0676427 37
0.06286 37
0.0630325 37
0.0627545 37
0.0628746 37
0.0631557 37
0.0652049 37
0.0633989 37
0.0645221 37
0.0661519 37
0.0658839 37
0.0657577 37
0.0682292 37
0.0697676 37
0.068959 34
0.0702059 34
0.065079 34
0.0629169 34
0.0641082 34
0.0627096 34
0.0633582 34
0.0645578 34
0.0634279 34
0.0645214 34
0.0676271 34
0.0719408 34
0.0660781 34
0.0680373 34
0.0710086 34
0.0698563 36
0.0690744 36
0.0660288 36
0.0627971 36
0.0649893 36
0.0656339 36
0.0649504 36
0.0636609 36
0.0660149 36
0.0676741 36
0.0659447 36
0.0683388 36
0.0681233 36
0.0702681 36
0.0712744 36
0.069164 36
0.069518 36
0.0632221 36
0.0635921 36
0.0628056 36
0.0633132 36
0.0650858 36
0.06393 36
0.0660376 36
0.067392 36
0.0677231 36
0.066401 36
0.0713449 36
0.068569 36
0.0701099 36
0.0692887 35
0.0677513 35
0.064845 35
0.0625922 35
0.0631518 35
0.0632447 35
0.0655904 35
0.0656626 35
0.0648624 35
0.0647741 35
0.0657186 35
0.0661642 35
0.0744178 35
0.071387 35
0.0703436 35
0.0694277 35
0.0677584 36
0.0636236 36
0.0627547 36
0.063714 36
0.0681009 36
0.0656026 36
0.0654808 36
0.0658845 36
0.0654742 36
0.068799 36
0.0682454 36
0.0661573 36
0.068485 36
0.0704559 36
0.0696267 36
0.0689252 36
0.0632401 36
0.0630039 36
0.0634 36
0.0635107 36
0.0635571 36
0.0657817 36
0.0635545 36
0.0648599 36
0.0664245 36
0.0674894 36
0.0662681 36
0.0690181 36
0.0727977 36
0.070748 36
0.0709364 38
0.0717647 38
0.0686511 38
0.0634476 38
0.0646862 38
0.0712466 38
0.0666158 38
0.0656249 38
0.0659243 38
0.0662439 38
0.0661334 38
0.0678921 38
0.0691725 38
0.0708822 38
0.0746598 38
0.0699486 36
0.0646523 36
0.0667873 36
0.0673435 36
0.0638494 36
0.0631707 36
0.0638032 36
0.0643474 36
0.069961 36
0.0664815 36
0.0664584 36
0.0701834 36
0.0703671 36
0.072205 36
0.0695232 36
0.0713085 37
0.0659419 37
0.0637575 37
0.0650488 37
0.063871 37
0.0638832 37
0.063934 37
0.0648596 37
0.0670892 37
0.069692 37
0.0693956 37
0.0715835 37
0.07367 37
0.0703776 37
0.0703615 36
0.0700129 36
0.0661232 36
0.0676008 36
0.0667292 36
0.0688604 36
0.0653459 36
0.0641913 36
0.0651171 36
0.0667378 36
0.0685262 36
0.0669515 36
0.071821 36
0.0720363 36
0.0757867 36
0.0693545 36
0.0652377 36
0.0638532 36
0.0674642 36
0.0661671 36
0.064386 36
0.0642478 36
0.0672944 36
0.068289 36
0.0670423 36
0.0671994 36
0.0676403 36
0.0695832 36
0.0735459 36
0.0737713 36
0.069566 37
0.0665805 37
0.0641145 37
0.0654114 37
0.0644452 37
0.0642089 37
0.0642927 37
0.0649148 37
0.0689872 37
0.0671687 37
0.0670813 37
0.0669469 37
0.0706293 37
0.0725162 37
0.0699712 37
0.0702126 36
0.0640753 36
0.0645799 36
0.0648755 36
0.0644591 36
0.0646947 36
0.0643173 36
0.0649665 36
0.0679176 36
0.0670322 36
0.0671735 36
0.0689797 36
0.0709872 36
0.0716362 36
0.0708647 36
0.0697973 38
0.0663903 38
0.0645047 38
0.0655461 38
0.0644218 38
0.0646172 38
0.0654404 38
0.0663714 38
0.0700041 38
0.0699313 38
0.0672929 38
0.0674268 38
0.071893 38
0.0714567 38
0.0724612 38
0.0662925 39
0.0717998 39
0.0671364 39
0.0670061 39
0.0690437 39
0.0655162 39
0.0672816 39
0.068875 39
0.0711409 39
0.068726 39
0.0677834 39
0.0700869 39
0.0718909 39
0.0717493 39
0.0687557 39
0.0649973 37
0.0667887 37
0.0649547 37
0.064995 37
0.0648199 37
0.0662102 37
0.0653776 37
0.0672926 37
0.0678628 37
0.0706025 37
0.0703435 37
0.0715299 37
0.0716072 37
0.0710384 37
0.070133 37
0.0665573 37
0.0647067 37
0.0655118 37
0.0648809 37
0.0645616 37
0.0650053 37
0.0660365 37
0.0683081 37
0.0704935 37
0.0711468 37
0.0691912 37
0.0726087 37
0.0720804 37
0.0704883 37
0.0660548 37
0.0656209 37
0.0660087 37
0.0670732 37
0.0653874 37
0.0671449 37
0.0688468 37
0.0690253 37
0.0677428 37
0.0678525 37
0.0687989 37
0.0705877 37
0.0720444 37
0.0710924 37
0.0713469 37
0.0658139 36
0.0653917 36
0.067694 36
0.0652914 36
0.0653782 36
0.0647921 36
0.0664096 36
0.0675712 36
0.0680242 36
0.0682459 36
0.0717166 36
0.0743144 36
0.0717327 36
0.0713422 36
0.0676601 36
0.0655865 38
0.0674944 38
0.0653948 38
0.066296 38
0.0650712 38
0.0658438 38
0.0663356 38
0.0679842 38
0.0679215 38
0.0691849 38
0.0683305 38
0.0720616 38
0.0720796 38
0.072637 38
0.0679151 38
0.0654101 37
0.0659409 37
0.0653886 37
0.0653851 37
0.0654671 37
0.0653718 37
0.0667293 37
0.0689084 37
0.0696443 37
0.0685163 37
0.0738837 37
0.0751682 37
0.0715828 37
0.0713228 37
0.0664297 37
0.0660355 37
0.0680017 37
0.0685743 37
0.0676585 37
0.0654631 37
0.0657671 37
0.0678272 37
0.0697334 37
0.0683354 37
0.0688275 37
0.0710783 37
0.0737925 37
0.0716067 37
0.0692798 37
0.0654846 37
0.066108 37
0.0669378 37
0.0683322 37
0.0674421 37
0.0655361 37
0.0668027 37
0.0679893 37
0.0693415 37
0.0689539 37
0.0724921 37
0.07261 37
0.0728724 37
0.0714708 37
0.0664489 37
0.0659233 37
0.0661769 37
0.065843 37
0.0659152 37
0.0659148 37
0.0680214 37
0.0681347 37
0.0688376 37
0.068777 37
0.0714471 37
0.0721767 37
0.0757995 37
0.0730994 37
0.0695833 37
0.0662019 38
0.0685856 38
0.0659864 38
0.0659402 38
0.0665099 38
0.066324 38
0.0671446 38
0.0686282 38
0.0689261 38
0.0689065 38
0.0707724 38
0.0728089 38
0.0752563 38
0.0753811 38
0.0667631 38
0.067309 38
0.0662787 38
0.0659852 38
0.0665525 38
0.0665862 38
0.0664203 38
0.0711768 38
0.0712168 38
0.0733634 38
0.0715147 38
0.0723275 38
0.0739052 38
0.0723988 38
0.0699635 38
0.0665284 37
0.0663171 37
0.0673911 37
0.0663357 37
0.0660983 37
0.0666057 37
0.067556 37
0.0692947 37
0.0707667 37
0.0696034 37
0.0723163 37
0.0766512 37
0.0745166 37
0.0724794 37
0.069516 37
0.068859 39
0.0692428 39
0.0680254 39
0.0667846 39
0.0741274 39
0.0674503 39
0.0713743 39
0.0690127 39
0.069023 39
0.0740745 39
0.0754701 39
0.0734037 39
0.071951 39
0.069241 39
0.0679578 38
0.0669748 38
0.0676268 38
0.0905418 38
0.0844978 38
0.0781778 38
0.0747433 38
0.0743338 38
0.074895 38
0.0841278 38
0.0861265 38
0.0724938 38
0.0696801 38
0.0665926 34
0.0666422 34
0.0670595 34
0.0683293 34
0.0739397 34
0.0774553 34
0.0698767 34
0.0695534 34
0.069781 34
0.0696115 34
0.0764279 34
0.0772665 34
0.0744048 34
0.0689633 34
0.0678894 37
0.0694222 37
0.0666642 37
0.0687082 37
0.0664393 37
0.0683312 37
0.0697611 37
0.0693219 37
0.072061 37
0.0695772 37
0.0724975 37
0.0736517 37
0.0731207 37
0.0701657 37
0.0671688 37
0.0668533 40
0.070552 40
0.0703163 40
0.0674448 40
0.0676308 40
0.0692726 40
0.0699953 40
0.069554 40
0.0704362 40
0.0709249 40
0.0765874 40
0.0771046 40
0.0719646 40
0.069016 40
0.0664877 37
0.0697948 37
0.0689596 37
0.0691529 37
0.0671942 37
0.0693786 37
0.0727137 37
0.072759 37
0.0699141 37
0.0722626 37
0.0750608 37
0.0732733 37
0.0728017 37
0.0670295 37
0.0667879 37
0.0676967 37
0.067321 37
0.0675752 37
0.0695536 37
0.0712528 37
0.0706304 37
0.0697325 37
0.0697434 37
0.0710555 37
0.0726496 37
0.0745117 37
0.0722642 37
0.0689499 37
0.0697131 37
0.069989 39
0.0695552 39
0.0702823 39
0.0696894 39
0.0696075 39
0.0731077 39
0.0738737 39
0.0712706 39
0.0704224 39
0.073354 39
0.0746894 39
0.0744506 39
0.0674402 39
0.0698675 39
0.0672159 38
0.0668708 38
0.0672044 38
0.0670363 38
0.0686507 38
0.0700797 38
0.0701615 38
0.0701138 38
0.0707568 38
0.0728759 38
0.0741822 38
0.0738272 38
0.0717655 38
0.0677511 38
0.0686 37
0.0681216 37
0.0678414 37
0.0680742 37
0.0681112 37
0.0720676 37
0.0718619 37
0.070863 37
0.0700741 37
0.074267 37
0.0773018 37
0.074269 37
0.0709014 37
0.067904 37
0.067324 38
0.0674927 38
0.0711 38
0.0694964 38
0.0695177 38
0.0706842 38
0.0711693 38
0.0703107 38
0.0714503 38
0.0719155 38
0.0760036 38
0.0738512 38
0.0723782 38
0.0687189 38
0.0674622 38
0.067429 39
0.0675242 39
0.0679232 39
0.0701441 39
0.0697352 39
0.070526 39
0.0735034 39
0.0753923 39
0.0777617 39
0.0755431 39
0.0743207 39
0.0754352 39
0.0691182 39
0.0674262 39
0.0680236 38
0.0697937 38
0.0680227 38
0.0707483 38
0.0725685 38
0.0710079 38
0.0711775 38
0.0718206 38
0.0723036 38
0.0764125 38
0.0760033 38
0.0720433 38
0.0683655 38
0.0677076 38
0.0701662 37
0.0680737 37
0.0690552 37
0.0683223 37
0.0701478 37
0.070975 37
0.070899 37
0.0708712 37
0.0755268 37
0.0774048 37
0.0752915 37
0.0737397 37
0.0682755 37
0.0677791 37
0.0681064 37
0.0712769 37
0.0687355 37
0.069139 37
0.070542 37
0.0709965 37
0.0708396 37
0.0711651 37
0.0730961 37
0.0755006 37
0.0752871 37
0.0731845 37
0.0703396 37
0.0681938 37
0.0690953 37
0.0682349 37
0.067932 37
0.0690391 37
0.0706026 37
0.0759345 37
0.071109 37
0.0712222 37
0.0745273 37
0.0750137 37
0.0751375 37
0.0756124 37
0.0715993 37
0.0680922 37
0.0684513 37
0.0721199 37
0.0704644 37
0.069084 37
0.070272 37
0.0727908 37
0.0715933 37
0.0719501 37
0.0726103 37
0.0750507 37
0.0756143 37
0.0756158 37
0.0705556 37
0.0685208 37
0.0685103 37
0.0710781 37
0.0693109 37
0.0733771 37
0.0735432 37
0.0746717 37
0.0723051 37
0.0714112 37
0.0741813 37
0.0779959 37
0.0779765 37
0.0744683 37
0.0704786 37
0.0687905 37
0.0688861 37
0.0693137 37
0.0700168 37
0.0692371 37
0.0720688 37
0.0716075 37
0.0739517 37
0.0745054 37
0.076938 37
0.0761166 37
0.0812634 37
0.0727922 37
0.0686858 37
0.0704795 37
0.0687144 37
0.0698236 37
0.0694552 37
0.0705338 37
0.0718684 37
0.072602 37
0.0723652 37
0.0750769 37
0.0782014 37
0.0759064 37
0.075112 37
0.0702876 37
0.0695789 37
0.0690713 37
0.0690617 37
0.0705697 37
0.0689692 37
0.0718075 37
0.0724614 37
0.0753384 37
0.0741242 37
0.0723567 37
0.0791253 37
0.077149 37
0.075483 37
0.069313 37
0.069473 37
0.0692318 37
0.070404 37
0.069004 37
0.0771508 37
0.074243 37
0.0720394 37
0.0744726 37
0.0723261 37
0.0732472 37
0.0782794 37
0.0781936 37
0.0751609 37
0.0693919 37
0.0694553 37
0.0696706 37
0.0692488 36
0.07193 36
0.0724096 36
0.0716904 36
0.0737223 36
0.0727503 36
0.0723592 36
0.0741607 36
0.0769974 36
0.08104 36
0.0773403 36
0.0700442 36
0.0690764 36
0.0690677 36
0.0693165 36
0.0712815 36
0.070773 36
0.0739529 36
0.0756676 36
0.0745545 36
0.0730675 36
0.07574 36
0.0764789 36
0.0757533 36
0.0746595 36
0.0750063 36
0.0694214 36
0.0706226 37
0.0696208 37
0.0732128 37
0.0743773 37
0.0724242 37
0.0723187 37
0.076525 37
0.0804213 37
0.0804092 37
0.0766436 37
0.0748696 37
0.072739 37
0.074304 37
0.0742886 37
0.0695138 36
0.0691327 36
0.0710469 36
0.0764001 36
0.0750881 36
0.0728725 36
0.0730151 36
0.0779472 36
0.0760275 36
0.0766467 36
0.0705601 36
0.0697336 36
0.0699491 36
0.0691841 36
0.0696386 36
0.0702294 36
0.0727836 36
0.0725093 36
0.0724601 36
0.0741121 36
0.073905 36
0.0764158 36
0.0781545 36
0.0763501 36
0.0697415 36
0.0699609 36
0.0698758 36
0.0711346 37
0.0695938 37
0.0727068 37
0.0723454 37
0.0726063 37
0.0731675 37
0.0724945 37
0.0742832 37
0.0777816 37
0.0765821 37
0.0739913 37
0.0705344 37
0.0693664 37
0.074512 37
0.0721571 37
0.0705626 37
0.0705122 37
0.0729308 37
0.0755856 37
0.0751633 37
0.0747159 37
0.0756136 37
0.079039 37
0.0810919 37
0.0727732 37
0.0703361 37
0.0708807 37
0.070134 37
0.0712078 37
0.0733353 37
0.0771763 37
0.0743932 37
0.0726402 37
0.0730718 37
0.0758367 37
0.0769433 37
0.0768138 37
0.0754404 37
0.072892 37
0.0698481 37
0.0718791 37
0.0700857 37
0.0700846 35
0.0703174 35
0.0743463 35
0.072607 35
0.0767845 35
0.0755437 35
0.0805975 35
0.0806655 35
0.0773012 35
0.071204 35
0.0700403 35
0.0720411 35
0.070499 35
0.0706563 37
0.0702463 37
0.0721458 37
0.0733877 37
0.075448 37
0.0739654 37
0.0730744 37
0.0804937 37
0.0787084 37
0.0775979 37
0.0703518 37
0.0702595 37
0.0702347 37
0.0701058 37
0.0705993 37
0.0711932 37
0.0731781 37
0.0737498 37
0.0739738 37
0.0732289 37
0.0750137 37
0.0808584 37
0.0900001 37
0.0741526 37
0.0706076 37
0.0702077 37
0.0700778 37
0.0703147 35
0.0710424 35
0.0724464 35
0.0732677 35
0.0750032 35
0.0734007 35
0.0740935 35
0.0779206 35
0.07949 35
0.0772822 35
0.0706504 35
0.0700542 35
0.0712882 35
0.0731075 35
0.0733229 38
0.0712149 38
0.0754442 38
0.0735596 38
0.0772174 38
0.0761275 38
0.076025 38
0.0792128 38
0.0774045 38
0.0732722 38
0.0705709 38
0.0738479 38
0.0729804 38
0.0713995 38
0.0708878 36
0.0722997 36
0.0735654 36
0.074147 36
0.0741471 36
0.0741476 36
0.0775591 36
0.0783327 36
0.0762022 36
0.0736165 36
0.070495 36
0.0740079 36
0.0736426 36
0.0741329 36
0.070924 36
0.0731948 36
0.0740861 36
0.0750228 36
0.07471 36
0.0755368 36
0.0786547 36
0.078976 36
0.0755154 36
0.0709765 36
0.0703542 36
0.0733715 36
0.0732437 36
0.0726905 37
0.0725282 37
0.0745146 37
0.0753009 37
0.0745314 37
0.0741161 37
0.0783639 37
0.0802773 37
0.0779805 37
0.0709765 37
0.0709217 37
0.0710715 37
0.0710299 37
0.0723935 35
0.0714349 35
0.0783063 35
0.0760988 35
0.0774244 35
0.0764282 35
0.077769 35
0.0787461 35
0.0782498 35
0.0747412 35
0.0711188 35
0.0716695 35
0.0713107 35
0.0785763 35
0.0720637 36
0.0732182 36
0.0744444 36
0.0743031 36
0.0751382 36
0.0752973 36
0.0790062 36
0.0777578 36
0.0754859 36
0.0720276 36
0.0708538 36
0.0752514 36
0.0740538 36
0.0711001 36
0.0723059 36
0.0745392 36
0.0742244 36
0.0756484 36
0.0746387 36
0.0785063 36
0.0810034 36
0.079203 36
0.0717263 36
0.0711709 36
0.0718251 36
0.0715981 36
0.0713585 36
0.0762828 36
0.0770161 36
0.0747481 36
0.0746924 36
0.0763478 36
0.0798134 36
0.0816252 36
0.0782005 36
0.0763296 36
0.0732056 36
0.0718272 36
0.0740919 36
0.0734061 36
0.0726251 36
0.0731732 36
0.0742839 36
0.07757 36
0.0782933 36
0.0815732 36
0.0794893 36
0.0786097 36
0.0749323 36
0.0769376 36
0.0741384 36
0.0720666 36
0.0718643 36
0.073171 34
0.0728249 34
0.075098 34
0.076728 34
0.0754235 34
0.0760265 34
0.0788552 34
0.0789719 34
0.0768577 34
0.0741015 34
0.071636 34
0.0719132 34
0.0717198 34
0.0717037 34
0.0747251 36
0.0744188 36
0.0746848 36
0.0790289 36
0.0791352 36
0.0788767 36
0.0800444 36
0.0782528 36
0.0727928 36
0.0715047 36
0.071665 36
0.0782644 36
0.0733891 36
0.0735561 36
0.0743543 36
0.0781801 36
0.0774893 36
0.0842124 36
0.0812705 36
0.0858015 36
0.0883784 36
0.0817519 36
0.0772825 36
0.075114 36
0.0748203 36
0.0753484 36
0.0773494 34
0.0798897 34
0.0797094 34
0.0782154 34
0.0782721 34
0.0909354 34
0.0859482 34
0.0842043 34
0.0706376 34
0.0716995 34
0.0705518 34
0.072199 34
0.0712831 34
0.0702635 34
0.0723372 34
0.0738359 34
0.0738486 34
0.0730903 34
0.0778738 34
0.0801999 34
0.0782073 34
0.0734757 34
0.0705981 34
0.0720576 34
0.0706886 34
0.0708146 34
0.0711461 36
0.0722284 36
0.0736271 36
0.0738546 36
0.0783726 36
0.078691 36
0.0788361 36
0.0778704 36
0.0766569 36
0.070359 36
0.073558 36
0.0707036 36
0.0710133 36
0.0709636 36
0.0716674 37
0.0729183 37
0.0739264 37
0.0742375 37
0.0735528 37
0.0778662 37
0.0792613 37
0.0776871 37
0.0777025 37
0.0740809 37
0.0714032 37
0.0708541 37
0.0711307 37
0.0713546 35
0.0712292 35
0.0734876 35
0.0761441 35
0.0743144 35
0.0762928 35
0.0782517 35
0.0820453 35
0.0775894 35
0.0758724 35
0.0709689 35
0.0709892 35
0.0716515 35
0.0712443 35
0.0721696 37
0.0735012 37
0.0739931 37
0.0740485 37
0.0744646 37
0.0783746 37
0.0796463 37
0.083494 37
0.0743382 37
0.0714715 37
0.0719165 37
0.0729153 37
0.0711265 37
0.0712329 35
0.0724155 35
0.0736482 35
0.0764634 35
0.0773981 35
0.0807278 35
0.0797249 35
0.0806389 35
0.0760609 35
0.0716474 35
0.0713022 35
0.071835 35
0.0746492 35
0.0713545 35
0.0749848 38
0.0804757 38
0.0762949 38
0.0848278 38
0.0814554 38
0.0852421 38
0.0803965 38
0.0739649 38
0.0725288 38
0.0711987 38
0.073326 38
0.071799 38
0.0716091 38
0.0717708 34
0.0745471 34
0.0750169 34
0.0747024 34
0.0754317 34
0.0795138 34
0.0797802 34
0.0775782 34
0.0769785 34
0.073797 34
0.0722222 34
0.072868 34
0.0722884 34
0.0715626 35
0.0729101 35
0.0747912 35
0.0744458 35
0.0750406 35
0.0817735 35
0.0798113 35
0.0783205 35
0.0761755 35
0.073354 35
0.0748041 35
0.072243 35
0.0747958 35
0.0769018 35
0.0753019 36
0.0773822 36
0.0784882 36
0.0780344 36
0.0795657 36
0.0807913 36
0.0788321 36
0.0742857 36
0.0719504 36
0.0716726 36
0.075615 36
0.0748212 36
0.0718639 36
0.0762461 35
0.0771587 35
0.0754468 35
0.0776299 35
0.0814447 35
0.0802808 35
0.0797602 35
0.0754716 35
0.0723041 35
0.0721014 35
0.073392 35
0.0717689 35
0.0717872 35
0.0726968 34
0.0740172 34
0.0763656 34
0.0783763 34
0.0788135 34
0.0800476 34
0.0781794 34
0.0764428 34
0.0725154 34
0.0719028 34
0.0717275 34
0.0738645 34
0.0720814 34
0.0720018 34
0.0734754 36
0.074463 36
0.0754889 36
0.0752704 36
0.080119 36
0.0783328 36
0.0778144 36
0.0771729 36
0.0745274 36
0.0732109 36
0.0715805 36
0.0792487 36
0.0729966 36
0.0759759 36
0.0775919 36
0.0753573 36
0.076374 36
0.0796614 36
0.0793816 36
0.0814979 36
0.0750257 36
0.0730658 36
0.0743874 36
0.0730727 36
0.075703 36
0.0750409 36
0.0729355 34
0.0757168 34
0.0781115 34
0.0796241 34
0.0821442 34
0.0822197 34
0.0802161 34
0.0735376 34
0.0741337 34
0.072526 34
0.072264 34
0.0726718 34
0.0723926 34
0.0754697 34
0.0779336 34
0.078449 34
0.0753167 34
0.0839759 34
0.0865886 34
0.0846745 34
0.0757151 34
0.0739548 34
0.0721781 34
0.0741844 34
0.0724335 34
0.0721377 34
0.0774797 35
0.0790336 35
0.0790656 35
0.0791241 35
0.0793746 35
0.0801104 35
0.0830278 35
0.0750064 35
0.0757159 35
0.0731472 35
0.0731146 35
0.0722427 35
0.0721999 35
0.0738149 35
0.0770328 35
0.0757295 35
0.0751731 35
0.0789518 35
0.0799086 35
0.0792368 35
0.0758784 35
0.0743456 35
0.0726011 35
0.0725251 35
0.0733094 35
0.0756411 35
0.0758631 35
0.0763934 36
0.0763634 36
0.0761934 36
0.0781831 36
0.0873782 36
0.0817492 36
0.0757169 36
0.0743886 36
0.0740709 36
0.0725342 36
0.0736088 36
0.0747027 36
0.0736356 36
0.0751893 34
0.0755278 34
0.0768976 34
0.0775003 34
0.0827922 34
0.0824089 34
0.0771498 34
0.0731981 34
0.0727441 34
0.0732275 34
0.07338 34
0.0727849 34
0.0735388 34
0.0747323 34
0.0802438 34
0.0769711 34
0.0788523 34
0.0867033 34
0.0816392 34
0.080067 34
0.0811007 34
0.073608 34
0.073084 34
0.0728725 34
0.0746108 34
0.0751159 34
0.074715 35
0.0757023 35
0.0814413 35
0.0817233 35
0.0820182 35
0.0795202 35
0.0772226 35
0.0754339 35
0.0728964 35
0.0766472 35
0.0756134 35
0.0744479 35
0.0733873 35
0.0759033 34
0.0786315 34
0.0772556 34
0.078293 34
0.0804676 34
0.0801994 34
0.0778252 34
0.0737387 34
0.0739377 34
0.0735834 34
0.0734958 34
0.0747783 34
0.0738269 34
0.0752093 34
0.0767048 35
0.0776257 35
0.0815133 35
0.0852737 35
0.0879776 35
0.0807409 35
0.0755628 35
0.0733984 35
0.0728717 35
0.0726261 35
0.0751738 35
0.0732079 35
0.0757523 35
0.0755965 34
0.0768089 34
0.0768073 34
0.0859459 34
0.0827256 34
0.0806904 34
0.0767205 34
0.0737288 34
0.0735583 34
0.0776559 34
0.0777003 34
0.0769283 34
0.0754222 35
0.0783278 35
0.0769237 35
0.0799677 35
0.083373 35
0.081932 35
0.0767858 35
0.0757916 35
0.0770347 35
0.0765406 35
0.0738478 35
0.0760928 35
0.0742052 35
0.0781491 34
0.0763024 34
0.0812325 34
0.0828956 34
0.0837227 34
0.0824926 34
0.0786865 34
0.0762936 34
0.0734162 34
0.0747373 34
0.0736441 34
0.073208 34
0.0754769 34
0.0760706 35
0.0803296 35
0.0798491 35
0.0806673 35
0.0809825 35
0.0805712 35
0.0760251 35
0.0741927 35
0.0736817 35
0.073566 35
0.0771505 35
0.0766329 35
0.0743504 35
0.0773407 34
0.085617 34
0.0799614 34
0.0814817 34
0.0822239 34
0.0877776 34
0.0805618 34
0.0751568 34
0.0743001 34
0.0737041 34
0.0738371 34
0.0744437 34
0.0758264 34
0.0777611 34
0.0777702 34
0.0798061 34
0.0833489 34
0.0849865 34
0.0838889 34
0.0791969 34
0.0818599 34
0.0802282 34
0.0769669 34
0.0747974 34
0.0789662 34
0.0796905 34
0.0830924 35
0.0794357 35
0.0816183 35
0.0833428 35
0.0831553 35
