0
0.00704168
0.00777081
0.0075744
0.00734407
0.00762975
0.00730992
0.00736879
0.00755241
0.00755566
0.00778333
0.00738048
0.00739278
0.00746692
0.00750556
0.00754819
0.00735878
0.00812286
0.0068181
0.0074625
0.0076008
0.00745763
0.00755792
0.00728503
0.00749259
0.00745075
0.00767598
0.00754951
0.00786379
0.00718726
0.00754099
0.00725432
0.00754107
0.007357
0.00734887
0.00754524
0.00750318
0.00764496
0.00745383
0.00781107
0.00786601
0.00690785
0.00743796
0.0075529
0.00759746
0.00751389
0.00788063
0.00719342
0.00749539
0.00745214
0.00770693
0.00734081
0.00747239
0.00741666
0.00753957
0.00758489
0.00723802
0.00761648
0.00731033
0.0075585
0.00749348
0.00737895
0.00756424
0.00758365
0.00737453
0.00737779
0.00773054
0.00743738
0.00749848
0.0072639
0.00741442
0.00744816
0.00754053
0.00760449
0.00791307
0.00710204
0.00724107
0.00763931
0.00744739
0.00781762
0.00711262
0.00740365
0.00746051
0.00747134
0.00739331
0.00762693
0.00769107
0.0071884
0.00764997
0.00738783
0.00754011
0.007407
0.00754319
0.00771698
0.00742341
0.00769259
0.00761516
0.00716452
0.00731275
0.0076527
0.00729895
0.00750668
0.00737894
0.00740562
0.00773576
0.00724448
0.0078385
0.00723824
0.00783564
0.00742301
0.0077789
0.00722037
0.00759744
0.00730681
0.00768963
0.00740535
0.0076658
0.00752574
0.00772367
0.00737533
0.0499993
0.0102282
0.00528306
0.00584818
0.00490805
0.0049771
0.00550871
0.0051408
0.00482315
0.00548181
0.00498428
0.00507746
0.00526596
0.00475806
0.00494865
0.0050214
0.006485
0.00510459
0.00572068
0.00636053
0.0057868
0.00576115
0.00546582
0.00446985
0.00459229
0.00487962
0.0046736
0.00433041
0.00510281
0.00580547
0.00495714
0.00544999
0.00517085
0.00499388
0.00496542
0.00509334
0.00489571
0.00501016
0.00542998
0.0051818
0.00516007
0.00512822
0.00542928
0.00454512
0.00463659
0.00585578
0.004627
0.00467439
0.00488873
0.00533151
0.00438019
0.00508951
0.00531587
0.00499914
0.00475342
0.00536755
0.00488414
0.00488611
0.00626464
0.00718359
0.00571265
0.00602972
0.005278
0.00497674
0.00534104
0.00508288
0.00506742
0.00520914
0.0052501
0.00483808
0.00469683
0.00534587
0.00465003
0.00476305
0.00544701
0.00499154
0.00456318
0.00537786
0.0043339
0.0047771
0.00473124
0.00552205
0.00486862
0.00466729
0.00593308
0.00507227
0.00504895
0.00582599
0.00489886
0.00485917
0.00512142
0.00589056
0.00486703
0.00490633
0.00573175
0.00472275
0.00462099
0.00555549
0.00496853
0.00511045
0.00651914
0.00510443
0.00501701
0.00592448
0.00511458
0.00493057
0.00508926
0.00501021
0.00442848
0.00499471
0.00541963
0.00500314
0.00489957
0.00568144
0.00480849
0.00492336
0.00609457
0.00489501
0.00454695
0.00461288
0.00521967
0.00445049
0.00473887
0.00552976
0.00462593
0.00440835
0.00463607
0.0061896
0.00447969
0.00488414
0.00533472
0.00466208
0.0043684
0.00519701
0.00442453
0.00458045
0.00467036
0.00599646
0.00582229
0.00598995
0.00633776
0.00555672
0.00485386
0.00511972
0.00490255
0.00527973
0.0051107
0.00495321
0.00481649
0.0060639
0.00493162
0.00467239
0.00544387
0.00483502
0.00459246
0.00469278
0.00521506
0.00486057
0.00492621
0.00635386
0.00498615
0.00460058
0.00529359
0.00494692
0.00444947
0.00496715
0.00477144
0.00488245
0.00539929
0.0061406
0.00467133
0.00440932
0.00549186
0.00487981
0.00495734
0.00507513
0.00540406
0.00492238
0.00525423
0.00577116
0.00451376
0.00499098
0.00530507
0.004918
0.00497903
0.00582364
0.00542794
0.00563007
0.00654517
0.00569176
0.00555217
0.00590934
0.00521009
0.00550342
0.00673278
0.00550629
0.00564222
0.00572807
0.00522897
0.00600433
0.00557943
0.00537601
0.00587566
0.0056645
0.00459657
0.00519443
0.00523884
0.00446191
0.0049642
0.00573205
0.00502545
0.00492514
0.00504441
0.00500379
0.00498951
0.00498905
0.00486064
0.00463273
0.00547821
0.00679814
0.00566028
0.00575987
0.00547974
0.00508697
0.00480925
0.00551723
0.00452578
0.00457368
0.00476708
0.00534094
0.00473016
0.00483103
0.00502195
0.00439212
0.00501164
0.00481153
0.00526063
0.00477557
0.00500958
0.00552627
0.00512765
0.0052931
0.00575339
0.00499385
0.0050994
0.00612876
0.00554784
0.00445174
0.00532278
0.00502966
0.00481976
0.00492901
0.00554604
0.00480842
0.00532306
0.00583386
0.00476796
0.0051093
0.00593044
0.00533099
0.00507865
0.00551677
0.00715704
0.0135629
0.0110806
0.013816
0.0104033
0.00881305
0.00994132
0.0111553
0.0105662
0.00935561
0.0113961
0.0165794
0.00965767
0.00995222
0.00768516
0.00751792
0.00539142
0.00511787
0.00535015
0.00480051
0.00495844
0.00637997
0.00515108
0.00483089
0.00590292
0.00496325
0.0044297
0.0055211
0.00493207
0.00438414
0.00483473
0.00499795
0.00474351
0.00436341
0.00524769
0.00462115
0.00465484
0.0049413
0.00532062
0.0044755
0.00442062
0.00627344
0.00575154
0.00466351
0.00600822
0.00473201
0.00455084
0.00539694
0.00521528
0.00484447
0.00534909
0.00573872
0.00457332
0.00440583
0.00519305
0.00441926
0.00451315
0.00459352
0.00524126
0.00446439
0.00459715
0.00516403
0.00489146
0.00487337
0.00515642
0.00488153
0.00492226
0.00567011
0.00517279
0.00506382
0.00492984
0.005201
0.00444199
0.00465438
0.0047719
0.00463098
0.00462852
0.00476107
0.0055081
0.00477366
0.00466018
0.00486762
0.00492496
0.0044672
0.00486259
0.0048736
0.0046759
0.00432401
0.00563772
0.00449363
0.0048014
0.00499801
0.00547997
0.00521432
0.00450143
0.00565679
0.00449336
0.0046497
0.00483743
0.0048263
0.00450352
0.00498449
0.00512834
0.00452568
0.00429444
0.00462334
0.00499062
0.00443506
0.00481596
0.00561228
0.00526373
0.00505091
0.00610858
0.00490693
0.00481241
0.00600258
0.0050593
0.00469589
0.00497947
0.00485914
0.00483904
0.00515235
0.00486059
0.00496506
0.00662605
0.00642779
0.00546828
0.0059498
0.00512645
0.00468483
0.0046488
0.00582707
0.00449918
0.00466226
0.00447936
0.00487672
0.0044817
0.00446847
0.00485772
0.00460741
0.00445428
0.0049012
0.00482972
0.0045508
0.00437116
0.00503337
0.00445027
0.00449303
0.004497
0.00492918
0.00449461
0.00444204
0.00454351
0.00522321
0.00474585
0.00510133
0.00515217
0.00467533
0.00433189
0.00486676
0.00442489
0.00490831
0.00492371
0.00535051
0.00520382
0.00461973
0.00569033
0.00470742
0.00491583
0.00492864
0.0050887
0.00486155
0.00504131
0.00565734
0.00458866
0.00475105
0.00560638
0.00508103
0.00481516
0.00517213
0.00442655
0.00473168
0.00458384
0.00540524
0.00439805
0.00450234
0.00490912
0.00448857
0.0046833
0.00519063
0.0056404
0.00486185
0.00496679
0.00507476
0.00457156
0.00444915
0.00488746
0.00477441
0.00496908
0.00504072
0.0052425
0.00485266
0.00494938
0.00579685
0.00517907
0.00517453
0.0050242
0.0057165
0.0046978
0.0051833
0.0052524
0.00457955
0.00459422
0.00503345
0.00488939
0.00440366
0.0048504
0.00476667
0.0046625
0.00442796
0.00500691
0.00469918
0.00447467
0.00457081
0.00516968
0.00499677
0.00496943
0.0070877
0.00474585
0.00460915
0.00500093
0.00493109
0.00486186
0.00550313
0.00532642
0.00469391
0.00504042
0.00520091
0.00471898
0.00436813
0.00514802
0.00459029
0.00449756
0.00462096
0.00585552
0.00450352
0.00447624
0.00501277
0.00459136
0.00436632
0.00522283
0.00481376
0.00495818
0.00520963
0.0054434
0.00496442
0.00477015
0.00548955
0.00448954
0.00450386
0.00445213
0.00600842
0.00501735
0.00451568
0.00541006
0.00451677
0.00470174
0.00524783
0.0048801
0.00437368
0.00455826
0.00561106
0.00497026
0.00483339
0.0052151
0.00488278
0.00498494
0.00508754
0.00505843
0.00480714
0.00507792
0.00553161
0.00476516
0.00459139
0.00492861
0.0051459
0.00487123
0.00488006
0.00653468
0.00563977
0.00565959
0.00638957
0.00490789
0.00517337
0.00451102
0.00453226
0.00427963
0.00571032
0.00542706
0.00483273
0.00568242
0.00492377
0.0046145
0.00463385
0.00494235
0.00438076
0.0048733
0.00535466
0.00483549
0.00470473
0.0052287
0.00463673
0.00457815
0.00443999
0.00534179
0.00449141
0.00450112
0.0048643
0.00498234
0.00454832
0.00458894
0.00513103
0.00477269
0.00436855
0.0048859
0.00449785
0.00461856
0.00444645
0.00512588
0.00486097
0.00492726
0.00559033
0.00518179
0.00517335
0.00556452
0.00562082
0.00483608
0.0049
0.00550336
0.00487613
0.0048934
0.00654126
0.00518352
0.00513729
0.00599236
0.00499809
0.00481115
0.00597068
0.00508609
0.00469053
0.00569002
0.00487193
0.00455601
0.00504099
0.0050575
0.00523304
0.00516289
0.00576925
0.00484161
0.00466951
0.00490733
0.00460349
0.00442811
0.00472532
0.00577875
0.00475133
0.00493238
0.00578004
0.00462296
0.00469938
0.00572903
0.00535976
0.00442176
0.00496413
0.00554265
0.00480805
0.00436052
0.0059273
0.00485088
0.00510294
0.00581091
0.00508206
0.00481146
0.00594483
0.00504225
0.00472443
0.00527074
0.0047613
0.00491048
0.00592405
0.00559777
0.00500586
0.00497209
0.00539285
0.0049523
0.00470763
0.00514527
0.00438649
0.00463607
0.00458807
0.00524282
0.00448724
0.00457462
0.00490594
0.00465463
0.00452192
0.00454872
0.00513933
0.0045282
0.00445422
0.00512647
0.0044571
0.00471382
0.0043787
0.00550563
0.00457738
0.00466472
0.00513468
0.00500178
0.00490738
0.00461096
0.00551008
0.00454996
0.00487973
0.00557328
0.00485866
0.00455203
0.00551442
0.00510661
0.00478053
0.00490616
0.00495962
0.00456767
0.00431731
0.0055096
0.00443367
0.00445378
0.00446419
0.0052873
0.00441802
0.00446722
0.004781
0.00452002
0.00463017
0.00443427
0.00636328
0.00448255
0.00454669
0.00496895
0.00474629
0.00447932
0.00483176
0.00600822
0.00550292
0.00636329
0.00604181
0.00535173
0.00531277
0.00565335
0.00487666
0.00455638
0.00522831
0.00455244
0.00473734
0.00551386
0.00500465
0.00447396
0.0052261
0.00552104
0.00477636
0.00508117
0.00495503
0.00456707
0.00433691
0.00537876
0.00444105
0.00449207
0.00432901
0.00537821
0.00482373
0.00450859
0.00492994
0.00452543
0.0045446
0.0044664
0.00517168
0.00462056
0.00435172
0.0048294
0.00493503
0.0044879
0.0043683
0.00523529
0.00451051
0.00460374
0.00476518
0.00494402
0.00437129
0.00449815
0.00486087
0.00464913
0.00433517
0.00461718
0.00575193
0.00457765
0.00482721
0.00613908
0.00503662
0.00488764
0.00614968
0.00545156
0.00473357
0.00570322
0.00497831
0.00480352
0.00582713
0.00564113
0.00502118
0.00514587
0.00541396
0.00479404
0.00508288
0.00608581
0.00469555
0.00504352
0.0057105
0.00493941
0.00496697
0.00612224
0.00531457
0.00485172
0.00588418
0.00492003
0.00504191
0.00506616
0.00517819
0.00517357
0.00503934
0.00510577
0.00491055
0.00497226
0.00605763
0.00474937
0.00494721
0.00565645
0.00475726
0.00446607
0.00473649
0.00501925
0.00474039
0.00471949
0.00610451
0.00512251
0.00484763
0.00616956
0.0049105
0.00505534
0.00584045
0.00522836
0.00494154
0.0050715
0.00535476
0.00521834
0.00501701
0.00524694
0.00454515
0.00461472
0.0053917
0.0046171
0.00439504
0.00528765
0.00484451
0.00492315
0.00482401
0.00596695
0.00472649
0.00448601
0.00486292
0.0046874
0.00438483
0.00449114
0.00569334
0.00455224
0.0047116
0.00579059
0.00469566
0.00441927
0.00493001
0.00479134
0.00452989
0.00459973
0.00529319
0.0045502
0.0044928
0.00474627
0.00561816
0.00543686
0.00534118
0.00520854
0.00486199
0.0051708
0.00497492
0.00513527
0.00534791
0.0055112
0.00518732
0.00489237
0.00591234
0.00538486
0.00461821
0.00488629
0.00549105
0.00494265
0.00493577
0.00586395
0.00500377
0.00583566
0.00633066
0.00554873
0.00639048
0.0052711
0.00494582
0.00502586
0.00542554
0.0046981
0.00449397
0.00533645
0.00503557
0.00433706
0.00482089
0.00538571
0.0047465
0.00436379
0.00532223
0.00460931
0.00463048
0.00464822
0.00548544
0.0045069
0.00441889
0.00495514
0.00473524
0.00433357
0.00480072
0.00612535
0.00463398
0.00452829
0.00567503
0.00461478
0.00435961
0.00535875
0.00463617
0.00451563
0.00452505
0.00559471
0.00448936
0.00447449
0.00520099
0.00508208
0.00502085
0.00461134
0.00510057
0.00449261
0.00471626
0.00512585
0.00490092
0.00480482
0.00612338
0.00517365
0.00475628
0.00500539
0.005348
0.00494337
0.00439291
0.00556609
0.00446701
0.00447135
0.00489953
0.00487499
0.00437287
0.00457849
0.00516315
0.00470193
0.00439802
0.00567505
0.00450171
0.00461888
0.00433329
0.00574556
0.00524999
0.00466203
0.0051533
0.00440369
0.0044979
0.00438747
0.00550145
0.00447141
0.0048888
0.00486797
0.00518579
0.00473229
0.0051557
0.00596309
0.00488696
0.00533026
0.00480829
0.00490908
0.00489166
0.00505692
0.00455626
0.00471712
0.0058227
0.00507592
0.00522118
0.00501467
0.00553588
0.00484519
0.00460722
0.00548168
0.00483267
0.00444364
0.0050975
0.00442054
0.00482926
0.00487878
0.00520637
0.00555981
0.00494474
0.00569091
0.0050534
0.00459132
0.00514254
0.00553008
0.00510471
0.00511691
0.00498409
0.00431522
0.00495551
0.00551196
0.0046111
0.00439521
0.00499558
0.00459228
0.00451143
0.00438667
0.00571587
0.0048785
0.00487969
0.00542241
0.00485673
0.00490991
0.00503697
0.00509327
0.00553159
0.00468075
0.00561467
0.00490981
0.00505073
0.00565215
0.00456088
0.00439387
0.00554207
0.00531485
0.00458872
0.00486128
0.00482199
0.0048208
0.00438664
0.00562183
0.00476075
0.00452741
0.00467882
0.00510868
0.0047961
0.00469757
0.0052779
0.00478812
0.00465857
0.00495395
0.00517418
0.00486004
0.00701294
0.00819398
0.00925711
0.010335
0.011022
0.00858117
0.00849485
0.00743269
0.00927768
0.0056772
0.00923454
0.0077064
0.00782292
0.0110642
0.0117808
0.0124282
0.0103108
0.00672327
0.0051886
0.00542372
0.00528452
0.00469819
0.00490214
0.0055863
0.0050418
0.00457399
0.00544752
0.00559079
0.0046062
0.00502325
0.00464065
0.00469021
0.00441967
0.00551492
0.00459122
0.00467535
0.0048279
0.00498944
