=============
GeForce GTX 1660 Ti with Max-Q Design (Deferred average case) (Deferred)
1920, 1080
Viewport maximized: true
Window fullscreen: true
Position: 6.8, 2, 0
Rotation: 0, 0.707107, 0, 0.707107
Sat Jan 15 20:23:24 2022
0.0413796 99
0.0411682 99
0.0411785 99
0.0411588 99
0.0410865 99
0.0411096 99
0.0411902 99
0.0412793 99
0.0412706 99
0.0413217 99
0.0415636 99
0.0414167 99
0.0415588 99
0.0413455 99
0.0412207 99
0.0412898 99
0.0412653 99
0.0413432 99
0.0411267 99
0.0412964 99
0.0415893 99
0.0412451 99
0.0411511 99
0.0411484 99
0.0413474 99
0.041284 99
0.0411775 99
0.0414506 99
0.0410509 99
0.040981 99
0.0411956 99
0.0412217 99
0.0413274 99
0.0413059 99
0.0412584 99
0.041735 99
0.0414775 99
0.0414839 99
0.0413539 99
0.0411741 99
0.0412571 99
0.0413151 99
0.0411248 99
0.0412953 99
0.0413638 99
0.041342 99
0.0412168 99
0.0412093 99
0.0412868 99
0.0411944 99
0.0411841 99
0.0410872 99
0.0413153 99
0.0410493 99
0.041182 99
0.0410858 99
0.0412793 99
0.0412819 99
0.0413639 99
0.04179 99
0.0413045 99
0.0412124 99
0.041361 99
0.0412144 99
0.0411844 99
0.0413626 99
0.0413113 99
0.0413031 99
0.0411873 99
0.0413848 99
0.0411481 99
0.041387 99
0.0413464 99
0.04141 99
0.0408551 99
0.0412497 99
0.041389 99
0.0409641 99
0.041211 99
0.0414317 99
0.0409673 99
0.0412428 99
0.0415775 99
0.0414024 99
0.0412546 99
0.0412668 99
0.0412962 99
0.0410382 99
0.0413203 99
0.0412049 99
0.041186 99
0.0412223 99
0.0412265 99
0.0438933 99
0.0389435 99
0.0408747 99
0.0412293 99
0.0412603 99
0.0449795 99
0.0409494 99
0.0410333 99
0.0411301 99
0.0412599 99
0.041156 99
0.0413374 99
0.0412456 99
0.0413103 99
0.0414959 99
0.0410973 99
0.0410265 99
0.0412876 99
0.0411504 99
0.0411467 99
0.0412095 99
0.0412691 99
0.0412978 99
0.0412503 99
0.0412011 99
0.0411502 99
0.0411647 99
0.0412895 99
0.0412559 99
0.0413849 99
0.041008 99
0.0411711 99
0.0411595 99
0.0413921 99
0.0410007 99
0.0411101 99
0.041315 99
0.0412328 99
0.0412857 99
0.0417781 99
0.0411289 99
0.0413035 99
0.0413003 99
0.0412797 99
0.0412774 99
0.0412932 99
0.0413548 99
0.0413129 99
0.0413405 99
0.0411967 99
0.0413722 99
0.041159 99
0.0412922 99
0.0412705 99
0.0411409 99
0.0412956 99
0.0414159 99
0.0413029 99
0.0413045 99
0.0413232 99
0.0413894 99
0.0409792 99
0.0420632 99
0.0412681 99
0.0412913 99
0.0412371 99
0.0413999 99
0.041258 99
0.0411737 99
0.0412586 99
0.0412097 99
0.0412604 99
0.0412126 99
0.041421 99
0.0411448 99
0.041077 99
0.0414923 99
0.0409878 99
0.0412178 99
0.0412466 99
0.0413209 99
0.0413349 99
0.0412249 99
0.0413556 99
0.0413256 99
0.0413864 99
0.0413985 99
0.041215 99
0.04162 99
0.0412839 99
0.0409846 99
0.0412965 99
0.0413288 99
0.0411198 99
0.0413266 99
0.0410718 99
0.0411733 99
0.0412706 99
0.0417514 99
0.0413986 99
0.0411909 99
0.0412106 99
0.0413572 99
0.0413697 99
0.0414109 99
0.0412386 99
0.0413644 99
0.0410892 99
0.0413622 99
0.0412585 99
0.0418569 99
0.0409431 99
0.0413048 99
0.0412251 99
0.041178 99
0.0413863 99
0.0412181 99
0.0412603 99
0.0411646 99
0.0411905 99
0.041134 99
0.0413404 99
0.0413757 99
0.0411786 99
0.0413388 99
0.0412191 99
0.0412372 99
0.0411263 99
0.0412217 99
0.0412689 99
0.0413678 99
0.0412941 99
0.0412927 99
0.0412633 99
0.0413673 99
0.0412382 99
0.0411081 99
0.0413907 99
0.0412945 99
0.0410059 99
0.0414304 99
0.0417184 99
0.0412273 99
0.041093 99
0.0413447 99
0.0411378 99
0.0412262 99
0.0412526 99
0.0414294 99
0.0413233 99
0.0413955 99
0.0411049 99
0.0414087 99
0.0415042 99
0.0412974 99
0.0413387 99
0.0413397 99
0.0412151 99
0.041461 99
0.0413953 99
0.0414231 99
0.0418996 99
0.0410988 99
0.0414892 99
0.0412119 99
0.0414032 99
0.0411152 99
0.0413588 99
0.0412183 99
0.0413226 99
0.0413005 99
0.0412791 99
0.0414048 99
0.041458 99
0.0412061 99
0.041226 99
0.0414375 99
0.041115 99
0.0412002 99
0.0412545 99
0.0411773 99
0.0417304 99
0.0411497 99
0.0412825 99
0.0412712 99
0.0410213 99
0.0413202 99
0.0411696 99
0.0412904 99
0.0413093 99
0.0412041 99
0.0413153 99
0.0414813 99
0.0410467 99
0.0412313 99
0.0413409 99
0.0413203 99
0.0412722 99
0.0412968 99
0.0413561 99
0.0412548 99
0.0414195 99
0.0412427 99
0.0414861 99
0.0416554 99
0.0410024 99
0.0414421 99
0.0414687 99
0.0412768 99
0.0413747 99
0.041197 99
0.0412835 99
0.0413578 99
0.0414592 99
0.0413134 99
0.0411256 99
0.0412968 99
0.0413701 99
0.0414922 99
0.0412213 99
0.0418433 99
0.0410383 99
0.0416341 99
0.0410339 99
0.0412469 99
0.0412669 99
0.0412167 99
0.0414301 99
0.0415703 99
0.0415123 99
0.0413858 99
0.0410518 99
0.0412553 99
0.0411399 99
0.0412666 99
0.0412903 99
0.0414316 99
0.04136 99
0.0416805 99
0.0410156 99
0.0415574 99
0.0413469 99
0.0414135 99
0.041284 99
0.0413432 99
0.0412652 99
0.0412542 99
0.0412146 99
0.0413357 99
0.0417105 99
0.0414548 99
0.0411908 99
0.0416403 99
0.0412128 99
0.0416087 99
0.0411365 99
0.0411188 99
0.0415765 99
0.0412302 99
0.0412417 99
0.0412177 99
0.0414012 99
0.0411394 99
0.0412423 99
0.0412134 99
0.0410157 99
0.0414646 99
0.0413941 99
0.0412883 99
0.0411554 99
0.0415673 99
0.0411394 99
0.0412207 99
0.0414137 99
0.0413372 99
0.0413276 99
0.0412676 99
0.0413681 99
0.0413286 99
0.0413251 99
0.0413612 99
0.0415671 99
0.0409236 99
0.0412877 99
0.0413781 99
0.0414728 99
0.0411744 99
0.0417867 99
0.0415164 99
0.0412767 99
0.0412764 99
0.0410291 99
0.0416005 99
0.0414619 99
0.0413618 99
0.0413495 99
0.0420626 99
0.0411525 99
0.041279 99
0.0414021 99
0.0412441 99
0.0411798 99
0.0412988 99
0.0412638 99
0.041202 99
0.0412803 99
0.0411309 99
0.0414013 99
0.0413119 99
0.0414268 99
0.0414067 99
0.0414623 99
0.0411225 99
0.0412477 99
0.04126 99
0.041347 99
0.0413436 99
0.0412694 99
0.0413425 99
0.0422418 99
0.0412692 99
0.0414574 99
0.041292 99
0.0413046 99
0.0414091 99
0.0412766 99
0.0412459 99
0.0413611 99
0.041169 99
0.0413097 99
0.0413915 99
0.0414135 99
0.0413657 99
0.0417086 99
0.0412734 99
0.0412114 99
0.0410623 99
0.0412633 99
0.0411262 99
0.0412692 99
0.0414735 99
0.0413369 99
0.0416894 99
0.0412403 99
0.0413415 99
0.0413153 99
0.0413589 99
0.0412806 99
0.0413252 99
0.0411626 99
0.0412322 99
0.041163 99
0.041611 99
0.0413375 99
0.0413247 99
0.0413517 99
0.0415346 99
0.041113 99
0.0411425 99
0.0412699 99
0.0412489 99
0.0419331 99
0.0412299 99
0.0413561 99
0.0413132 99
0.0412919 99
0.0413114 99
0.0413422 99
0.0412893 99
0.0412911 99
0.0412745 99
0.0413062 99
0.0411556 99
0.0412592 99
0.0412867 99
0.0412024 99
0.0412281 99
0.0417941 99
0.0413582 99
0.0413805 99
0.0411979 99
0.0417301 99
0.0412936 99
0.0412418 99
0.041079 99
0.0412092 99
0.0411642 99
0.0413299 99
0.0413483 99
0.0413312 99
0.0412321 99
0.0413257 99
0.0412726 99
0.0412499 99
0.0411684 99
0.0411413 99
0.0412517 99
0.0413224 99
0.0410989 99
0.0412849 99
0.0412752 99
0.0413761 99
0.0412909 99
0.0413621 99
0.0413113 99
0.0413827 99
0.0411107 99
0.0414179 99
0.0411226 99
0.0415881 99
0.0413667 99
0.0413226 99
0.0415067 99
0.0413617 99
0.041736 99
0.0414146 99
0.0412327 99
0.0413008 99
0.0412824 99
0.0413408 99
0.0412212 99
0.0412974 99
0.0412615 99
0.0411963 99
0.0412563 99
0.041198 99
0.0412357 99
0.0411829 99
0.0411848 99
0.0412098 99
0.0412912 99
0.041211 99
0.0411472 99
0.041243 99
0.0413359 99
0.0413797 99
0.0415133 99
0.0412479 99
0.0411813 99
0.0413374 99
0.0413306 99
0.0414914 99
0.0412033 99
0.0412631 99
0.0413472 99
0.0411561 99
0.0413674 99
0.0411864 99
0.0413452 99
0.041185 99
0.041419 99
0.0411902 99
0.041307 99
0.0411432 99
0.0412549 99
0.0411418 99
0.0414306 99
0.041256 99
0.0413198 99
0.0414791 99
0.0413672 99
0.0416201 99
0.041409 99
0.0416521 99
0.0408158 99
0.0411637 99
0.0412441 99
0.0413601 99
0.0412857 99
0.0413588 99
0.0411631 99
0.0411237 99
0.0414097 99
0.0412586 99
0.0411897 99
0.0412544 99
0.0412364 99
0.041276 99
0.0412062 99
0.0411907 99
0.0413208 99
0.0413105 99
0.0413353 99
0.0415776 99
0.0412136 99
0.0413864 99
0.0416819 99
0.0410624 99
0.0411048 99
0.0413305 99
0.0413237 99
0.0415082 99
0.04127 99
0.0413484 99
0.0412574 99
0.0412349 99
0.041275 99
0.04128 99
0.0412857 99
0.0412069 99
0.0412523 99
0.0412583 99
0.041237 99
0.041149 99
0.0413704 99
0.0413078 99
0.0412092 99
0.0413017 99
0.0413825 99
0.0416098 99
0.0411854 99
0.0412444 99
0.0413476 99
0.0413158 99
0.0410918 99
0.0412239 99
0.0411422 99
0.0412511 99
0.0412805 99
0.041368 99
0.0411102 99
0.0412972 99
0.0411548 99
0.0412933 99
0.0412179 99
0.0417077 99
0.0445744 99
0.0381956 99
0.041373 99
0.0412996 99
0.0413647 99
0.0414065 99
0.0414115 99
0.041414 99
0.0411226 99
0.0412648 99
0.0413229 99
0.0412784 99
0.0412786 99
0.0412545 99
0.0411953 99
0.0413029 99
0.0412247 99
0.0412168 99
0.0412446 99
0.0413031 99
0.0411939 99
0.041299 99
0.0413924 99
0.0412311 99
0.0413936 99
0.0411855 99
0.0413847 99
0.0413396 99
0.041249 99
0.0413391 99
0.0412581 99
0.0412616 99
0.0416007 99
0.0413459 99
0.04116 99
0.0416262 99
0.0411207 99
0.041268 99
0.0411761 99
0.0411875 99
0.0412029 99
0.0413541 99
0.0410866 99
0.0412217 99
0.0413075 99
0.0412647 99
0.0412842 99
0.0411669 99
0.0411398 99
0.0413911 99
0.0413869 99
0.0411735 99
0.0414179 99
0.0413606 99
0.0413709 99
0.041183 99
0.0417352 99
0.0412731 99
0.0412544 99
0.0414649 99
0.0414279 99
0.0412062 99
0.041366 99
0.0413874 99
0.041309 99
0.0414003 99
0.0411392 99
0.0412084 99
0.0412191 99
0.0410972 99
0.0412611 99
0.0412209 99
0.0413664 99
0.0412242 99
0.0418503 99
0.0411248 99
0.0413083 99
0.0412959 99
0.0412704 99
0.0413215 99
0.0417436 99
0.04125 99
0.0411754 99
0.041231 99
0.0411257 99
0.0413599 99
0.0411243 99
0.0413423 99
0.0411368 99
0.041288 99
0.0413783 99
0.0413642 99
0.0410517 99
0.0411813 99
0.0412361 99
0.0412926 99
0.0413331 99
0.041146 99
0.0413606 99
0.0412658 99
0.0411945 99
0.0412397 99
0.0414317 99
0.0412565 99
0.0409518 99
0.0412716 99
0.0413389 99
0.0412019 99
0.0409443 99
0.0413186 99
0.0413553 99
0.0412589 99
0.0413633 99
0.041065 99
0.0412025 99
0.041165 99
0.0413593 99
0.0412673 99
0.0411544 99
0.0411621 99
0.0412535 99
0.0412622 99
0.0413627 99
0.0413908 99
0.0413829 99
0.041215 99
0.0413528 99
0.0411652 99
0.0412606 99
0.0412679 99
0.0416798 99
0.0412091 99
0.0412746 99
0.0413744 99
0.0412232 99
0.0412325 99
0.0412594 99
0.0411355 99
0.0411743 99
0.0412512 99
0.0410991 99
0.0412587 99
0.0411921 99
0.0411921 99
0.0413438 99
0.0412394 99
0.0413768 99
0.041351 99
0.0411385 99
0.0413467 99
0.0412784 99
0.0412974 99
0.0411872 99
0.0411959 99
0.0410576 99
0.0416069 99
0.0414721 99
0.0413757 99
0.0412649 99
0.0412951 99
0.0412298 99
0.040975 99
0.0411289 99
0.0411422 99
0.0411897 99
0.0413044 99
0.0411813 99
0.0412055 99
0.0413956 99
0.0411715 99
0.0412963 99
0.0414183 99
0.0412246 99
0.0413649 99
0.041216 99
0.0412665 99
0.0412122 99
0.041184 99
0.0413843 99
0.0412371 99
0.0420449 99
0.0411184 99
0.0413028 99
0.0415686 99
0.041178 99
0.0412247 99
0.0412889 99
0.0410543 99
0.0413424 99
0.0410224 99
0.0412691 99
0.0411494 99
0.0412521 99
0.0413817 99
0.041201 99
0.041099 99
0.0414577 99
0.0413435 99
0.0412584 99
0.0413562 99
0.0410477 99
0.0413308 99
0.041294 99
0.0412066 99
0.0411917 99
0.0417706 99
0.0411143 99
0.0412003 99
0.0412757 99
0.0411674 99
0.041262 99
0.0410571 99
0.0412383 99
0.0411829 99
0.041187 99
0.0412837 99
0.0414203 99
0.0414192 99
0.0413749 99
0.0411845 99
0.0413985 99
0.0412311 99
0.0412576 99
0.0411329 99
0.041187 99
0.0415217 99
0.0412645 99
0.0410995 99
0.041183 99
0.0412888 99
0.0416815 99
0.0412116 99
0.0412758 99
0.0411433 99
0.0411472 99
0.0412681 99
0.0413169 99
0.041401 99
0.0410373 99
0.0413465 99
0.0413401 99
0.0414 99
0.0413653 99
0.0411551 99
0.041333 99
0.0412782 99
0.0413147 99
0.0412099 99
0.0412811 99
0.0412461 99
0.0413632 99
0.0413731 99
0.0413195 99
0.0410454 99
0.0413177 99
0.0421144 99
0.0418081 99
0.0411277 99
0.0411833 99
0.041401 99
0.0412897 99
0.0410644 99
0.041243 99
0.0412774 99
0.0411596 99
0.0413099 99
0.0413729 99
0.0413272 99
0.0413922 99
0.0412393 99
0.0412628 99
0.0413404 99
0.0413288 99
0.0413573 99
0.0413229 99
0.0414297 99
0.0414402 99
0.0410236 99
0.0413201 99
0.0416412 99
0.0411509 99
0.0414588 99
0.0412003 99
0.0413501 99
0.0411724 99
0.0412212 99
0.041387 99
0.0412132 99
0.0412791 99
0.0412501 99
0.0411759 99
0.0413904 99
0.0413281 99
0.0413239 99
0.0413238 99
0.0412713 99
0.0414031 99
0.041218 99
0.0415321 99
0.0412528 99
0.0412185 99
0.0412437 99
0.0410485 99
0.0416388 99
0.0413277 99
0.0411501 99
0.0412118 99
0.0412557 99
0.0411679 99
0.0412552 99
0.0412232 99
0.0412835 99
0.041237 99
0.0412628 99
0.0412905 99
0.0414628 99
0.0414327 99
0.0415981 99
0.0413705 99
0.0414844 99
0.0413159 99
0.0413008 99
0.0410879 99
0.0416416 99
0.0413289 99
0.0413297 99
0.0412831 99
0.0412627 99
0.0412033 99
0.041181 99
0.041139 99
0.0412775 99
0.0413769 99
0.0413229 99
0.0412649 99
0.0411994 99
0.0411382 99
0.0411531 99
0.0412933 99
0.041424 99
0.0411969 99
0.0412946 99
0.041281 99
0.0412742 99
0.0411761 99
0.04125 99
0.0414122 99
0.0412001 99
0.0413072 99
0.0411179 99
0.0412712 99
0.0410497 99
0.0412014 99
0.0411848 99
0.0411746 99
0.0413256 99
0.0412088 99
0.0413301 99
0.041282 99
0.041271 99
0.0411448 99
0.0412476 99
0.0413701 99
0.0413426 99
0.0413201 99
0.0413768 99
0.0413383 99
0.041295 99
0.0412829 99
0.0412999 99
0.0412287 99
0.0413011 99
0.0411615 99
0.0411987 99
0.0412613 99
0.0412534 99
0.0416065 99
0.0411291 99
0.0411628 99
0.0414502 99
0.0412981 99
0.0412198 99
0.0412085 99
0.0413377 99
0.0413941 99
0.0411979 99
0.0412822 99
0.0413364 99
0.0412658 99
0.0414236 99
0.04116 99
0.0412248 99
0.0414031 99
0.0413444 99
0.0411447 99
0.0412598 99
0.0413037 99
0.0411726 99
0.0412465 99
0.0412554 99
0.0411753 99
0.0416806 99
0.0416449 99
0.0410523 99
0.0411824 99
0.0411564 99
0.0410445 99
0.0412886 99
0.0412237 99
0.0411892 99
0.0412441 99
0.041339 99
0.0413131 99
0.0412878 99
0.0411648 99
0.0410788 99
0.0412715 99
0.0413329 99
0.041393 99
0.0413057 99
0.0412295 99
0.0412573 99
0.0410906 99
0.0411373 99
0.0411867 99
0.0413035 99
0.0418897 99
0.0411263 99
0.041238 99
0.041272 99
0.0412787 99
0.0412068 99
0.0413952 99
0.0412404 99
0.0413342 99
0.0412491 99
0.0412575 99
0.041225 99
0.0411971 99
0.0412911 99
0.0413422 99
0.0412468 99
0.0414544 99
0.0413313 99
0.0412038 99
0.0411514 99
0.0411952 99
0.0411419 99
0.0412687 99
0.0413254 99
0.0411558 99
0.0416434 99
0.0415762 99
0.0411174 99
0.0411843 99
0.0413204 99
0.0412749 99
0.0411965 99
0.0412886 99
0.0413098 99
0.0413347 99
0.0414823 99
0.0410878 99
0.0413359 99
0.0412587 99
0.0413312 99
0.0413437 99
0.0413586 99
0.0413417 99
0.0411859 99
0.0412878 99
0.0412444 99
0.0412229 99
0.0412046 99
0.0412553 99
0.0413028 99
0.0416946 99
0.0409989 99
0.0413381 99
0.0414015 99
0.0413436 99
0.0413228 99
0.0412667 99
0.0413032 99
0.0413746 99
0.0413628 99
0.0413154 99
0.0411615 99
0.0412596 99
0.0412981 99
0.0413469 99
0.0413938 99
0.0411356 99
0.0412464 99
0.0413214 99
0.0412454 99
0.0413003 99
0.0411783 99
0.0413863 99
0.0412535 99
0.0411524 99
0.0416569 99
0.0411949 99
0.0412739 99
0.041381 99
0.0411531 99
0.0412314 99
0.0413259 99
0.0411078 99
0.0414126 99
0.0413139 99
0.0414111 99
0.0414123 99
0.0414025 99
0.0414129 99
0.0412327 99
0.0414464 99
0.0413905 99
0.0411025 99
0.0411653 99
0.0412951 99
0.0411781 99
0.0412409 99
0.0412492 99
0.04133 99
0.0412926 99
0.0413888 99
0.0412048 99
0.0412293 99
0.041325 99
0.0413203 99
0.0411883 99
0.0411979 99
0.0412681 99
0.0410113 99
0.0416567 99
0.0413825 99
0.0412193 99
0.0414354 99
0.0412796 99
0.041335 99
0.0412856 99
0.0411934 99
0.041257 99
0.0412555 99
0.0413167 99
0.0412159 99
0.04136 99
0.0412545 99
0.0413299 99
0.0412944 99
0.0416666 99
0.0411481 99
0.04127 99
0.0412351 99
0.0412654 99
0.0412399 99
0.0412486 99
0.0413778 99
0.0413563 99
0.0411919 99
0.041673 99
0.0413048 99
0.0412943 99
0.0412485 99
0.041408 99
0.0412386 99
0.041391 99
0.0413615 99
0.0410936 99
0.0413617 99
0.0413408 99
0.0412538 99
0.0412315 99
0.0413814 99
0.0412152 99
0.0416436 99
0.0411616 99
0.0412108 99
0.0411526 99
0.0412338 99
0.0413915 99
0.0412459 99
0.041304 99
0.0413884 99
0.0413656 99
0.041168 99
0.0414688 99
0.0413798 99
0.0413022 99
0.0412207 99
0.0413291 99
0.0412094 99
0.0412911 99
0.041242 99
0.0413989 99
0.0412635 99
0.0413606 99
0.041213 99
0.041092 99
0.0413036 99
0.0417801 99
0.0411278 99
0.0412946 99
0.0412519 99
0.0413106 99
0.0413815 99
0.0412928 99
0.0412136 99
0.041486 99
0.0409042 99
0.0414614 99
0.0413865 99
0.04123 99
0.04129 99
0.0412721 99
0.0413367 99
0.0412157 99
0.0414297 99
0.0412344 99
0.0413214 99
0.0413805 99
0.0411678 99
0.0413689 99
0.0413561 99
0.0413329 99
0.041718 99
0.0414358 99
0.0413806 99
0.0413667 99
0.0412366 99
0.0412041 99
0.0412191 99
0.0411592 99
0.0413206 99
0.0412704 99
0.0414343 99
0.0411715 99
0.0413253 99
0.041292 99
0.0414768 99
0.0411913 99
0.0412369 99
0.0413068 99
0.0412479 99
0.0413536 99
0.0413118 99
0.0412663 99
0.0414104 99
0.0413128 99
0.0414209 99
0.0411993 99
0.041305 99
0.0413645 99
0.0414412 99
0.0412166 99
0.041075 99
0.0410138 99
0.0413874 99
0.0412397 99
0.0413209 99
0.0416843 99
0.0410195 99
0.0412857 99
0.0413178 99
0.0408462 99
0.0415308 99
0.0412253 99
0.0413475 99
0.0413414 99
0.0413403 99
0.0412476 99
0.0412197 99
0.0413347 99
0.0413382 99
0.0411909 99
0.0416777 99
0.0411844 99
0.0413977 99
0.0411837 99
0.0413672 99
0.0412855 99
0.0412603 99
0.0413621 99
0.0412546 99
0.041344 99
0.0413852 99
0.0411717 99
0.0412666 99
0.041188 99
0.0413123 99
0.0413091 99
0.0413676 99
0.0412891 99
0.0412568 99
0.0413402 99
0.041192 99
0.0415097 99
0.0412847 99
0.0414158 99
0.0413441 99
0.0418052 99
0.0410655 99
0.0412964 99
0.0412822 99
0.0411512 99
0.0413753 99
0.0412483 99
0.0412968 99
0.0413847 99
0.0411706 99
0.0411968 99
0.0412304 99
0.0413681 99
0.041228 99
0.0414541 99
0.0411155 99
0.0413923 99
0.0413421 99
0.0412096 99
0.0410578 99
0.0413323 99
0.0414388 99
0.041276 99
0.0413298 99
0.0418486 99
0.0416637 99
0.0410555 99
0.0413309 99
0.0411314 99
0.0414193 99
0.0413163 99
0.0412766 99
0.0412567 99
0.0413195 99
0.0412543 99
0.0412272 99
0.0412927 99
0.041262 99
0.0411711 99
0.0410971 99
0.0414146 99
0.041285 99
0.0412624 99
0.0414698 99
0.0411724 99
0.0411322 99
0.0415153 99
0.0410838 99
0.0415257 99
0.0413364 99
0.0414788 99
0.0412476 99
0.0413966 99
0.0414319 99
0.0413657 99
0.0411966 99
0.0411086 99
0.0411406 99
0.0413224 99
0.0412214 99
0.0414639 99
0.0412144 99
0.0412472 99
0.0413423 99
0.0413366 99
0.0411422 99
0.0413183 99
0.0413011 99
0.0411876 99
0.0413308 99
0.0412187 99
0.0412482 99
0.0411177 99
0.0414056 99
0.0413455 99
0.0417872 99
0.0412767 99
0.0413945 99
0.0411719 99
0.0415614 99
0.0411779 99
0.0411667 99
0.041207 99
0.0414173 99
0.0412625 99
0.0412771 99
0.0412832 99
0.0414061 99
0.0413116 99
0.0412624 99
0.0412271 99
0.0412492 99
0.0412356 99
0.0413064 99
0.041273 99
0.0412349 99
0.0412693 99
0.0413339 99
0.0413509 99
0.0411979 99
0.0417819 99
0.0412957 99
0.0413005 99
0.0411061 99
0.0415599 99
0.0412585 99
0.0413345 99
0.0412748 99
0.041612 99
0.0410977 99
0.0410862 99
0.04138 99
0.0413293 99
0.0411806 99
0.041239 99
0.0413621 99
0.0412762 99
0.0411817 99
0.0413138 99
0.0413973 99
0.0410985 99
0.0414999 99
0.0412581 99
0.0412544 99
0.0413523 99
0.041607 99
0.0412008 99
0.0413142 99
0.0412181 99
0.0413372 99
0.0412635 99
0.0411713 99
0.0414731 99
0.0412387 99
0.0412874 99
0.041285 99
0.0411244 99
0.0414682 99
0.0411462 99
0.0414257 99
0.0413017 99
0.0411697 99
0.0413508 99
0.0412008 99
0.0414269 99
0.0412534 99
0.0413602 99
0.0413503 99
0.0413226 99
0.0412155 99
0.0414967 99
0.041316 99
0.0412545 99
0.0413394 99
0.0414257 99
0.0412485 99
0.0413737 99
0.0412602 99
0.0413819 99
0.0412276 99
0.0413373 99
0.0413175 99
0.041273 99
0.041153 99
0.0414132 99
0.0413103 99
0.0413269 99
0.0411893 99
0.0414233 99
0.0412137 99
0.041369 99
0.041234 99
0.0411958 99
0.0413161 99
0.0414124 99
0.0418598 99
0.0410971 99
0.0411473 99
0.0416427 99
0.0412054 99
0.0411684 99
0.0415438 99
0.0410789 99
0.0414696 99
0.0412751 99
0.0413664 99
0.0413387 99
0.0413558 99
0.0412359 99
0.0413535 99
0.041245 99
0.0412846 99
0.0414128 99
0.0411538 99
0.0414565 99
0.0413262 99
0.0412083 99
0.0414498 99
0.0412626 99
0.041326 99
0.0417287 99
0.0413281 99
0.0412319 99
0.0414372 99
0.0412351 99
0.0411441 99
0.0413797 99
0.0412416 99
0.0414616 99
0.0412725 99
0.0413104 99
0.0411195 99
0.0414789 99
0.04114 99
0.0414016 99
0.0413286 99
0.0413582 99
0.041481 99
0.0414361 99
0.0413758 99
0.0411804 99
0.0413632 99
0.0412242 99
0.0413993 99
0.0412554 99
0.0418771 99
0.0411364 99
0.0413902 99
0.0414638 99
0.0412133 99
0.0414625 99
0.0411464 99
0.0411413 99
0.0414286 99
0.04129 99
0.0414018 99
0.0411952 99
0.0412933 99
0.0413344 99
0.0413579 99
0.0412272 99
0.0412178 99
0.0411431 99
0.0413413 99
0.0413501 99
0.0412911 99
0.0414018 99
0.0413075 99
0.0411956 99
0.0414652 99
0.0415136 99
0.0414584 99
0.0413734 99
0.041448 99
0.0411586 99
0.0413873 99
0.0414221 99
0.0411964 99
0.0414627 99
0.0412684 99
0.0413371 99
0.0412464 99
0.0413598 99
0.0411975 99
0.0413563 99
0.0410973 99
0.0413924 99
0.0412178 99
0.0414468 99
0.0413345 99
0.0412862 99
0.0412009 99
0.0414139 99
0.0412655 99
0.0413121 99
0.0415933 99
0.0412266 99
0.0411705 99
0.0414238 99
0.0413435 99
0.0413032 99
0.0412427 99
0.041371 99
0.0411844 99
0.041209 99
0.0412883 99
0.0414853 99
0.0411932 99
0.0415131 99
0.0412295 99
0.0411811 99
0.0414688 99
0.0410627 99
0.0414059 99
0.04133 99
0.0414057 99
0.0412016 99
0.0415248 99
0.0412394 99
0.0412128 99
0.0419788 99
0.0417002 99
0.0412197 99
0.0414223 99
0.0412577 99
0.0415254 99
0.0411847 99
0.0414049 99
0.0412606 99
0.041363 99
0.0409967 99
0.041475 99
0.0413925 99
0.0411378 99
0.0413837 99
0.0412609 99
0.0413815 99
0.0415806 99
0.0411985 99
0.041479 99
0.0412291 99
0.0415028 99
0.0414138 99
0.0412829 99
0.0414937 99
0.0416968 99
0.0415848 99
0.0414441 99
0.0414038 99
0.04115 99
0.0414054 99
0.0411442 99
0.041497 99
0.0411752 99
0.0414018 99
0.0412483 99
0.0414622 99
0.0411183 99
0.0414061 99
0.0412788 99
0.0414621 99
0.0412511 99
0.0411518 99
0.0414026 99
0.0413848 99
0.0413273 99
0.0415727 99
0.0411758 99
0.041275 99
0.0413869 99
0.0417965 99
0.0413615 99
0.041471 99
0.041209 99
0.0414285 99
0.0412694 99
0.0413909 99
0.0412853 99
0.0411737 99
0.0414663 99
0.0410935 99
0.0413398 99
0.0410755 99
0.0413298 99
0.0412211 99
0.0414822 99
0.0411406 99
0.0414438 99
0.0414437 99
0.0412825 99
0.0414224 99
0.0412084 99
0.0414896 99
0.0414347 99
0.0412805 99
0.0417009 99
0.041523 99
0.0413287 99
0.0412826 99
0.0414098 99
0.0413222 99
0.0412595 99
0.0414412 99
0.0411681 99
0.0414586 99
0.041102 99
0.0414364 99
0.0410498 99
0.0414824 99
0.0411079 99
0.0413832 99
0.0413996 99
0.0414535 99
0.0412475 99
0.0415933 99
0.0411995 99
0.0414922 99
0.0412477 99
0.0413695 99
0.0415325 99
0.0412567 99
0.0414524 99
0.0412065 99
0.0414968 99
0.0412874 99
0.0414276 99
0.0413121 99
0.0414867 99
0.0413033 99
0.0410075 99
0.0414016 99
0.0411571 99
0.0414322 99
0.0413871 99
0.0411505 99
0.0411372 99
0.0413192 99
0.0413471 99
0.0413514 99
0.0414042 99
0.0414907 99
0.0413123 99
0.0414782 99
0.0412945 99
0.0414071 99
0.0416139 99
0.0413739 99
0.0411768 99
0.0414009 99
0.041332 99
0.0414557 99
0.0412402 99
0.0413748 99
0.0413735 99
0.0411904 99
0.0413216 99
0.0412955 99
0.0413783 99
0.0412586 99
0.0413289 99
0.0411386 99
0.0415193 99
0.0411511 99
0.0413958 99
0.0412488 99
0.0414894 99
0.0412352 99
0.0412257 99
0.0413468 99
0.041427 99
0.041544 99
0.0413622 99
0.0414084 99
0.0412273 99
0.0415459 99
0.0411186 99
0.0415646 99
0.0413535 99
0.0412469 99
0.0416122 99
0.0411626 99
0.0410453 99
0.041356 99
0.0412491 99
0.0413169 99
0.0415743 99
0.0411362 99
0.04133 99
0.0413805 99
0.0411914 99
0.0414083 99
0.0411685 99
0.041398 99
0.0412997 99
0.0414071 99
0.0416788 99
0.04136 99
0.0412172 99
0.0412587 99
0.0414274 99
0.0411798 99
0.0414609 99
0.0412279 99
0.0413757 99
0.0413324 99
0.0411485 99
0.0416217 99
0.0413173 99
0.0413756 99
0.0415255 99
0.0411021 99
0.0413052 99
0.0413307 99
0.0414271 99
0.0410954 99
0.0414501 99
0.0412288 99
0.0412703 99
0.0413812 99
0.0414278 99
0.0417722 99
0.0411819 99
0.0412207 99
0.041445 99
0.0413206 99
0.041198 99
0.0413467 99
0.04122 99
0.0413646 99
0.0414149 99
0.041119 99
0.0413037 99
0.0412984 99
0.0413217 99
0.0413706 99
0.0415205 99
0.0411801 99
0.041351 99
0.0413086 99
0.0413137 99
0.0413213 99
0.0413938 99
0.0415142 99
0.0413617 99
0.0414963 99
0.0416558 99
0.0412286 99
0.0414881 99
0.0412443 99
0.0412497 99
0.0413671 99
0.0413243 99
0.0412493 99
0.0414195 99
0.041033 99
0.0416117 99
0.0413888 99
0.0415167 99
0.0412692 99
0.041222 99
0.0413024 99
0.0412771 99
0.0413378 99
0.0415143 99
0.0414479 99
0.0413027 99
0.0414714 99
0.0414116 99
0.0413574 99
0.041416 99
0.0415884 99
0.0413567 99
0.0414865 99
0.0415077 99
0.041136 99
0.0415011 99
0.0412974 99
0.0412183 99
0.0413127 99
0.0413198 99
0.0414129 99
0.041078 99
0.0413272 99
0.0413656 99
0.0415998 99
0.0410018 99
0.0412336 99
0.041298 99
0.0414282 99
0.0412971 99
0.0413169 99
0.041489 99
0.0413511 99
0.041326 99
0.0414339 99
0.0414522 99
0.0412697 99
0.0414384 99
0.0410601 99
0.0414118 99
0.0413633 99
0.0412507 99
0.0413254 99
0.0414439 99
0.0410932 99
0.0414082 99
0.0412985 99
0.0412168 99
0.0413613 99
0.0413296 99
0.0411467 99
0.0412011 99
0.0414108 99
0.0414041 99
0.0412831 99
0.0414346 99
0.0413972 99
0.0412288 99
0.0413744 99
0.0412913 99
0.0414049 99
0.0412383 99
0.0413595 99
0.0413551 99
0.0414144 99
0.041357 99
0.0413314 99
0.0412734 99
0.0416679 99
0.0409389 99
0.0414268 99
0.0411729 99
0.0412035 99
0.0413119 99
0.0413185 99
0.041394 99
0.0412614 99
0.0414681 99
0.0414697 99
0.0412942 99
0.0413739 99
0.041317 99
0.0412666 99
0.041338 99
0.0412685 99
0.0416783 99
0.0412631 99
0.0414293 99
0.0415764 99
0.0412704 99
0.0414288 99
0.0411639 99
0.0412524 99
0.0413495 99
0.0412432 99
0.0411982 99
0.0414105 99
0.0413131 99
0.0414187 99
0.0414668 99
0.0413513 99
0.0414295 99
0.0413075 99
0.0412876 99
0.0413217 99
0.0414165 99
0.041187 99
0.0412634 99
0.0413585 99
0.0412372 99
0.0413433 99
0.041375 99
0.0413112 99
0.0413104 99
0.0413641 99
0.0413376 99
0.041509 99
0.0411758 99
0.0411549 99
0.0413229 99
0.0413868 99
0.0412903 99
0.0412737 99
0.0413358 99
0.0413139 99
0.0413348 99
0.0413207 99
0.0412846 99
0.0412259 99
0.04141 99
0.04122 99
0.0413388 99
0.0413502 99
0.0411716 99
0.0414333 99
0.0416458 99
0.0414355 99
0.0411115 99
0.041331 99
0.0413243 99
0.0413626 99
0.0413459 99
0.0412517 99
0.0412139 99
0.0413688 99
0.0413614 99
0.0412673 99
0.041341 99
0.0413929 99
0.041339 99
0.0412783 99
0.0414573 99
0.0412046 99
0.0414373 99
0.0411124 99
0.04128 99
0.0412553 99
0.0413467 99
0.0412627 99
0.0412761 99
0.0418265 99
0.041446 99
0.0412 99
0.0415302 99
0.0411809 99
0.0413223 99
0.0412813 99
0.0413137 99
0.0413718 99
0.0413231 99
0.0414532 99
0.0411874 99
0.041278 99
0.0413672 99
0.0412832 99
0.0414646 99
0.0412219 99
0.0413273 99
0.0413584 99
0.0412909 99
0.0413757 99
0.0412743 99
0.041275 99
0.0413202 99
0.041384 99
0.0416851 99
0.0412669 99
0.0413085 99
0.0414734 99
0.0411888 99
0.0412739 99
0.0412293 99
0.0413375 99
0.0414661 99
0.0412795 99
0.0412377 99
0.0413006 99
0.0414303 99
0.0412412 99
0.0414014 99
0.0411644 99
0.0413074 99
0.0413439 99
0.0413108 99
0.0413837 99
0.0413196 99
0.0412755 99
0.0413942 99
0.0413101 99
0.04125 99
0.0417275 99
0.0412913 99
0.0413015 99
0.0412666 99
0.0413515 99
0.0412942 99
0.0413203 99
0.041459 99
0.0412231 99
0.0413528 99
0.0413518 99
0.0412983 99
0.0413144 99
0.0413118 99
0.0412535 99
0.0414953 99
0.0412937 99
0.0413343 99
0.0413248 99
0.0413432 99
0.0415659 99
0.0414308 99
0.0414843 99
0.0411084 99
0.0413068 99
0.0416846 99
0.0413329 99
0.0412529 99
0.0413 99
0.0413256 99
0.041461 99
0.041064 99
0.0414505 99
0.0412554 99
0.0413587 99
0.0413676 99
0.0413433 99
0.0411647 99
0.0415538 99
0.041495 99
0.0410945 99
0.0412785 99
0.0413038 99
0.0413205 99
0.0415167 99
0.0412452 99
0.0413516 99
0.0413328 99
0.0413104 99
0.041404 99
0.0417544 99
0.0416111 99
0.0412791 99
0.0412717 99
0.0413672 99
0.041405 99
0.0413729 99
0.0413152 99
0.0414248 99
0.0413068 99
0.0411257 99
0.0415187 99
0.0413753 99
0.0412812 99
0.0412103 99
0.041293 99
0.0413058 99
0.0413889 99
0.041346 99
0.0412261 99
0.0412365 99
0.0414099 99
0.0412022 99
0.0414138 99
0.0415805 99
0.0414815 99
0.0411876 99
0.0413166 99
0.0411907 99
0.0412867 99
0.0413436 99
0.0412854 99
0.0413575 99
0.0413386 99
0.0412548 99
0.0413728 99
0.0413179 99
0.0413151 99
0.041493 99
0.0413417 99
0.0413562 99
0.0412181 99
0.0413357 99
0.0412941 99
0.0412548 99
0.041275 99
0.0413486 99
0.0414123 99
0.0413729 99
0.0413074 99
0.0412732 99
0.0413654 99
0.0413432 99
0.0413399 99
0.0413428 99
0.0413351 99
0.0413057 99
0.0413616 99
0.0413359 99
0.0412987 99
0.0414768 99
0.0413322 99
0.0413558 99
0.0413474 99
0.0412348 99
0.0412958 99
0.0412522 99
0.0414076 99
0.0414163 99
0.0412812 99
0.04133 99
0.0414067 99
0.0413199 99
0.0414612 99
0.0413232 99
0.0417304 99
0.0414364 99
0.0415268 99
0.0411479 99
0.0412861 99
0.0413013 99
0.0413535 99
0.0413714 99
0.0413112 99
0.0412601 99
0.0412878 99
0.0413995 99
0.0412889 99
0.0412686 99
0.0413105 99
0.0412949 99
0.0412935 99
0.0412921 99
0.041374 99
0.0412705 99
0.0412626 99
0.0415069 99
0.0413999 99
0.0414256 99
0.0412402 99
0.0418056 99
0.0414134 99
0.0412974 99
0.0412834 99
0.0413959 99
0.0413614 99
0.04131 99
0.0413887 99
0.0413256 99
0.0411458 99
0.041403 99
0.0413845 99
0.0413145 99
0.0414539 99
0.041186 99
0.0412909 99
0.0413443 99
0.0414047 99
0.0413006 99
0.0413997 99
0.0413521 99
0.0412986 99
0.0413373 99
0.0414108 99
0.0413204 99
0.041791 99
0.0412035 99
0.0413032 99
0.0412859 99
0.04135 99
0.0414655 99
0.0412825 99
0.0413514 99
0.0410058 99
0.0415256 99
0.0413839 99
0.0412799 99
0.0410576 99
0.0414006 99
0.0412617 99
0.0413877 99
0.0412426 99
0.0412665 99
0.0412506 99
0.0413174 99
0.0413426 99
0.0412941 99
0.0413988 99
0.0414318 99
0.0414131 99
0.0418329 99
0.04121 99
0.0413713 99
0.0413015 99
0.0414456 99
0.0413213 99
0.0412616 99
0.041472 99
0.0414461 99
0.0413393 99
0.0413522 99
0.0412672 99
0.0413796 99
0.0412669 99
0.0412839 99
0.0413529 99
0.0412615 99
0.0413574 99
0.0412092 99
0.0413744 99
0.0414048 99
0.041476 99
0.0414169 99
0.0414579 99
0.0413087 99
0.0412565 99
0.0413335 99
0.0413859 99
0.0412705 99
0.0413622 99
0.0415227 99
0.0414613 99
0.0413009 99
0.0413164 99
0.0412817 99
0.0413162 99
0.0412957 99
0.0412456 99
0.0413783 99
0.0414155 99
0.0412431 99
0.0411726 99
0.0413856 99
0.0414233 99
0.041329 99
0.0415116 99
0.0413711 99
0.0414455 99
0.0412543 99
0.0412639 99
0.0417714 99
0.0412785 99
0.0413349 99
0.0413934 99
0.0414645 99
0.0415782 99
0.0410513 99
0.0413239 99
0.041497 99
0.0412314 99
0.0414316 99
0.041215 99
0.0412644 99
0.0413604 99
0.0413437 99
0.0413216 99
0.0414134 99
0.0414913 99
0.0414517 99
0.0413269 99
0.0412974 99
0.0413586 99
0.0412987 99
0.0413349 99
0.0413621 99
0.0417957 99
0.0411329 99
0.0412901 99
0.0413731 99
0.0412576 99
0.0413629 99
0.0413311 99
0.0414615 99
0.0412733 99
0.0412999 99
0.0412171 99
0.0412682 99
0.0412692 99
0.0413706 99
0.041388 99
0.0414192 99
0.0414865 99
0.0413885 99
0.0413645 99
0.0413505 99
0.0413108 99
0.0413776 99
0.0413831 99
0.0413803 99
0.0414081 99
0.0413837 99
0.0412511 99
0.0412792 99
0.0413197 99
0.0413333 99
0.0413653 99
0.0413821 99
0.0413095 99
0.0414216 99
0.0413204 99
0.0413646 99
0.0412522 99
0.0412494 99
0.0413191 99
0.0415766 99
0.0413617 99
0.0412819 99
0.041404 99
0.0411843 99
0.0413501 99
0.0412564 99
0.04139 99
0.041537 99
0.0413146 99
0.0413137 99
0.0419298 99
0.0412499 99
0.0412346 99
0.0413224 99
0.0413418 99
0.0412088 99
0.0414514 99
0.0412905 99
0.041282 99
0.0412744 99
0.0412804 99
0.0413943 99
0.0413367 99
0.0414252 99
0.0412521 99
0.0413072 99
0.0413987 99
0.0414057 99
0.0413744 99
0.0412819 99
0.0414488 99
0.0414412 99
0.0413407 99
0.0413813 99
0.041436 99
0.0412044 99
0.0413874 99
0.0411999 99
0.0413699 99
0.0413398 99
0.0413122 99
0.0412938 99
0.0412396 99
0.0412919 99
0.0412798 99
0.0413713 99
0.0413435 99
0.0413292 99
0.0412871 99
0.0412068 99
0.0413179 99
0.0413358 99
0.0413939 99
0.0414148 99
0.0413814 99
0.0413277 99
0.041454 99
0.0413975 99
0.0412607 99
0.0413835 99
0.0413478 99
0.0413045 99
0.0414289 99
0.0413462 99
0.0411845 99
0.0412971 99
0.0411703 99
0.0413254 99
0.0412588 99
0.0413217 99
0.0412575 99
0.0412686 99
0.0413097 99
0.0412935 99
0.0413658 99
0.0413822 99
0.0413085 99
0.0413031 99
0.0414814 99
0.041355 99
0.0414179 99
0.0412845 99
0.041287 99
0.0413156 99
0.0451259 99
0.0402494 99
0.0391483 99
0.0411992 99
0.0413987 99
0.0414769 99
0.0413878 99
0.0412018 99
0.0414144 99
0.0412539 99
0.0413125 99
0.0413298 99
0.0413808 99
0.0413854 99
0.0478413 99
0.0397489 99
0.0365521 99
0.0413216 99
0.0414069 99
0.0414026 99
0.0414444 99
0.0412319 99
0.0413388 99
0.0414099 99
0.0412398 99
0.041811 99
0.0411682 99
0.0412559 99
0.0412717 99
0.0412429 99
0.0412881 99
0.041316 99
0.0413795 99
0.0412661 99
0.0413452 99
0.0413664 99
0.0414237 99
0.0412591 99
0.0414851 99
0.0410714 99
0.0413244 99
0.0413736 99
0.0413567 99
0.0413797 99
0.0414236 99
0.0412333 99
0.041327 99
0.0413193 99
0.0412343 99
0.0412828 99
0.0413572 99
0.041293 99
0.0413759 99
0.0413874 99
0.0467238 99
0.0365002 99
0.0412556 99
0.0407672 99
0.0413198 99
0.0412736 99
0.041285 99
0.0413812 99
0.0413224 99
0.0413158 99
0.0421753 99
0.0406144 99
0.0411836 99
0.0411546 99
0.0412609 99
0.0413462 99
0.0413042 99
0.0413024 99
0.0413838 99
0.0414315 99
0.0413716 99
0.0416883 99
0.0413657 99
0.0412065 99
0.0413554 99
0.0413361 99
0.0412675 99
0.0412852 99
0.0413499 99
0.0413367 99
0.041264 99
0.0412638 99
0.0414762 99
0.0413934 99
0.0414251 99
0.0414004 99
0.0413205 99
0.0412725 99
0.0413751 99
0.0413307 99
0.0413161 99
0.0413096 99
0.041435 99
0.0413978 99
0.0412855 99
0.0412995 99
0.0414397 99
0.0412935 99
0.0413759 99
0.0414376 99
0.0413554 99
0.0412009 99
0.0412017 99
0.0414375 99
0.0413043 99
0.0412676 99
0.0413511 99
0.0414363 99
0.041391 99
0.0413183 99
0.0440384 99
0.0386663 99
0.0421651 99
0.040676 99
0.0413187 99
0.0413041 99
0.0414387 99
0.0412873 99
0.0413823 99
0.0414382 99
0.0413733 99
0.0418625 99
0.0413443 99
0.0412342 99
0.041342 99
0.0412484 99
0.0413072 99
0.0413236 99
0.0413172 99
0.0414011 99
0.0414868 99
0.0413 99
0.0413432 99
0.0415415 99
0.0414049 99
0.0414357 99
0.0413878 99
0.0413093 99
0.041323 99
0.0412963 99
0.0415085 99
0.0414514 99
0.0412516 99
0.0413808 99
0.0413703 99
0.041343 99
0.0418181 99
0.0415885 99
0.0411563 99
0.0412707 99
0.0412946 99
0.0413569 99
0.04135 99
0.0414223 99
0.0414378 99
0.0413814 99
0.041437 99
0.0414286 99
0.0413777 99
0.0413269 99
0.0413663 99
0.0422726 99
0.0403735 99
0.0414774 99
0.0413596 99
0.0413348 99
0.0414018 99
0.0414504 99
0.0414979 99
0.0414353 99
0.0413715 99
0.0417371 99
0.0411915 99
0.0412722 99
0.0414378 99
0.041359 99
0.0414935 99
0.0413303 99
0.0413811 99
0.0412766 99
0.041519 99
0.0413366 99
0.0412467 99
0.0414227 99
0.0414073 99
0.0412556 99
0.0416263 99
0.041074 99
0.0413036 99
0.0415031 99
0.0413038 99
0.0415479 99
0.0414951 99
0.0414857 99
0.0414438 99
0.0431037 99
0.039846 99
0.0412623 99
0.0413384 99
0.0413835 99
0.0413828 99
0.0413944 99
0.0414344 99
0.041494 99
0.0413885 99
0.0412178 99
0.0413661 99
0.0412249 99
0.0414169 99
0.0441238 99
0.0430564 99
0.0412329 99
0.0389991 99
0.0393592 99
0.0412426 99
0.0420883 99
0.0407384 99
0.0415022 99
0.0412636 99
0.0413717 99
0.0423544 99
0.0406659 99
0.0412754 99
0.0412368 99
0.0413749 99
0.0413756 99
0.0413784 99
0.0415112 99
0.0412783 99
0.0413034 99
0.041274 99
0.0412541 99
0.0413267 99
0.0418747 99
0.0410455 99
0.0413159 99
0.0413752 99
0.0425177 99
0.0405442 99
0.0491873 99
0.0421849 99
0.037596 99
0.0375394 99
0.0413902 99
0.0403606 99
0.0413002 99
0.0416688 99
0.0412738 99
0.0414212 99
0.041255 99
0.0413193 99
0.0412469 99
0.0414442 99
0.0413696 99
0.0412346 99
0.0413453 99
0.0413335 99
0.0414145 99
0.0425566 99
0.0402509 99
0.0413333 99
0.0412962 99
0.0414378 99
0.0413206 99
0.0410085 99
0.0414549 99
0.0413616 99
0.0413957 99
0.0414339 99
0.041299 99
0.0414464 99
0.0417861 99
0.0411951 99
0.041261 99
0.0412903 99
0.041389 99
0.0413285 99
0.0413478 99
0.0413172 99
0.0414149 99
0.0412497 99
0.0413943 99
0.0413325 99
0.041366 99
0.0430431 99
0.045627 99
0.042194 99
0.043064 99
0.0413068 99
0.0400738 99
0.0386199 99
0.0381767 99
0.040424 99
0.0414233 99
0.0413896 99
0.0423313 99
0.040252 99
0.0412631 99
0.0416997 99
0.0410515 99
0.04134 99
0.0421285 99
0.040697 99
0.0412778 99
0.042039 99
0.0412435 99
0.0409533 99
0.0413849 99
0.0416129 99
0.0409889 99
0.0465592 99
0.0418908 99
0.0397111 99
0.0401423 99
0.0387597 99
0.04129 99
0.0413944 99
0.0413133 99
0.0412771 99
0.0429449 99
0.0414119 99
0.0399327 99
0.041275 99
0.0417382 99
0.0410113 99
0.041391 99
0.0413145 99
0.0419149 99
0.041462 99
0.0407672 99
0.0413891 99
0.0413503 99
0.0413996 99
0.0414638 99
0.0411835 99
0.0414171 99
0.0449985 99
0.0447448 99
0.0426955 99
0.0380671 99
0.0404449 99
0.0381308 99
0.0405792 99
0.0414186 99
0.0429432 99
0.0419828 99
0.0392887 99
0.0413522 99
0.0413932 99
0.0439311 99
0.0419468 99
0.0398693 99
0.0396212 99
0.0413583 99
0.0414991 99
0.0413787 99
0.0412518 99
0.0428634 99
0.0402634 99
0.042841 99
0.0401066 99
0.0409909 99
0.0434424 99
0.0407293 99
0.0395681 99
0.04144 99
0.0414104 99
0.04128 99
0.0413235 99
0.0423829 99
0.0422388 99
0.0398883 99
0.0413003 99
0.0413555 99
0.0413919 99
0.0412611 99
0.0413926 99
0.0424271 99
0.0441573 99
0.0393732 99
0.0422812 99
0.0415518 99
0.0436776 99
0.0418513 99
0.0404704 99
0.0402943 99
0.0413308 99
0.040031 99
0.039085 99
0.0412749 99
0.0413622 99
0.0420754 99
0.0412935 99
0.0408393 99
0.0413488 99
0.0413494 99
0.0417683 99
0.0412306 99
0.0426652 99
0.0412034 99
0.0401822 99
0.0414088 99
0.0414799 99
0.0413158 99
0.0413489 99
0.0427038 99
0.0417483 99
0.0414627 99
0.0408377 99
0.0410647 99
0.0410066 99
0.0410462 99
0.041239 99
0.0414519 99
0.0412803 99
0.0414322 99
0.0414257 99
0.0414304 99
0.042635 99
0.0416971 99
0.0397561 99
0.0417903 99
0.0412134 99
0.0435301 99
0.0421083 99
0.0418598 99
0.03943 99
0.0427254 99
0.0419444 99
0.0403826 99
0.0418493 99
0.0433586 99
0.0406947 99
0.0434575 99
0.0420376 99
0.0421109 99
0.0389422 99
0.041012 99
0.0412281 99
0.0400706 99
0.0396324 99
0.0398776 99
0.0412433 99
0.0426226 99
0.0419395 99
0.0395088 99
0.0430424 99
0.0406212 99
0.0440344 99
0.0408428 99
0.0426527 99
0.0392698 99
0.0403987 99
0.0412234 99
0.0437817 99
0.0416748 99
0.0417794 99
0.0411565 99
0.0416935 99
0.0412087 99
0.0411137 99
0.040148 99
0.0399814 99
0.0401648 99
0.0410292 99
0.0413255 99
0.0425739 99
0.0406736 99
0.0424216 99
0.0403239 99
0.0409442 99
0.0415139 99
0.0414266 99
0.0444623 99
0.0411218 99
0.0421577 99
0.040649 99
0.0408014 99
0.0419793 99
0.0423685 99
0.0415618 99
0.0421778 99
0.0409856 99
0.0420453 99
0.0409758 99
0.04065 99
0.0403927 99
0.0403545 99
0.040019 99
0.0401131 99
0.0432498 99
0.0417055 99
0.0411805 99
0.0400971 99
0.0411387 99
0.0412057 99
0.0435382 99
0.0428283 99
0.0440499 99
0.0409244 99
0.0402747 99
0.0412813 99
0.0413515 99
0.0419555 99
0.0423119 99
0.042405 99
0.042662 99
0.0433491 99
0.041996 99
0.0424956 99
0.0416523 99
0.0426908 99
0.0420666 99
0.0420232 99
0.0429415 99
0.0430598 99
0.0409009 99
0.0441575 99
0.0428001 99
0.0409715 99
0.0424694 99
0.041646 99
0.0442605 99
0.0427474 99
0.0413957 99
0.0409298 99
0.0434523 99
0.043365 99
0.0452278 99
0.0441588 99
0.0438569 99
0.0442052 99
0.0408904 99
0.0421888 99
0.0416899 99
0.0412953 98
0.0419117 98
0.0411087 98
0.041904 98
0.04122 98
0.0416777 98
0.0413867 98
0.0428215 98
0.0418065 98
0.0418346 98
0.0430984 98
0.0424584 98
0.0413079 98
0.0424186 98
0.0417298 98
0.0452263 98
0.045412 98
0.0435466 98
0.0459139 98
0.0436092 98
0.0424627 98
0.0421291 98
0.041638 98
0.0419041 98
0.0418368 98
0.0427045 98
0.0423271 98
0.0440984 98
0.0421096 98
0.0417638 98
0.0419462 98
0.0412224 98
0.0421401 98
0.0414905 98
0.0421469 98
0.0413147 98
0.0430119 98
0.0420599 98
0.0465203 98
0.0455983 98
0.0442032 98
0.0470025 98
0.0475795 98
0.045734 98
0.0418517 98
0.041839 98
0.0414186 98
0.0429076 96
0.0423653 96
0.041861 96
0.044889 96
0.0439489 96
0.0423945 96
0.0418853 96
0.0421112 96
0.0423217 96
0.0433193 96
0.0439664 96
0.0427287 96
0.0424939 96
0.0419449 96
0.0435853 96
0.0436058 96
0.0443247 96
0.0449771 96
0.0446601 96
0.046411 96
0.0425127 96
0.0428958 96
0.0446811 96
0.0422287 96
0.0419994 96
0.0423497 96
0.0421287 96
0.0442526 96
0.0433761 96
0.0425582 96
0.043442 96
0.0424248 96
0.0424801 96
0.0423907 96
0.0421667 96
0.0416461 96
0.0501787 96
0.0483614 96
0.0440904 96
0.0470894 96
0.0457484 96
0.0461811 96
0.0436572 96
0.0418946 96
0.0425247 96
0.0441698 96
0.0440079 96
0.0435102 95
0.0430265 95
0.0430478 95
0.0427785 95
0.0421154 95
0.0430331 95
0.0424249 95
0.0426876 95
0.0430508 95
0.0443838 95
0.0443309 95
0.0423537 95
0.0437604 95
0.0461576 95
0.0472143 95
0.0443515 95
0.047443 95
0.0440127 95
0.0446531 95
0.0457943 95
0.044029 95
0.0420288 95
0.0433104 95
0.0424268 95
0.0433138 95
0.0428267 95
0.04571 95
0.0439026 95
0.0425413 95
0.0428794 95
0.0438497 95
0.0434559 95
0.045055 95
0.0426807 95
0.0431256 95
0.0438541 95
0.043996 95
0.0456711 95
0.0453199 95
0.0441518 95
0.0449346 95
0.0442368 95
0.0433552 95
0.0457758 95
0.045676 95
0.0437534 95
0.0431455 95
0.0440177 95
0.0432583 95
0.0430788 95
0.0422914 95
0.0429288 95
0.043161 95
0.0424832 95
0.0438797 95
0.0432508 95
0.0451849 95
0.0434893 95
0.0479366 95
0.0461084 95
0.0469593 95
0.045282 95
0.0445381 95
0.0463011 95
0.0427202 95
0.0439509 95
0.0455057 95
0.044822 95
0.0447351 95
0.0437769 94
0.0429657 94
0.0433157 94
0.0432841 94
0.043546 94
0.0426771 94
0.0452709 94
0.0430363 94
0.0433373 94
0.0432745 94
0.0429939 94
0.0432992 94
0.0448797 94
0.0485194 94
0.0450209 94
0.0450009 94
0.0492636 94
0.0475312 94
0.0432923 94
0.0459275 94
0.0450242 94
0.042637 94
0.0431387 94
0.0453607 94
0.0455103 94
0.0448614 94
0.0447116 94
0.0431272 94
0.0435157 94
0.0435211 94
0.0442505 94
0.0459354 94
0.0438169 94
0.0431098 94
0.0454217 94
0.0449174 94
0.0479861 94
0.0501137 94
0.05067 94
0.0574248 94
0.0479021 94
0.0451544 94
0.0453098 94
0.045882 94
0.043675 94
0.0432661 91
0.0440066 91
0.0432323 91
0.0448881 91
0.0452358 91
0.0432287 91
0.0438533 91
0.0438612 91
0.0433482 91
0.0442196 91
0.0465223 91
0.0472092 91
0.045329 91
0.0470115 91
0.0461583 91
0.0448075 91
0.0450267 91
0.0503391 91
0.0436404 91
0.0433825 91
0.0439014 91
0.0467579 91
0.0438628 93
0.044138 93
0.04402 93
0.0431665 93
0.0445987 93
0.0451659 93
0.0433329 93
0.0438896 93
0.0476588 93
0.0477362 93
0.0455461 93
0.0491619 93
0.0487556 93
0.0471224 93
0.0456489 93
0.0510607 93
0.0461838 93
0.0462569 93
0.045935 93
0.0457813 93
0.0441899 93
0.0438048 93
0.046744 91
0.0442023 91
0.0434372 91
0.044311 91
0.0475883 91
0.0451968 91
0.045191 91
0.044252 91
0.0448975 91
0.0454267 91
0.0439453 91
0.0459815 91
0.0453904 91
0.0481557 91
0.0459565 91
0.0455794 91
0.0460694 91
0.0443137 91
0.0438554 91
0.0448931 91
0.0437696 91
0.0448445 91
0.0464992 91
0.0435755 93
0.0443035 93
0.0447021 93
0.0445105 93
0.0485058 93
0.0464784 93
0.0446299 93
0.044917 93
0.0448317 93
0.0447415 93
0.0459413 93
0.0475621 93
0.0464112 93
0.0461092 93
0.0473621 93
0.0454852 93
0.0489912 93
0.0457804 93
0.044337 93
0.044345 93
0.0436344 93
0.0446482 93
0.0449165 92
0.0463657 92
0.044272 92
0.0447363 92
0.0440347 92
0.0449402 92
0.0457595 92
0.0440375 92
0.0446475 92
0.0447341 92
0.0475532 92
0.0462716 92
0.0466711 92
0.0476263 92
0.0466431 92
0.0455053 92
0.0451656 92
0.0467634 92
0.0447376 92
0.0438133 92
0.0444533 92
0.0452928 92
0.0488144 92
0.0467847 92
0.0461519 92
0.0469455 92
0.0466598 92
0.0451517 92
0.0452422 92
0.044414 92
0.0449439 92
0.0448343 92
0.0476418 92
0.051775 92
0.0513573 92
0.0471415 92
0.0466545 92
0.0451608 92
0.0448665 92
0.0449344 92
0.0455317 92
0.045625 92
0.0463587 92
0.044484 92
0.045155 90
0.0447504 90
0.0473843 90
0.0449035 90
0.045215 90
0.0443937 90
0.046969 90
0.0449445 90
0.0448155 90
0.046301 90
0.04652 90
0.046908 90
0.0472868 90
0.0469167 90
0.0468516 90
0.0452777 90
0.0464973 90
0.0469583 90
0.0446339 90
0.047911 90
0.0480287 90
0.044926 90
0.0454489 91
0.0497075 91
0.0450069 91
0.0452615 91
0.0451353 91
0.0451891 91
0.044935 91
0.0451707 91
0.0446168 91
0.0502493 91
0.0489459 91
0.0486868 91
0.0490861 91
0.0499362 91
0.0473588 91
0.0452689 91
0.045488 91
0.0446315 91
0.0471318 91
0.0454413 91
0.0450698 91
0.0460113 91
0.0451517 90
0.0453137 90
0.0448518 90
0.0455015 90
0.0477396 90
0.045484 90
0.044844 90
0.0466628 90
0.0466733 90
0.0478451 90
0.0490036 90
0.0480814 90
0.0468151 90
0.0533476 90
0.0512227 90
0.0471024 90
0.0454468 90
0.0455763 90
0.0462718 90
0.0453572 90
0.0450782 90
0.0456558 89
0.0469728 89
0.0452874 89
0.0450324 89
0.0452356 89
0.0467649 89
0.0450553 89
0.045623 89
0.0488447 89
0.0486605 89
0.0471647 89
0.0525595 89
0.0493386 89
0.048783 89
0.045107 89
0.0482125 89
0.0474177 89
0.0451279 89
0.0452766 89
0.0449741 89
0.0466271 89
0.0458501 89
0.0465764 89
0.0456282 89
0.0472936 89
0.0454738 89
0.0455662 89
0.0461378 89
0.0472568 89
0.0457978 89
0.0482891 89
0.0496167 89
0.0478918 89
0.0489752 89
0.0488319 89
0.04794 89
0.0478701 89
0.0472369 89
0.0454576 89
0.0483252 89
0.046152 89
0.0457791 89
0.0458568 89
0.0459119 89
0.0457594 89
0.0459681 89
0.0462914 89
0.0458071 89
0.0466855 89
0.0464701 89
0.0472348 89
0.0476438 89
0.0502971 89
0.0489624 89
0.0483752 89
0.0496543 89
0.0486759 89
0.0496532 89
0.0474265 89
0.0455418 89
0.0466806 89
0.0463008 89
0.0459341 89
0.0467648 89
0.0476683 89
0.0453843 88
0.0486631 88
0.0505504 88
0.045829 88
0.0471652 88
0.0458948 88
0.0459571 88
0.0476864 88
0.0509684 88
0.0484613 88
0.0500451 88
0.0486702 88
0.0490667 88
0.0466654 88
0.0457796 88
0.0453943 88
0.0480466 88
0.0464386 88
0.0459645 88
0.0500872 88
0.0484558 88
0.0476637 87
0.0477531 87
0.046556 87
0.0472133 87
0.0464109 87
0.0462379 87
0.0457117 87
0.0502396 87
0.0488511 87
0.0500569 87
0.0491816 87
0.0487577 87
0.0498626 87
0.0467579 87
0.0478675 87
0.0492418 87
0.0481879 87
0.0466326 87
0.0525598 87
0.0476108 87
0.0465257 87
0.0466772 87
0.0475128 87
0.0463674 87
0.0460817 87
0.0477094 87
0.046155 87
0.0463495 87
0.0487421 87
0.0493344 87
0.0492893 87
0.0515959 87
0.0496755 87
0.049733 87
0.0470402 87
0.0458125 87
0.0483201 87
0.0464373 87
0.0473686 87
0.048385 87
0.0469192 87
0.0461079 87
0.0486911 87
0.0467493 87
0.0467351 87
0.0493602 87
0.0465318 87
0.0460667 87
0.0496455 87
0.0511115 87
0.0536162 87
0.0509305 87
0.0511526 87
0.0488387 87
0.0487879 87
0.04658 87
0.0475018 87
0.0473363 87
0.0466275 87
0.0472223 87
0.0489091 87
0.0468802 87
0.0463641 87
0.0477497 86
0.0469308 86
0.0475512 86
0.0470304 86
0.0462609 86
0.0501594 86
0.0496033 86
0.0492831 86
0.0515406 86
0.0496856 86
0.0512406 86
0.0491197 86
0.0501728 86
0.0469181 86
0.0479061 86
0.0477078 86
0.0477077 86
0.0479303 86
0.0471337 86
0.04652 86
0.0484016 86
0.0469627 86
0.0469823 86
0.0480685 86
0.0474636 86
0.0471069 86
0.0485687 86
0.0489297 86
0.0495022 86
0.0497979 86
0.0497329 86
0.0514986 86
0.0493074 86
0.0491242 86
0.0472474 86
0.0480318 86
0.0481057 86
0.0478071 86
0.0483492 86
0.0467112 86
0.0510026 86
0.0500734 86
0.0471833 86
0.0480658 86
0.0473313 86
0.0476168 86
0.0485839 86
0.0481145 86
0.0496828 86
0.0513852 86
0.0499331 86
0.0516651 86
0.0499194 86
0.048462 86
0.0481525 86
0.0475048 86
0.0476799 86
0.0476978 86
0.0485049 86
0.0473998 86
0.0474861 86
0.0499656 86
0.0478204 86
0.0509662 85
0.0477361 85
0.0470417 85
0.0497243 85
0.0480058 85
0.0502835 85
0.0501855 85
0.0503952 85
0.0503724 85
0.0504944 85
0.0501256 85
0.048561 85
0.048032 85
0.0477759 85
0.0489382 85
0.0480335 85
0.0480728 85
0.050392 85
0.0481622 85
0.048847 85
0.0471628 85
0.0501488 85
0.051362 85
0.0476892 85
0.0502004 85
0.0485833 85
0.0510494 85
0.0499745 85
0.0538016 85
0.0520156 85
0.0538195 85
0.0484018 85
0.0499028 85
0.0500907 85
0.0519424 85
0.0483576 85
0.0507555 85
0.0477762 85
0.0490963 85
0.0478177 85
0.0478288 85
0.0524557 83
0.0477024 83
0.0499035 83
0.0482568 83
0.0492964 83
0.0506293 83
0.0506952 83
0.0509994 83
0.050776 83
0.0504387 83
0.0496643 83
0.0475331 83
0.0482501 83
0.0495725 83
0.0481004 83
0.0502064 83
0.0497674 83
0.0478835 83
0.0501372 83
0.0494929 83
0.0521417 84
0.0482245 84
0.0491764 84
0.0481319 84
0.0510289 84
0.0505905 84
0.0505486 84
0.0507203 84
0.0506179 84
0.050469 84
0.0487293 84
0.0483397 84
0.0507325 84
0.0535533 84
0.0507172 84
0.048418 84
0.0484911 84
0.0511718 84
0.0487134 84
0.0492574 84
0.0483307 84
0.0484719 84
0.0506021 84
0.0495299 84
0.0512628 84
0.0508818 84
0.0518219 84
0.0517088 84
0.0520519 84
0.0510265 84
0.0499381 84
0.0481639 84
0.050855 84
0.0489261 84
0.0507838 84
0.049038 84
0.0494499 84
0.0485897 84
0.0489766 84
0.0489974 84
0.0486412 84
0.0505533 83
0.0489694 83
0.0498047 83
0.0487474 83
0.0518031 83
0.0511905 83
0.0527339 83
0.0515218 83
0.0561976 83
0.0517116 83
0.0486223 83
0.0488411 83
0.0497553 83
0.0488373 83
0.0512151 83
0.0485603 83
0.0507959 83
0.0495123 83
0.0507345 83
0.048939 83
0.0498554 82
0.0496493 82
0.0490292 82
0.052201 82
0.0511808 82
0.0515473 82
0.051848 82
0.0521776 82
0.0545172 82
0.0494606 82
0.053023 82
0.0493039 82
0.0502033 82
0.0489835 82
0.0506998 82
0.0492285 82
0.0495464 82
0.0491322 82
0.0493728 82
0.0492258 82
0.0490483 82
0.0505548 82
0.0499684 82
0.0530935 82
0.0513141 82
0.0524223 82
0.0516115 82
0.0515734 82
0.0523851 82
0.0504561 82
0.0503835 82
0.0494476 82
0.0503912 82
0.0494162 82
0.0500623 82
0.0491126 82
0.0495753 82
0.0501968 82
0.0499112 82
0.0514823 82
0.0496378 82
0.0507504 82
0.0494697 82
0.0540119 82
0.0518126 82
0.0522329 82
0.0526327 82
0.0520884 82
0.052031 82
0.0499843 82
0.0525669 82
0.050077 82
0.0545423 82
0.0513991 82
0.0496967 82
0.0494977 82
0.0513342 82
0.0496817 82
0.0523568 82
0.0495629 82
0.0517211 81
0.0497244 81
0.0537837 81
0.0525918 81
0.0529516 81
0.0542216 81
0.0520667 81
0.0516756 81
0.0506514 81
0.049629 81
0.0503785 81
0.0499063 81
0.0497306 81
0.0504101 81
0.0496871 81
0.0515489 81
0.0497202 81
0.0518031 81
0.0498396 81
0.0558873 81
0.0531574 81
0.0502128 81
0.0543295 81
0.0522972 81
0.0539362 81
0.0541161 81
0.0519204 81
0.0510243 81
0.0499882 81
0.0512133 81
0.0497403 81
0.0513673 81
0.04987 81
0.0525193 81
0.0499426 81
0.0513162 81
0.0498628 81
0.051345 81
0.049809 81
0.0515288 81
0.0507177 81
0.0528757 81
0.0569248 81
0.0572075 81
0.0532063 81
0.0549707 81
0.0513602 81
0.0543175 81
0.0535168 81
0.0504026 81
0.0515163 81
0.0524964 81
0.0504244 81
0.0524445 81
0.0500611 81
0.0497857 81
0.050528 81
0.0499841 81
0.0525475 81
0.0500825 79
0.050627 79
0.0528618 79
0.0524344 79
0.0543807 79
0.0527565 79
0.052956 79
0.0513606 79
0.049568 79
0.0514326 79
0.050361 79
0.0513172 79
0.050388 79
0.0521966 79
0.0501268 79
0.051229 79
0.0501349 79
0.0513604 79
0.0502349 79
0.0513153 81
0.0522661 81
0.0573713 81
0.0558969 81
0.0535422 81
0.0536585 81
0.0534132 81
0.0515981 81
0.0535909 81
0.0540827 81
0.0602466 81
0.0533404 81
0.0498902 81
0.0533158 81
0.0525183 81
0.0501296 81
0.0518993 81
0.0503688 81
0.0515015 81
0.0503722 78
0.0516158 78
0.0547332 78
0.0545255 78
0.055877 78
0.0532142 78
0.0555456 78
0.0533127 78
0.0502811 78
0.0519227 78
0.0532989 78
0.0522941 78
0.0517399 78
0.0505438 78
0.0515618 78
0.0501777 78
0.0519886 78
0.0507601 78
0.052913 78
0.053536 78
0.0529407 79
0.0549016 79
0.0550574 79
0.0555136 79
0.0555577 79
0.0553257 79
0.0521769 79
0.0524934 79
0.0512431 79
0.0538721 79
0.0508864 79
0.0507238 79
0.0513165 79
0.0507892 79
0.051889 79
0.0507012 79
0.0514333 79
0.0519714 79
0.0548979 79
0.0538603 79
0.0536394 79
0.0551749 79
0.0532855 79
0.0567908 79
0.05653 79
0.0550482 79
0.0514112 79
0.0520928 79
0.0531236 79
0.0524124 79
0.0524869 79
0.0514701 79
0.0529643 79
0.0517933 79
0.0510167 79
0.0516375 79
0.0509456 79
0.0520533 79
0.0515488 78
0.0563112 78
0.0548258 78
0.0558508 78
0.0577678 78
0.0548698 78
0.0524291 78
0.0510235 78
0.0518524 78
0.0509187 78
0.0531039 78
0.0517099 78
0.0532907 78
0.0512466 78
0.0510012 78
0.0518343 78
0.0513784 78
0.0518476 78
0.0514243 78
0.0538615 79
0.0561078 79
0.0536864 79
0.0579902 79
0.0576268 79
0.0548823 79
0.0544686 79
0.0544782 79
0.0519541 79
0.0511944 79
0.0516199 79
0.0538346 79
0.0559947 79
0.0524437 79
0.0534228 79
0.0543092 79
0.0512455 79
0.0518102 79
0.0516432 79
0.0561448 77
0.0551881 77
0.0605468 77
0.0552261 77
0.0537458 77
0.0525986 77
0.0547923 77
0.051551 77
0.0526549 77
0.0511674 77
0.0530964 77
0.0545513 77
0.052268 77
0.0533898 77
0.0511036 77
0.0525336 77
0.0541497 77
0.0542901 77
0.0538498 77
0.0568477 78
0.0564524 78
0.0562589 78
0.0566744 78
0.0612874 78
0.0551184 78
0.0520453 78
0.0514686 78
0.0519433 78
0.0515916 78
0.0524208 78
0.0521546 78
0.0549214 78
0.0525055 78
0.0518687 78
0.0534951 78
0.051846 78
0.0539408 78
0.0543014 78
0.0551932 76
0.0566695 76
0.0561598 76
0.0551238 76
0.0530245 76
0.0554613 76
0.0548413 76
0.0518827 76
0.0532964 76
0.0517481 76
0.0522439 76
0.0523514 76
0.0526412 76
0.0542143 76
0.0515555 76
0.0520348 76
0.052502 76
0.0517527 76
0.0563109 77
0.0550504 77
0.0540702 77
0.056592 77
0.0561641 77
0.0522404 77
0.0516756 77
0.0522275 77
0.0529585 77
0.053814 77
0.0521177 77
0.0521221 77
0.0529686 77
0.0519229 77
0.0552305 77
0.0518153 77
0.0520706 77
0.0620897 77
0.0598384 77
0.0552471 77
0.0555794 77
0.0545388 77
0.0565927 77
0.0552379 77
0.0527547 77
0.054258 77
0.051985 77
0.0527086 77
0.0531525 77
0.0522815 77
0.0540524 77
0.0528732 77
0.0523051 77
0.0557685 77
0.0524876 77
0.0546796 77
0.056592 77
0.0574544 77
0.0548336 77
0.0548955 77
0.0584417 77
0.0568193 77
0.0542269 77
0.0524017 77
0.0545305 77
0.0526284 77
0.0533039 77
0.0528531 77
0.0525216 77
0.0566828 77
0.0559323 77
0.0528472 77
0.0522522 77
0.053089 77
0.0526289 77
0.0564468 77
0.0582624 76
0.0552359 76
0.056369 76
0.0551589 76
0.05603 76
0.0527262 76
0.0526702 76
0.0535941 76
0.0519294 76
0.0556704 76
0.054498 76
0.0526271 76
0.0549383 76
0.0530201 76
0.0531447 76
0.0547 76
0.0530268 76
0.0534412 76
0.0568221 76
0.0567824 76
0.055182 76
0.0561295 76
0.0562678 76
0.0548086 76
0.0529049 76
0.0529917 76
0.0535622 76
0.0524686 76
0.0553103 76
0.0544403 76
0.0551987 76
0.05495 76
0.0549529 76
0.0529709 76
0.0529353 76
0.0542432 76
0.0553782 76
0.056074 76
0.0579571 76
0.057556 76
0.0575901 76
0.0548128 76
0.052705 76
0.0534671 76
0.0556152 76
0.0558453 76
0.0546719 76
0.0528333 76
0.0528606 76
0.0532943 76
0.0568851 76
0.0545845 76
0.0571594 76
0.0564487 76
0.0572333 76
0.0559667 76
0.0572755 75
0.0585821 75
0.0572773 75
0.0530005 75
0.0539659 75
0.0567912 75
0.0563133 75
0.0534596 75
0.0531171 75
0.0537372 75
0.0530276 75
0.0585991 75
0.056666 75
0.0535677 75
0.0531907 75
0.0563559 75
0.0569696 75
0.0561702 75
0.0574073 75
0.0570919 75
0.0590445 75
0.0548358 75
0.053765 75
0.0528932 75
0.0542585 75
0.0556448 75
0.0559544 75
0.0548229 75
0.0534692 75
0.0530625 75
0.0561742 75
0.0536487 75
0.0539087 75
0.0556308 75
0.0581974 75
0.0558099 75
0.0574297 75
0.0562003 75
0.0582516 75
0.0566043 75
0.0532603 75
0.0559076 75
0.0587443 75
0.0570074 75
0.0560064 75
0.0535624 75
0.0531845 75
0.0557579 75
0.0533549 75
0.0536059 75
0.05417 75
0.0543667 75
0.0563798 75
0.0579228 75
0.0596148 75
0.0593653 75
0.0574262 75
0.0535282 75
0.0535923 75
0.0554695 75
0.0539255 75
0.0532376 75
0.0546193 75
0.0543387 75
0.0534183 75
0.0550067 75
0.0542181 75
0.0537124 75
0.0553692 75
0.0536525 75
0.0583247 75
0.0599597 75
0.0586475 75
0.0584929 74
0.0587926 74
0.0556211 74
0.0572669 74
0.0536687 74
0.0558584 74
0.0557178 74
0.0536432 74
0.0551444 74
0.0578859 74
0.0567184 74
0.0536258 74
0.0561542 74
0.0572133 74
0.0552111 74
0.0574406 74
0.0563149 74
0.0590953 74
0.060823 74
0.0593269 74
0.0573928 74
0.0547336 74
0.0537313 74
0.0567148 74
0.0571749 74
0.0538619 74
0.053877 74
0.0581595 74
0.0575409 74
0.0567095 74
0.056912 74
0.0542551 74
0.0571842 74
0.0601584 74
0.0580401 74
0.0580422 74
0.0573395 73
0.0558326 73
0.0567078 73
0.0560494 73
0.0542071 73
0.0541488 73
0.0575747 73
0.0550813 73
0.0543306 73
0.0548583 73
0.0566549 73
0.0544336 73
0.053948 73
0.0580373 73
0.0583888 73
0.05902 73
0.0575122 73
0.0578342 73
0.0569207 74
0.0582346 74
0.0552879 74
0.0550907 74
0.0552409 74
0.0545817 74
0.058454 74
0.0580973 74
0.0541834 74
0.0608082 74
0.0545414 74
0.056208 74
0.0561786 74
0.0546968 74
0.0574194 74
0.0605394 74
0.0601476 74
0.0594159 74
0.0582763 72
0.0559418 72
0.0547342 72
0.0544172 72
0.0563441 72
0.0578658 72
0.0570209 72
0.0544161 72
0.0579191 72
0.0617249 72
0.0577391 72
0.0545359 72
0.0556575 72
0.0562661 72
0.059128 72
0.0612217 72
0.0616402 72
0.0594023 72
0.060187 72
0.0570559 72
0.055138 72
0.0548182 72
0.0577693 72
0.0578573 72
0.0575656 72
0.0549464 72
0.0579869 72
0.0566207 72
0.0563702 72
0.0546787 72
0.0564519 72
0.0578429 72
0.0614416 72
0.0596441 72
0.0614153 72
0.0582919 72
0.0618214 72
0.0600268 72
0.0567754 72
0.0564454 72
0.0548647 72
0.0546818 72
0.058341 72
0.0558163 72
0.0547294 72
0.0561812 72
0.0560844 72
0.0564311 72
0.0589691 72
0.0615629 72
0.0595161 72
0.0588592 72
0.0573749 72
0.0566534 72
0.0570147 72
0.0553917 72
0.0554179 72
0.0551974 72
0.0575531 72
0.0567798 72
0.0548172 72
0.0558982 72
0.0572626 72
0.0564339 72
0.0552578 72
0.0562241 72
0.0607443 72
0.0612323 72
0.061513 72
0.0582758 72
0.0611706 72
0.060107 72
0.0569352 72
0.0575447 72
0.0550832 72
0.0594727 72
0.0582671 72
0.0552863 72
0.0578279 72
0.0566097 72
0.0558187 72
0.0550178 72
0.0593516 72
0.0589193 72
0.0612507 72
0.0616718 72
0.06262 72
0.0592838 72
0.0574152 71
0.0569329 71
0.0555382 71
0.0550695 71
0.0587625 71
0.0565012 71
0.0557686 71
0.0551332 71
0.0589254 71
0.058319 71
0.0566089 71
0.0562856 71
0.0594498 71
0.0594854 71
0.0617394 71
0.0602414 71
0.058046 71
0.0565915 72
0.0585798 72
0.0580608 72
0.0551602 72
0.0564836 72
0.0597289 72
0.0602083 72
0.0588779 72
0.0610716 72
0.059528 72
0.0596632 72
0.0576496 72
0.0593136 72
0.0598339 72
0.0586401 72
0.0601185 72
0.0587739 72
0.0562148 71
0.0581401 71
0.0592264 71
0.0568754 71
0.0561763 71
0.0559119 71
0.0566861 71
0.0598664 71
0.0563609 71
0.0571968 71
0.0556203 71
0.0596262 71
0.0609338 71
0.0600435 71
0.0618256 71
0.0601367 71
0.0641327 71
0.0588713 71
0.0575223 71
0.0599475 71
0.0595094 71
0.0572577 71
0.0583222 71
0.0589143 71
0.0554424 71
0.0553581 71
0.062787 71
0.0617261 71
0.0580722 71
0.0622744 71
0.0625744 71
0.0620576 71
0.0615832 71
0.0602193 71
0.0557088 71
0.0585351 70
0.0565638 70
0.05569 70
0.0565091 70
0.0577727 70
0.0706245 70
0.0569027 70
0.0554007 70
0.0611055 70
0.0603679 70
0.0605802 70
0.0617684 70
0.0642459 70
0.0616752 70
0.0617405 70
0.0572977 70
0.0578132 70
0.056637 69
0.0566874 69
0.0558552 69
0.0599458 69
0.058293 69
0.059249 69
0.0574735 69
0.0576274 69
0.055716 69
0.056516 69
0.0577318 69
0.0623009 69
0.0624818 69
0.0630854 69
0.0615939 69
0.0593239 69
0.0573608 69
0.057876 70
0.0583562 70
0.0563024 70
0.0572673 70
0.0559383 70
0.0575302 70
0.0590995 70
0.0570046 70
0.0567562 70
0.0617906 70
0.0630422 70
0.0649851 70
0.0624502 70
0.0657507 70
0.0680403 70
0.0574342 70
0.0597592 70
0.0599336 69
0.0581906 69
0.0603819 69
0.0597847 69
0.0592302 69
0.0564766 69
0.0573096 69
0.0564499 69
0.0583578 69
0.057771 69
0.0600875 69
0.060624 69
0.0614768 69
0.0611551 69
0.0616294 69
0.0605049 69
0.0572597 69
0.0569147 70
0.0563037 70
0.0603412 70
0.0590892 70
0.0590469 70
0.058156 70
0.0611606 70
0.0609998 70
0.0610802 70
0.0613454 70
0.0642618 70
0.062318 70
0.0609979 70
0.0602623 70
0.060425 70
0.0582298 70
0.0589099 70
0.057222 69
0.0573656 69
0.0566414 69
0.0564563 69
0.0588016 69
0.0594794 69
0.0596557 69
0.0585236 69
0.0584516 69
0.056391 69
0.0608462 69
0.0599362 69
0.0604673 69
0.0607165 69
0.062168 69
0.0591776 69
0.0569755 69
0.0571572 70
0.059293 70
0.0587509 70
0.0589863 70
0.0574637 70
0.0605157 70
0.0589299 70
0.057513 70
0.0569611 70
0.0589599 70
0.0643552 70
0.0636833 70
0.0634587 70
0.0632211 70
0.0603758 70
0.0581263 70
0.0575622 70
0.056817 69
0.0588937 69
0.0603106 69
0.0607569 69
0.0594865 69
0.0597886 69
0.0607613 69
0.0607836 69
0.0583978 69
0.0583168 69
0.0615718 69
0.059952 69
0.0608249 69
0.0612281 69
0.0597729 69
0.0579824 69
0.0573583 69
0.0579279 69
0.0583929 69
0.060262 69
0.056906 69
0.0583628 69
0.0601173 69
0.0603414 69
0.0597405 69
0.0583064 69
0.062552 69
0.0602807 69
0.0609804 69
0.061182 69
0.0604935 69
0.059555 69
0.0567131 69
0.0580885 69
0.0584701 69
0.0612982 69
0.0602852 69
0.0632088 69
0.064449 69
0.0582717 69
0.0576644 69
0.0604617 69
0.0590928 69
0.0616697 69
0.0634114 69
0.0631613 69
0.0615099 69
0.0600612 69
0.0587753 69
0.0593489 69
0.0605803 69
0.0599546 68
0.0614996 68
0.0600683 68
0.0573937 68
0.0592923 68
0.0572619 68
0.0580217 68
0.0572804 68
0.0587877 68
0.0627034 68
0.0626543 68
0.0614807 68
0.060986 68
0.0597927 68
0.0581901 68
0.0614157 68
0.0581741 68
0.059459 69
0.0634523 69
0.0618839 69
0.0578606 69
0.0607398 69
0.0591473 69
0.0612148 69
0.0607055 69
0.0602007 69
0.0641458 69
0.0635196 69
0.0617225 69
0.0611146 69
0.0593433 69
0.060162 69
0.0592541 69
0.0611675 69
0.0596911 68
0.0613704 68
0.0659994 68
0.0575565 68
0.0603442 68
0.0605914 68
0.060362 68
0.0636386 68
0.0621139 68
0.0614774 68
0.0616542 68
0.0624206 68
0.0601936 68
0.05752 68
0.0586232 68
0.060346 68
0.0619737 68
0.0593049 68
0.0611157 68
0.0610511 68
0.0599196 68
0.0619253 68
0.0611912 68
0.0597546 68
0.0643015 68
0.0619321 68
0.0618682 68
0.0620862 68
0.061709 68
0.0591851 68
0.0578537 68
0.059293 68
0.0599151 68
0.0616548 68
0.0605465 68
0.061451 68
0.0614709 68
0.0590933 68
0.0641615 68
0.0617815 68
0.0604886 68
0.0615151 68
0.0656364 68
0.064411 68
0.0643156 68
0.062912 68
0.0600058 68
0.0602608 68
0.0603016 68
0.0588757 67
0.0588009 67
0.057937 67
0.059109 67
0.0580296 67
0.0591726 67
0.0595087 67
0.0615026 67
0.0641195 67
0.0616172 67
0.0630565 67
0.0625912 67
0.0610457 67
0.0589912 67
0.0586233 67
0.0585359 67
0.0593044 67
0.0608828 69
0.0638227 69
0.0588865 69
0.0591304 69
0.0621729 69
0.0596239 69
0.060077 69
0.0654423 69
0.062735 69
0.0625402 69
0.0656003 69
0.0627877 69
0.060946 69
0.060274 69
0.0590337 69
0.059386 69
0.0601112 69
0.0630145 67
0.0586642 67
0.0585053 67
0.0594195 67
0.0586263 67
0.0596779 67
0.0589417 67
0.0630645 67
0.0633139 67
0.0631659 67
0.0624826 67
0.062521 67
0.0588777 67
0.0585158 67
0.059196 67
0.0584933 67
0.0591979 67
0.0591113 68
0.0608116 68
0.0609511 68
0.0603645 68
0.0619774 68
0.0600512 68
0.0635934 68
0.0653776 68
0.0653736 68
0.0651907 68
0.0642634 68
0.0632382 68
0.059203 68
0.0610202 68
0.0628624 68
0.0591974 68
0.0600346 67
0.0615164 67
0.0609802 67
0.0610309 67
0.0643179 67
0.0616821 67
0.061476 67
0.0638567 67
0.063158 67
0.0634833 67
0.063034 67
0.0637617 67
0.0613661 67
0.0623807 67
0.0612322 67
0.0615489 67
0.0614082 67
0.0630541 67
0.0618352 67
0.0598436 67
0.0614819 67
0.0592963 67
0.0617969 67
0.0633392 67
0.0626488 67
0.0640363 67
0.0662029 67
0.0629833 67
0.0625835 67
0.0602033 67
0.062275 67
0.0615074 67
0.0593246 67
0.0611809 67
0.0602875 67
0.0614449 67
0.0607945 67
0.0606467 67
0.0628332 67
0.0635894 67
0.0636258 67
0.0639722 67
0.0639116 67
0.0611597 67
0.0608858 67
0.0615659 67
0.0607417 67
0.0612622 67
0.0612966 67
0.0602726 67
0.0616432 67
0.062286 67
0.0602978 67
0.0623401 67
0.061089 67
0.0631434 67
0.0641907 67
0.0645043 67
0.0639233 67
0.0646928 67
0.0617914 67
0.060988 67
0.0629296 67
0.0600164 67
0.0633183 67
0.0646578 66
0.059883 66
0.0602165 66
0.0595159 66
0.0610396 66
0.061569 66
0.0633524 66
0.0637672 66
0.066883 66
0.0665431 66
0.0633641 66
0.0611006 66
0.0622149 66
0.060424 66
0.0634062 66
0.0624382 66
0.0596739 66
0.0602543 66
0.059805 66
0.059962 66
0.0602286 66
0.0603804 66
0.0642072 66
0.063657 66
0.0643416 66
0.0635171 66
0.0643114 66
0.0628046 66
0.0631243 66
0.061422 66
0.0601578 66
0.063612 66
0.0657418 66
0.0603003 67
0.0598581 67
0.0601709 67
0.0600545 67
0.0622331 67
0.0644315 67
0.0638989 67
0.0656125 67
0.0660607 67
0.0641229 67
0.0603291 67
0.0606163 67
0.0606465 67
0.0629542 67
0.0630194 67
0.0602567 67
0.0598228 66
0.0606201 66
0.0605319 66
0.0605333 66
0.0630948 66
0.0642535 66
0.0651545 66
0.0646658 66
0.0643446 66
0.0658097 66
0.0618841 66
0.061158 66
0.060665 66
0.0614732 66
0.0616395 66
0.0618802 66
0.0609259 67
0.0619942 67
0.0632238 67
0.0598622 67
0.0638961 67
0.066875 67
0.0651469 67
0.0667965 67
0.067514 67
0.0644218 67
0.0604304 67
0.0602807 67
0.0607275 67
0.0633001 67
0.0621339 67
0.0606869 67
0.0608696 65
0.0604775 65
0.0607117 65
0.0609801 65
0.0606326 65
0.0646346 65
0.0644601 65
0.0662141 65
0.0664576 65
0.0637453 65
0.0601702 65
0.0605213 65
0.0608352 65
0.0603311 65
0.0611539 65
0.061225 65
0.0603962 65
0.06125 67
0.0609695 67
0.0603528 67
0.0611214 67
0.0648571 67
0.0644514 67
0.0672292 67
0.0650996 67
0.0633634 67
0.0608208 67
0.061192 67
0.0602697 67
0.0641523 67
0.063373 67
0.0623394 67
0.0615109 67
0.063783 65
0.0610044 65
0.0670402 65
0.0696327 65
0.0656899 65
0.0650772 65
0.0678854 65
0.0665476 65
0.0667463 65
0.0633811 65
0.0603834 65
0.0613661 65
0.0613769 65
0.0606095 65
0.0614562 65
0.0611885 65
0.0603175 65
0.0612553 65
0.0611824 65
0.0626918 65
0.0653194 65
0.0686188 65
0.068762 65
0.0675714 65
0.06348 65
0.0639033 65
0.0639863 65
0.0618267 65
0.0613993 65
0.0611698 65
0.061303 65
0.0612438 65
0.0608555 65
0.0612984 65
0.0616646 65
0.0638411 65
0.0675968 65
0.069214 65
0.0657188 65
0.0635799 65
0.0624513 65
0.0619676 65
0.062762 65
0.0625643 65
0.0633753 65
0.063678 65
0.0614433 65
0.0608 65
0.0618685 65
0.0616179 65
0.0609783 65
0.0654607 65
0.0669776 65
0.0685684 65
0.0660967 65
0.0647483 65
0.0666129 65
0.0622253 65
0.0634701 65
0.061787 65
0.0608339 65
0.0619415 65
0.0618625 65
0.0611469 65
0.0618153 65
0.0618287 65
0.0618048 65
0.0657186 65
0.066763 65
0.0663094 65
0.0684038 65
0.0695715 65
0.0638658 65
0.0620182 65
0.0618079 65
0.0759982 65
0.0648778 65
0.0619676 65
0.061521 65
0.0620241 63
0.0611923 63
0.06462 63
0.0688731 63
0.068252 63
0.0669146 63
0.0670967 63
0.0645998 63
0.0627473 63
0.0652486 63
0.0640522 63
0.0616483 63
0.0633307 63
0.0652738 63
0.0645583 63
0.0619256 63
0.0614784 64
0.0623904 64
0.063199 64
0.0658916 64
0.0677623 64
0.0657071 64
0.066208 64
0.0662063 64
0.0655445 64
0.062249 64
0.0616129 64
0.0620261 64
0.0620178 64
0.0612605 64
0.0620399 64
0.0621196 64
0.0619671 65
0.0612303 65
0.0643879 65
0.0671486 65
0.0666585 65
0.0666615 65
0.0659085 65
0.065212 65
0.0634252 65
0.0643805 65
0.0644839 65
0.0620967 65
0.062175 65
0.0632383 65
0.0628913 65
0.0654472 65
0.0626826 65
0.062624 65
0.0663561 65
0.0664952 65
0.0700493 65
0.0738352 65
0.0660696 65
0.0647255 65
0.0627213 65
0.0624874 65
0.0624083 65
0.0617541 65
0.0663396 65
0.0671708 65
0.062487 65
0.0627987 63
0.062348 63
0.0650948 63
0.0678799 63
0.0674492 63
0.0688058 63
0.0688471 63
0.0633378 63
0.0618858 63
0.0624872 63
0.0625718 63
0.0625173 63
0.0617486 63
0.0631955 63
0.0640121 63
0.0626085 63
0.0669401 64
0.066513 64
0.0667006 64
0.0689986 64
0.0668807 64
0.0668281 64
0.0680594 64
0.0641723 64
0.0628497 64
0.0618632 64
0.0626862 64
0.0640643 64
0.0653237 64
0.064227 64
0.0649622 64
0.0645176 64
0.0632204 64
0.0697587 64
0.0691719 64
0.0695131 64
0.0715564 64
0.0645537 64
0.0639581 64
0.0670486 64
0.0628679 64
0.06226 64
0.0627604 64
0.0627439 64
0.0626113 64
0.0652025 64
0.0666211 64
0.067883 63
0.0866731 63
0.0856218 63
0.084995 63
0.0833905 63
0.0695051 63
0.0662857 63
0.0695892 63
0.0684209 63
0.0691336 63
0.0635195 63
0.0627964 63
0.0628854 63
0.0630847 63
0.0622118 58
0.0682634 58
0.098366 58
0.0776323 58
0.0678846 58
0.0641946 58
0.0649055 58
0.0654354 58
0.0631831 58
0.0626153 58
0.0647765 58
0.0635844 58
0.0640606 58
0.0636123 58
0.0635747 58
0.0626809 61
0.0669933 61
0.0703005 61
0.0694459 61
0.07117 61
0.0651783 61
0.0631132 61
0.0653904 61
0.0677622 61
0.0633579 61
0.0635419 61
0.0633371 61
0.0636693 61
0.0675437 61
0.0664257 61
0.0630469 61
0.0689294 62
0.06978 62
0.0700323 62
0.0712066 62
0.0664727 62
0.0660359 62
0.06574 62
0.0648151 62
0.0634641 62
0.063444 62
0.0634582 62
0.0636984 62
0.0637619 62
0.0666042 62
0.0634948 62
0.0663675 62
0.06751 62
0.0704663 62
0.0709619 62
0.0706723 62
0.0646912 62
0.06487 62
0.0648965 62
0.0627181 62
0.0638083 62
0.0635503 62
0.0637798 62
0.0636205 62
0.0629337 62
0.0651447 62
0.0688405 63
0.0681334 63
0.0734025 63
0.0713655 63
0.0691337 63
0.0644741 63
0.0635593 63
0.0633983 63
0.0643552 63
0.0674207 63
0.0639231 63
0.0630566 63
0.0637388 63
0.0637092 63
0.0646477 63
0.0654815 63
0.0677494 63
0.068769 63
0.0705241 63
0.0722326 63
0.0732781 63
0.0644365 63
0.0645392 63
0.0672022 63
0.0637799 63
0.0631986 63
0.0638327 63
0.0635926 63
0.0646485 63
0.0667262 63
0.0653995 63
0.0677591 62
0.0695955 62
0.0685083 62
0.0678492 62
0.0678067 62
0.0635706 62
0.0641056 62
0.0637874 62
0.0644182 62
0.0657768 62
0.0646745 62
0.0639811 62
0.063917 62
0.0639359 62
0.0692524 62
0.0685751 63
0.0684268 63
0.0711416 63
0.068545 63
0.068957 63
0.0650269 63
0.0670909 63
0.0671214 63
0.0667046 63
0.0641346 63
0.0641938 63
0.0664299 63
0.0675106 63
0.0646479 63
0.071371 63
0.0719445 61
0.0698821 61
0.0705714 61
0.0681084 61
0.0658486 61
0.0670436 61
0.0644088 61
0.0642022 61
0.0641492 61
0.0689506 61
0.0666534 61
0.0641007 61
0.0642641 61
0.0652187 61
0.0656156 61
0.0695563 61
0.0692485 61
0.0687336 61
0.0682729 61
0.0672603 61
0.0642777 61
0.0645118 61
0.0646417 61
0.0648552 61
0.0670659 61
0.0645565 61
0.0643755 61
0.0638735 61
0.0641871 61
0.0679082 61
0.0683534 61
0.0715585 63
0.0721675 63
0.0688078 63
0.0664127 63
0.064235 63
0.0644968 63
0.0645165 63
0.0659021 63
0.0660785 63
0.0646937 63
0.0639003 63
0.0646778 63
0.0656711 63
0.0648057 63
0.0719918 63
0.0720693 61
0.0717802 61
0.0720057 61
0.0654652 61
0.064614 61
0.0662288 61
0.0655064 61
0.0643506 61
0.0647093 61
0.0650825 61
0.0679651 61
0.0677088 61
0.0666609 61
0.0693032 61
0.0693908 61
0.0730495 61
0.0792637 61
0.0713111 61
0.0757924 61
0.0700467 61
0.0693574 61
0.0664161 61
0.0672961 61
0.0688179 61
0.0666274 61
0.0688856 61
0.0684892 61
0.06625 61
0.0730146 61
0.0723209 59
0.0729078 59
0.0697615 59
0.0723018 59
0.0863694 59
0.0694171 59
0.0671224 59
0.0692265 59
0.0676698 59
0.0664696 59
0.0638917 59
0.0640205 59
0.0642739 59
0.0685783 59
0.0682578 59
0.0679698 60
0.0694068 60
0.0638028 60
0.0654154 60
0.0642851 60
0.0658707 60
0.0666274 60
0.0640242 60
0.0636038 60
0.064204 60
0.0655954 60
0.0643941 60
0.0641676 60
0.066346 60
0.0680824 60
0.0710514 60
0.0680394 63
0.0675755 63
0.0653055 63
0.0641038 63
0.0643722 63
0.0647179 63
0.066721 63
0.0648518 63
0.0649192 63
0.0632187 63
0.0651787 63
0.0683843 63
0.0660664 63
0.0686238 63
0.0705202 63
0.0689786 63
0.0669042 63
0.0660564 63
0.06422 63
0.0643188 63
0.0636669 63
0.0655585 63
0.0644443 63
0.0643478 63
0.0643842 63
0.0676973 63
0.0697354 63
0.0657781 63
0.0682219 63
0.0706374 63
0.0683411 62
0.0676169 62
0.0656621 62
0.064226 62
0.0644143 62
0.0645292 62
0.0675123 62
0.0646074 62
0.0645826 62
0.0645536 62
0.0653734 62
0.0683078 62
0.0657462 62
0.0686417 62
0.0718712 62
0.0687587 62
0.0684725 62
0.0654931 62
0.064435 62
0.064724 62
0.0664496 62
0.0661067 62
0.0646274 62
0.0648658 62
0.0649561 62
0.0676628 62
0.0648686 62
0.0722079 62
0.0713516 62
0.068545 62
0.071229 62
0.0674694 61
0.0663564 61
0.0650401 61
0.064102 61
0.0686438 61
0.0685748 61
0.0657351 61
0.0641167 61
0.0700586 61
0.0743194 61
0.0653042 61
0.0703599 61
0.0687763 61
0.0726058 61
0.0738475 61
0.0707949 61
0.0646485 61
0.0649129 61
0.0676766 61
0.0650537 61
0.0649066 61
0.0756118 61
0.0684277 61
0.0665756 61
0.0651984 61
0.0644546 61
0.0688355 61
0.070192 61
0.0763366 61
0.0729652 60
0.0664219 60
0.066611 60
0.0661513 60
0.0649266 60
0.0644001 60
0.0700045 60
0.0685096 60
0.0652521 60
0.0665098 60
0.0673133 60
0.0662279 60
0.0694563 60
0.0700996 60
0.0694313 60
0.072032 61
0.0683579 61
0.0692194 61
0.0650049 61
0.0683933 61
0.069815 61
0.0650457 61
0.0686734 61
0.0698633 61
0.0651819 61
0.0652654 61
0.0686975 61
0.0736302 61
0.0728427 61
0.0712341 61
0.0693305 60
0.0652754 60
0.0653046 60
0.0652393 60
0.0683037 60
0.0654475 60
0.0650948 60
0.0655731 60
0.0683856 60
0.0656745 60
0.0654837 60
0.0711492 60
0.0695006 60
0.0729023 60
0.0722765 60
0.068748 61
0.0671611 61
0.0679501 61
0.0658866 61
0.0658396 61
0.0653753 61
0.0656389 61
0.0679643 61
0.0688423 61
0.0660457 61
0.0723821 61
0.0704667 61
0.0726631 61
0.0776079 61
0.0705298 61
0.069993 60
0.0652025 60
0.0656085 60
0.0653771 60
0.0693253 60
0.065498 60
0.0658117 60
0.0669526 60
0.0661841 60
0.0655368 60
0.0682264 60
0.0749768 60
0.0732031 60
0.0756679 60
0.0681234 60
0.0718895 60
0.0722436 60
0.0654803 60
0.0656358 60
0.0687026 60
0.065573 60
0.0657761 60
0.0671688 60
0.0664229 60
0.0667128 60
0.0695459 60
0.0727768 60
0.0733698 60
0.0691586 60
0.0675174 61
0.068464 61
0.0665555 61
0.0656497 61
0.0685366 61
0.0656244 61
0.0659439 61
0.0673581 61
0.0668114 61
0.0662088 61
0.0678037 61
0.0723153 61
0.0706704 61
0.0698446 61
0.0705375 61
0.0703552 60
0.0663917 60
0.0659276 60
0.0686173 60
0.0663046 60
0.0660637 60
0.0683767 60
0.0661243 60
0.0661032 60
0.068034 60
0.0704767 60
0.0703997 60
0.0737086 60
0.0713473 60
0.0698232 60
0.067945 60
0.0687226 60
0.0660505 60
0.0665176 60
0.0684899 60
0.0663801 60
0.0663702 60
0.0712028 60
0.0669397 60
0.0716079 60
0.071336 60
0.0767874 60
0.0715737 60
0.0781718 60
0.070615 59
0.0662902 59
0.0663498 59
0.0687768 59
0.0662434 59
0.066507 59
0.0688435 59
0.0660187 59
0.0662777 59
0.0677847 59
0.0744376 59
0.0780328 59
0.0734286 59
0.0712082 59
0.0718525 59
0.0660114 60
0.0663257 60
0.068417 60
0.0667667 60
0.0669024 60
0.0675025 60
0.0700613 60
0.0689488 60
0.0690773 60
0.0827499 60
0.0715608 60
0.0731757 60
0.0737249 60
0.0693869 60
0.0664304 60
0.0693767 59
0.0665488 59
0.0664312 59
0.068596 59
0.0665367 59
0.0677479 59
0.0692597 59
0.0670959 59
0.0678073 59
0.0726199 59
0.0731684 59
0.0727548 59
0.0715224 59
0.0674905 59
0.0663193 60
0.0695399 60
0.0690716 60
0.0672799 60
0.0745756 60
0.0672734 60
0.0683248 60
0.066655 60
0.0665443 60
0.0733715 60
0.07079 60
0.0745299 60
0.0722086 60
0.0703338 60
0.0673175 60
0.0669322 59
0.0665699 59
0.0666394 59
0.0696424 59
0.0667728 59
0.0668695 59
0.0667467 59
0.0665424 59
0.068107 59
0.0752788 59
0.0727316 59
0.0709479 59
0.069897 59
0.0676066 59
0.0669136 59
0.0684015 60
0.0672979 60
0.0668844 60
0.0682987 60
0.0668699 60
0.0669166 60
0.0687096 60
0.0671253 60
0.0709275 60
0.0758731 60
0.0746504 60
0.0706712 60
0.0701808 60
0.0677069 60
0.0709539 60
0.0671075 60
0.0669199 60
0.0682911 60
0.067254 60
0.0672777 60
0.0681364 60
0.0671945 60
0.0726437 60
0.0734952 60
0.0718255 60
0.0720225 60
0.0695164 60
0.0690413 60
0.0670838 60
0.0693455 60
0.0674369 60
0.0669394 60
0.0698729 60
0.0671292 60
0.0671697 60
0.0672319 60
0.0684124 60
0.0715796 60
0.0755874 60
0.0760641 60
0.0722624 60
0.0679514 60
0.067245 60
0.0698947 59
0.0678383 59
0.0683534 59
0.067488 59
0.0673291 59
0.068363 59
0.0674608 59
0.0671862 59
0.0714076 59
0.072129 59
0.0736273 59
0.0718386 59
0.0700911 59
0.0677953 59
0.0682214 59
0.0680966 59
0.0673893 59
0.0691741 59
0.0673785 59
0.0675101 59
0.0686307 59
0.0673186 59
0.0685828 59
0.077604 59
0.0756035 59
0.0722715 59
0.0713956 59
0.0709061 59
0.0719083 59
0.0673553 59
0.0712191 59
0.0676362 59
0.0680315 59
0.0681309 59
0.0675866 59
0.0691824 59
0.0685019 59
0.0747933 59
0.0742298 59
0.0754927 59
0.0705037 59
0.0692213 59
0.067917 59
0.0711723 59
0.0676815 59
0.0683327 59
0.0744423 59
0.0700623 59
0.067509 59
0.0675344 59
0.0696503 59
0.0782126 59
0.0787819 59
0.076553 59
0.0723913 59
0.068735 59
0.06767 59
0.0691476 59
0.067767 58
0.0691602 58
0.0676626 58
0.0679024 58
0.0703099 58
0.067878 58
0.0683457 58
0.0722926 58
0.07279 58
0.0753622 58
0.0785688 58
0.0723486 58
0.0700501 58
0.0693201 58
0.0676368 58
0.0679038 58
0.0704544 58
0.0680321 58
0.0703691 58
0.0677081 58
0.06801 58
0.0739044 58
0.0726257 58
0.0743633 58
0.0738203 58
0.0701908 58
0.070325 58
0.0683341 58
0.0687423 58
0.0681577 58
0.0709911 58
0.0710488 58
0.0680112 58
0.0697072 58
0.0679046 58
0.0699103 58
0.072886 58
0.0736619 58
0.0724315 58
0.0730477 58
0.0699206 58
0.0699048 58
0.0679942 58
0.0692999 59
0.0698277 59
0.0680471 59
0.0709151 59
0.0680322 59
0.0696571 59
0.0690619 59
0.0773061 59
0.0786581 59
0.07345 59
0.0724619 59
0.0700232 59
0.0695576 59
0.068093 59
0.0684818 59
0.0693595 59
0.0683976 59
0.0702786 59
0.0693145 59
0.0685581 59
0.0692572 59
0.0729965 59
0.0757541 59
0.0786283 59
0.0729703 59
0.0719781 59
0.069827 59
0.0688886 59
0.0683479 59
0.070477 57
0.068162 57
0.0708439 57
0.0682173 57
0.0690614 57
0.0695117 57
0.0758705 57
0.075126 57
0.0763283 57
0.073859 57
0.0699113 57
0.0708073 57
0.0681219 57
0.0686772 57
0.0693881 59
0.0684992 59
0.070431 59
0.0683092 59
0.0698286 59
0.0687425 59
0.0731119 59
0.0738351 59
0.0753842 59
0.0737041 59
0.0756816 59
0.0725782 59
0.0713244 59
0.0710368 59
0.0695554 57
0.0718927 57
0.0684574 57
0.0708537 57
0.0714871 57
0.0755006 57
0.0734493 57
0.0761455 57
0.0754898 57
0.07167 57
0.0697078 57
0.0686267 57
0.0683719 57
0.0688212 57
0.0711731 57
0.0684181 58
0.0685773 58
0.0686852 58
0.0716769 58
0.0754282 58
0.0737402 58
0.0733138 58
0.0776306 58
0.0730224 58
0.0697575 58
0.0693408 58
0.0684852 58
0.068494 58
0.0707744 58
0.069136 58
0.0701465 58
0.0686135 58
0.0720175 58
0.0701079 58
0.0738802 58
0.0758724 58
0.0767564 58
0.0753322 58
0.0702745 58
0.071486 58
0.0687901 58
0.0712324 58
0.0692958 58
0.0740582 57
0.0714823 57
0.0723417 57
0.0691606 57
0.0722168 57
0.0764456 57
0.0762985 57
0.0772465 57
0.0740797 57
0.0710104 57
0.0704953 57
0.0692196 57
0.0714581 57
0.0729613 57
0.0727382 57
0.0690012 57
0.0715382 57
0.0692546 57
0.0733812 57
0.0765507 57
0.0763063 57
0.0743763 57
0.0747762 57
0.0724307 57
0.070141 57
0.0688406 57
0.0713454 57
0.0690368 57
0.0713356 57
0.0689423 57
0.0701096 57
0.0692759 57
0.0714115 57
0.0748933 57
0.0751488 57
0.0747345 57
0.0738623 57
0.0739591 57
0.0690423 57
0.0713818 57
0.0693079 57
0.0715145 57
0.069443 58
0.0693337 58
0.0693116 58
0.0691631 58
0.0759389 58
0.0744095 58
0.0747429 58
0.0755164 58
0.0738364 58
0.0688901 58
0.0707631 58
0.0694845 58
0.0710322 58
0.0696986 58
0.0796268 57
0.0701374 57
0.0691087 57
0.0696246 57
0.0787928 57
0.0760788 57
0.0743006 57
0.0774077 57
0.0754097 57
0.0696277 57
0.070066 57
0.0703768 57
0.0727933 57
0.0693986 57
0.0722972 57
0.0703175 57
0.0693711 57
0.0693652 57
0.0786585 57
0.0765463 57
0.0802589 57
0.0729803 57
0.0711037 57
0.0695746 57
0.0709702 57
0.0693347 57
0.0743556 57
0.0695016 57
0.071353 57
0.0737782 57
0.0718379 57
0.0716808 57
0.0752463 57
0.0775354 57
0.0763469 57
0.0728646 57
0.0713384 57
0.0709034 57
0.0730482 57
0.0717736 57
0.0701851 57
0.0732926 57
0.0731148 56
0.0721922 56
0.0697679 56
0.0746067 56
0.0753108 56
0.0746657 56
0.0798043 56
0.075564 56
0.0703407 56
0.07264 56
0.0718582 56
0.0697137 56
0.0739765 56
0.0706706 56
0.0710707 56
0.0697612 56
0.0727896 56
0.0748879 56
0.0765883 56
0.0772636 56
0.075495 56
0.072528 56
0.0737011 56
0.0708027 56
0.0696904 56
0.06983 56
0.0732309 56
0.0705756 56
0.0697872 57
0.069956 57
0.0798379 57
0.0787757 57
0.0764138 57
0.0752989 57
0.0725757 57
0.0720463 57
0.0710306 57
0.0711639 57
0.0699835 57
0.0711228 57
0.0705598 57
0.0710076 57
0.0697835 57
0.0700793 57
0.0725029 57
0.0777707 57
0.0786307 57
0.0749518 57
0.0762091 57
0.0727948 57
0.0710414 57
0.0728487 57
0.0701547 57
0.0709152 57
0.0733232 57
0.0729128 57
0.0722614 56
0.070283 56
0.0744402 56
0.0757384 56
0.07496 56
0.0784967 56
0.0751325 56
0.0720274 56
0.0731319 56
0.0710019 56
0.0710483 56
0.0701171 56
0.0700452 56
0.0708525 56
0.0703919 56
0.070373 56
0.0826468 56
0.0830628 56
0.0759167 56
0.0756883 56
0.0778508 56
0.0725928 56
0.0732242 56
0.0713036 56
0.0709387 56
0.0702308 56
0.0715492 56
0.0709725 56
0.0709533 56
0.0727647 56
0.0760036 56
0.0796487 56
0.0801699 56
0.0811635 56
0.0789853 56
0.070322 56
0.0742627 56
0.0743501 56
0.0710985 56
0.0734029 56
0.0702974 56
0.0708912 55
0.0716868 55
0.0754073 55
0.0778635 55
0.0755406 55
0.0753185 55
0.07173 55
0.071329 55
0.0708478 55
0.0706734 55
0.0707299 55
0.0713061 55
0.0709583 55
0.0707891 55
0.0716536 57
0.0738 57
0.0782979 57
0.0788286 57
0.0781519 57
0.0768293 57
0.0722728 57
0.0739882 57
0.0757971 57
0.0709692 57
0.0745514 57
0.0751088 57
0.0710612 57
0.0718515 55
0.0708539 55
0.0781996 55
0.0801371 55
0.0796468 55
0.0768017 55
0.0765998 55
0.0716621 55
0.07369 55
0.0713501 55
0.07376 55
0.0722141 55
0.0708008 55
0.0749275 55
0.070752 55
0.0735659 55
0.0764769 55
0.0766772 55
0.0764991 55
0.0766888 55
0.0722755 55
0.0719983 55
0.0724872 55
0.071042 55
0.0732477 55
0.0719838 55
0.0744262 55
0.0758064 55
0.0713201 56
0.0781114 56
0.078197 56
0.0781716 56
0.0756746 56
0.0722906 56
0.0731739 56
0.071992 56
0.0727849 56
0.0726935 56
0.0736984 56
0.0723865 56
0.0719174 56
0.0742389 55
0.0739831 55
0.076545 55
0.0773249 55
0.0787983 55
0.0755232 55
0.0714158 55
0.0749462 55
0.0713587 55
0.0712258 55
0.072703 55
0.0712909 55
0.0725085 55
0.0720372 55
0.074296 56
0.0760739 56
0.0803742 56
0.0768519 56
0.0805171 56
0.0745581 56
0.0757558 56
0.071566 56
0.0757475 56
0.0718405 56
0.0717613 56
0.0733063 56
0.071591 56
0.0742678 56
0.0752875 55
0.0764171 55
0.0781276 55
0.080011 55
0.0736772 55
0.072501 55
0.0725113 55
0.0731082 55
0.0719489 55
0.0729342 55
0.072326 55
0.0741599 55
0.0715617 55
0.0732623 55
0.0773395 55
0.0771247 55
0.0766319 55
0.0771871 55
0.0774866 55
0.074528 55
0.0725517 55
0.0718704 55
0.0717546 55
0.0725394 55
0.0724965 55
0.0719105 55
0.0740161 55
0.0757163 55
0.0775452 55
0.0776066 55
0.0802589 55
0.0752484 55
0.0738827 55
0.0749002 55
0.0732089 55
0.0756413 55
0.074941 55
0.0750111 55
0.0751787 55
0.0749808 55
0.0774942 55
0.0792548 55
0.078021 55
0.0772568 55
0.0747406 55
0.0720666 55
0.0724825 55
0.0721511 55
0.0720912 55
0.0727543 55
0.0733323 55
0.0728353 55
0.0721971 55
0.0723575 55
0.0775439 55
0.082383 55
0.0806897 55
0.0778813 55
0.0761364 55
0.0752241 55
0.0753808 55
0.0754035 55
0.0766155 55
0.0723586 55
0.0731129 55
0.0727317 55
0.0728794 55
0.0787718 55
0.0789777 55
0.0771113 55
0.0774928 55
0.0736662 55
0.0747722 55
0.0761387 55
0.0749938 55
0.0731468 55
0.0722001 55
0.0725711 55
0.077763 55
0.075128 55
0.0764876 55
0.0799842 55
0.0818557 55
0.0821989 55
0.0734999 55
0.0736849 55
0.0723484 55
0.075863 55
0.0730772 55
0.0723931 55
0.0748176 55
0.0725756 55
0.0726404 55
0.0750143 55
0.0775799 54
0.0778483 54
0.0806613 54
0.0781209 54
0.0749159 54
0.0731355 54
0.0727276 54
0.0730173 54
0.0735989 54
0.0766049 54
0.0737435 54
0.0726667 54
0.0782571 54
0.0801679 54
0.0784041 54
0.0781982 54
0.0758104 54
0.0740317 54
0.0738425 54
0.0730513 54
0.0742295 54
0.0780616 54
0.073322 54
0.0763151 54
0.0774765 54
0.0775225 54
0.0793901 54
0.078151 54
0.0792002 54
0.077058 54
0.0737617 54
0.0733543 54
0.0729062 54
0.0763345 54
0.0730441 54
0.0734769 54
0.0740707 54
0.0737581 54
0.0728803 54
0.0779602 54
0.0809066 55
0.0801959 55
0.0786789 55
0.0742173 55
0.0737066 55
0.0730505 55
0.0733744 55
0.0767387 55
0.0735027 55
0.0727041 55
0.0760878 55
0.0734624 55
0.0761622 55
0.0817067 55
0.0804126 55
0.0818951 55
0.0766214 55
0.0741437 55
0.0736808 55
0.0732031 55
0.0732731 55
0.0738496 55
0.075218 55
0.0740018 55
0.0730499 55
0.0783196 55
0.0796415 55
0.0814191 53
0.079176 53
0.0793134 53
0.0751838 53
0.0738398 53
0.0743895 53
0.0738494 53
0.0732788 53
0.0748443 53
0.073199 53
0.0752897 53
0.0784168 53
0.0809273 53
0.0790905 54
0.0832091 54
0.081254 54
0.0737437 54
0.0738112 54
0.0741735 54
0.0769385 54
0.0761122 54
0.077217 54
0.074593 54
0.0741047 54
0.0751644 54
0.0852322 54
0.0822583 53
0.0809979 53
0.0780467 53
0.0745167 53
0.0775429 53
0.0763082 53
0.0737856 53
0.0742216 53
0.0734305 53
0.0760771 53
0.0744782 53
0.0749786 53
0.0823213 53
0.0808911 53
0.0847919 54
0.0767098 54
0.0738252 54
0.0746977 54
0.0736239 54
0.0738716 54
0.0735327 54
0.0741908 54
0.0759897 54
0.0747556 54
0.0742754 54
0.0800904 54
0.0818152 54
0.0833267 53
0.0807074 53
0.0761724 53
0.0760168 53
0.0737303 53
0.0743761 53
0.0745813 53
0.0742869 53
0.0747663 53
0.0762077 53
0.0783177 53
0.0801597 53
0.0852583 53
0.0797103 53
0.0765431 53
0.0737802 53
0.0778395 53
0.0745054 53
0.0742298 53
0.0738988 53
0.0752829 53
0.073751 53
0.0745316 53
0.0757361 53
0.0797904 53
0.0790814 53
0.0793862 54
0.0789102 54
0.0750989 54
0.0752693 54
0.0744783 54
0.0740175 54
0.0770966 54
0.0740446 54
0.0746874 54
0.0766344 54
0.076202 54
0.0818828 54
0.0803106 54
0.0817605 54
0.0792166 53
0.077663 53
0.0737683 53
0.0798441 53
0.0768038 53
0.0746761 53
0.0810803 53
0.0740551 53
0.0761972 53
0.0756378 53
0.0798363 53
0.0797659 53
0.0798008 53
0.078447 53
0.0777067 53
0.0762373 53
0.0736757 53
0.0746496 53
0.0767959 53
0.0752558 53
0.0740087 53
0.0767858 53
0.0764762 53
0.0830543 53
0.086927 53
0.0831152 53
0.0800466 53
0.0790372 53
0.0771184 53
0.0740721 53
0.0746244 53
0.0769042 53
0.0760279 53
0.0743083 53
0.074825 53
0.0783846 53
0.0807175 53
0.0800541 53
0.0798552 53
0.0781104 53
0.0741908 53
0.0781107 53
0.0802014 53
0.0810041 53
0.0777793 53
0.0794195 53
0.0768383 53
0.0771084 53
0.0794155 53
0.0795105 53
0.08128 53
0.0799682 53
0.0767102 52
0.07535 52
0.0751292 52
0.0748677 52
0.0767956 52
0.0765959 52
0.07451 52
0.0751334 52
0.0772024 52
0.0806753 52
0.0802913 52
0.0824021 52
0.0825403 52
0.0773573 53
0.0747506 53
0.0748363 53
0.0774426 53
0.0763415 53
0.0746116 53
0.0751822 53
0.0763821 53
0.0754092 53
0.0790681 53
0.0802245 53
0.080269 53
0.0801609 53
0.0751834 53
0.0771477 53
0.0756273 53
0.0758632 53
0.0749827 53
0.0756317 53
0.0797939 53
0.0753278 53
0.0747392 53
0.0824794 53
0.0826051 53
0.0829081 53
0.0794052 53
0.0786932 53
0.0782999 53
0.0762983 53
0.0747487 53
0.0786661 53
0.0779011 53
0.0768877 53
0.0755875 53
0.076076 53
0.0852215 53
0.0817426 53
0.0808773 53
0.0790824 53
0.0745811 53
0.0792013 53
0.0768927 53
0.0746148 53
0.0754814 53
0.074763 53
0.0767383 53
0.0749192 53
0.0779618 53
0.0816692 53
0.0802456 53
0.0820412 53
0.0783275 53
0.0773893 53
0.0760431 53
0.0752291 53
0.0753088 53
0.0773527 53
0.0772279 53
0.0751625 53
0.0755621 53
0.07965 53
0.0843875 53
0.0810393 53
0.0813359 53
0.076862 53
0.0790167 53
0.0764423 53
0.0753276 53
0.0749327 53
0.0787747 53
0.0773989 53
0.0748323 53
0.0757464 53
0.0790634 53
0.0838381 53
0.0813465 53
0.0823759 53
0.0765314 53
0.0784956 53
0.0764422 53
0.0756551 53
0.0754034 53
0.0777678 53
0.0772857 53
0.0752539 53
0.0763918 53
0.0801506 53
0.0816554 53
0.0813442 53
0.080836 53
0.0768719 53
0.0777403 53
0.0774503 53
0.0759734 53
0.0755959 53
0.0778281 53
0.07664 53
0.0759148 53
0.0768943 53
0.0806256 53
0.0812826 53
0.0810206 53
0.0807216 53
0.077032 53
0.0774966 53
0.0802561 53
0.0792099 53
0.0756395 53
0.075937 53
0.0763188 53
0.0765976 53
0.0782415 53
0.0833399 53
0.0838423 53
0.0820242 53
0.0799359 53
0.0775227 53
0.076938 53
0.0782366 53
0.0761849 53
0.0801272 53
0.0790164 53
0.0769386 53
0.0765401 53
0.0798793 53
0.0815931 53
0.0869375 53
0.0834263 53
0.0785061 53
0.076199 51
0.0762184 51
0.0755929 51
0.0788712 51
0.076729 51
0.0760474 51
0.0763673 51
0.0776785 51
0.0830258 51
0.0851706 51
0.0816558 51
0.0789794 51
0.0781793 51
0.0799272 52
0.0788528 52
0.0811228 52
0.0803867 52
0.0768716 52
0.0758539 52
0.0761621 52
0.0818982 52
0.0919908 52
0.0826633 52
0.0814895 52
0.0778157 52
0.0759259 52
0.0773933 51
0.0758122 51
0.0778567 51
0.0765247 51
0.0758793 51
0.0763953 51
0.079175 51
0.0857489 51
0.0855201 51
0.0818291 51
0.0807161 51
0.0777176 51
0.0765551 51
0.0780076 52
0.0775324 52
0.0764396 52
0.0761453 52
0.0768704 52
0.0796114 52
0.0792561 52
0.0824436 52
0.0837351 52
0.084574 52
0.0790458 52
0.0798409 52
0.0793718 52
0.0774137 52
0.0771976 52
0.0767408 52
0.0760609 52
0.0798722 52
0.0805293 52
0.0820003 52
0.0852168 52
0.0830139 52
0.0815802 52
0.077424 52
0.0785384 52
0.0789939 51
0.0805577 51
0.0804854 51
0.0780173 51
0.077002 51
0.076187 51
0.0782454 51
0.0848449 51
0.0820354 51
0.0825594 51
0.0800931 51
0.0762098 51
0.0797411 51
0.0805613 51
0.0794486 51
0.0777963 51
0.0803899 51
0.0797442 51
0.0766291 51
0.080637 51
0.0824296 51
0.0822347 51
0.0912876 51
0.0841559 51
0.0827501 51
0.0780422 51
0.0831886 51
0.0814708 51
0.080658 51
0.0786311 51
0.081565 51
0.0841491 51
0.0833341 51
0.0835632 51
0.0831412 51
0.0817322 51
0.0779881 51
0.0783379 51
0.0780154 50
0.0783943 50
0.0795951 50
0.0814232 50
0.0812673 50
0.0832505 50
0.0865296 50
0.0837675 50
0.0840447 50
0.0823358 50
0.08083 50
0.078389 50
0.0785788 51
0.078018 51
0.0785903 51
0.0795648 51
0.0804182 51
0.0824331 51
0.0874212 51
0.0839041 51
0.0841289 51
0.0803552 51
0.0822124 51
0.0786828 51
0.0788122 51
0.0785343 51
0.0782623 51
0.0789595 51
0.0801634 51
0.0814453 51
0.0846275 51
0.084094 51
0.0870113 51
0.0851837 51
0.0812397 51
0.080592 51
0.080336 51
0.0801 51
0.078073 51
0.0790669 51
0.0790445 51
0.0787775 51
0.0797364 51
0.0873614 51
0.086823 51
0.0858398 51
0.0848749 51
0.079012 51
0.0800123 51
0.0824631 51
0.0807384 51
0.082771 51
0.07984 51
0.0820042 51
0.0819444 51
0.0840784 51
0.0838932 51
0.0843841 51
0.0807567 51
0.0786512 51
0.078158 51
0.0795111 51
0.078984 50
0.0789966 50
0.0805834 50
0.0819585 50
0.0849245 50
0.0849637 50
0.0894522 50
0.0877027 50
0.0812344 50
0.0798639 50
0.0796864 50
0.0811627 50
0.085828 49
0.0815575 49
0.0792713 49
0.0793618 49
0.079907 49
0.0899739 49
0.0917764 49
0.0869748 49
0.0845038 49
0.0807339 49
0.0819713 49
0.0785686 49
0.079095 49
0.0792194 50
0.0825014 50
0.0815605 50
0.0792928 50
0.0828348 50
0.086276 50
0.0876017 50
0.0857192 50
0.0802527 50
0.0816633 50
0.0816642 50
0.0802404 50
0.081557 49
0.0857052 49
0.081746 49
0.0795073 49
0.0869594 49
0.0854302 49
0.0895 49
0.0847365 49
0.0833228 49
0.0823522 49
0.0794402 49
0.0786618 49
0.0793962 50
0.0794379 50
0.0792519 50
0.0802813 50
0.0861235 50
0.0848508 50
0.0855978 50
0.0931537 50
0.0822123 50
0.0794163 50
0.0796265 50
0.0793435 50
0.0817773 49
0.0807628 49
0.0801996 49
0.0823469 49
0.0868874 49
0.0896963 49
0.0884789 49
0.0827734 49
0.0803212 49
0.0794784 49
0.0788749 49
0.081505 49
0.0815729 49
0.0838847 51
0.0824633 51
0.0796936 51
0.0820743 51
0.0851673 51
0.0849605 51
0.0861825 51
0.0837743 51
0.0807602 51
0.0842516 51
0.0822897 51
0.0826449 51
0.0824171 49
0.0796475 49
0.0798927 49
0.0853005 49
0.0864624 49
0.0881342 49
0.0869471 49
0.0908712 49
0.0842775 49
0.0825483 49
0.0816011 49
0.0808643 49
0.0803973 49
0.0832176 49
0.0802766 49
0.0835686 49
0.0853685 49
0.0856455 49
0.0839274 49
0.0917641 49
0.0835365 49
0.0798202 49
0.0797963 49
0.0824351 49
0.0821921 49
0.0830158 49
0.0825127 49
0.0831582 49
0.0880352 49
0.0929904 49
0.0857904 49
0.0843404 49
0.0831615 49
0.085019 49
0.082292 49
0.0801109 49
0.0801651 49
0.0797946 49
0.079841 49
0.0844778 49
0.0853297 49
0.0853657 49
0.0852458 49
0.0838858 49
0.082225 49
0.0801275 49
0.0808759 49
0.0859362 49
0.0829507 50
0.0801412 50
0.0800639 50
0.0831539 50
0.0853139 50
0.0858541 50
0.0868326 50
0.0816288 50
0.0805133 50
0.082182 50
0.0800926 50
0.0827505 50
0.0806161 50
0.0804748 50
0.081755 50
0.0833254 50
0.0854741 50
0.0859656 50
0.0852837 50
0.0828703 50
0.0858948 50
0.0827603 50
0.0801506 50
0.080246 50
0.0799157 50
0.0803263 49
0.0821197 49
0.085843 49
0.0882471 49
0.0865388 49
0.0889996 49
0.0808714 49
0.0804476 49
0.0802074 49
0.0806801 49
0.0803837 49
0.0803779 49
0.0795849 50
0.0802713 50
0.0823799 50
0.0858685 50
0.0857726 50
0.0863068 50
0.0851023 50
0.0816617 50
0.0807452 50
0.0808344 50
0.0823651 50
0.0806472 50
0.0809499 50
0.0807412 50
0.0817226 50
0.0859725 50
0.0861005 50
0.0857695 50
0.0846561 50
0.083059 50
0.0862404 50
0.0857127 50
0.080565 50
0.0805365 50
0.0833002 49
0.0836902 49
0.0832485 49
0.0884204 49
0.0858563 49
0.0865778 49
0.0831761 49
0.0823378 49
0.0838836 49
0.083271 49
0.0806909 49
0.0836037 49
0.0828154 49
0.0803917 49
0.0818084 49
0.0863168 49
0.0861256 49
0.0888446 49
0.0814338 49
0.0807745 49
0.0805597 49
0.0801614 49
0.0810609 49
0.0841496 49
0.0805188 49
0.0805613 50
0.0862354 50
0.0871315 50
0.0895449 50
0.087599 50
0.0872985 50
0.0836367 50
0.0828049 50
0.0807027 50
0.0825106 50
0.0810614 50
0.0812202 50
0.0808695 49
0.0829121 49
0.0858526 49
0.0867996 49
0.087616 49
0.0814737 49
0.0813787 49
0.0806457 49
0.0808135 49
0.0818975 49
0.083816 49
0.0831635 49
0.0808919 49
0.0821751 49
0.0895005 49
0.0917385 49
0.0860528 49
0.0815037 49
0.0808121 49
0.0807989 49
0.0808652 49
0.0808872 49
0.0846298 49
0.081952 49
0.0826092 50
0.0849094 50
0.0900918 50
0.0860491 50
0.0871181 50
0.0861906 50
0.0816484 50
0.0808259 50
0.0815869 50
0.0808401 50
0.0824625 50
0.0812115 50
0.0814014 49
0.087745 49
0.0903694 49
0.0900084 49
0.0857096 49
0.0836444 49
0.0851711 49
0.0807641 49
0.084259 49
0.0839781 49
0.0836914 49
0.0809897 49
0.0813183 48
0.0852834 48
0.0927103 48
0.0896334 48
0.0848437 48
0.084764 48
0.0831789 48
0.0813421 48
0.0841082 48
0.0810725 48
0.0844447 48
0.0887268 48
0.085634 48
0.0885706 48
0.0875731 48
0.088387 48
0.0875073 48
0.0851831 48
0.0838967 48
0.0820324 48
0.0821091 48
0.0827129 48
0.0829263 48
0.0831134 48
0.0856999 48
0.0909177 48
0.0900358 48
0.0914244 48
0.0834093 48
0.0825207 48
0.0833614 48
0.0841207 48
0.0839153 48
0.0814491 48
0.0816969 48
0.0814328 48
0.0837661 48
0.086599 48
0.0871888 48
0.0902099 48
0.0829853 48
0.0816576 48
0.0808337 48
0.0814741 48
0.0817254 48
0.0814573 48
0.081907 48
0.0814672 48
0.084264 50
0.0889297 50
0.0917508 50
0.0907427 50
0.082578 50
0.0836326 50
0.0816346 50
0.0815226 50
0.0814898 50
0.0815632 50
0.0817501 50
0.0817388 50
0.0845646 49
0.0883474 49
0.0902343 49
0.0853261 49
0.0832212 49
0.085862 49
0.0868777 49
0.0822099 49
0.0816454 49
0.0818741 49
0.0811038 49
0.0816681 49
0.0861271 49
0.0929622 49
0.0915202 49
0.0882012 49
0.0832285 49
0.0820212 49
0.0818621 49
0.0817601 49
0.0812341 49
0.081734 49
0.0816024 49
0.0820704 49
0.087402 48
0.0918173 48
0.0900157 48
0.0877573 48
0.0819046 48
0.0815869 48
0.08194 48
0.0817216 48
0.0819257 48
0.0829182 48
0.0820537 48
0.0823568 48
0.0876291 49
0.0889971 49
0.0879654 49
0.0849295 49
0.0828905 49
0.0834267 49
0.0845815 49
0.0824412 49
0.0825291 49
0.0843395 49
0.0828918 49
0.0837272 49
0.0880927 48
0.0892903 48
0.0889069 48
0.0843835 48
0.0839783 48
0.0862303 48
0.0821179 48
0.0820769 48
0.0821737 48
0.0823261 48
0.0822147 48
0.0851885 48
0.0891792 48
0.0899932 48
0.0886678 48
0.0901348 48
0.0842578 48
0.0821301 48
0.0824273 48
0.0824824 48
0.0830716 48
0.0837353 48
0.0847567 48
0.0883687 48
0.0888466 48
0.0925448 48
0.0873757 48
0.0842073 48
0.0838022 48
0.0851872 48
0.0822535 48
0.0830347 48
0.0823796 48
0.0824621 48
0.0831922 48
0.0880442 48
0.0918397 49
0.0937912 49
0.0910985 49
0.0828679 49
0.0826514 49
0.0829464 49
0.0841412 49
0.0859721 49
0.0824993 49
0.0824292 49
0.0852096 49
0.0882166 49
0.0929677 47
0.0907346 47
0.0914288 47
0.0832313 47
0.0823096 47
0.0826116 47
0.0824037 47
0.083388 47
0.0846117 47
0.0857552 47
0.0889778 47
0.0886955 48
0.0923114 48
0.0883946 48
0.0942209 48
0.0834548 48
0.0827659 48
0.0830566 48
0.083955 48
0.0859107 48
0.082675 48
0.0840096 48
0.0881661 48
0.0898734 47
0.0895274 47
0.0916316 47
0.0873439 47
0.0832824 47
0.0829266 47
0.0826232 47
0.0827584 47
0.0835912 47
0.0846452 47
0.089631 47
0.0887534 47
0.0899097 48
0.0881783 48
0.0838375 48
0.0857586 48
0.0879742 48
0.0838928 48
0.0828068 48
0.0829835 48
0.0827603 48
0.0823262 48
0.0898118 48
0.0893307 48
0.0891685 48
0.091557 48
0.0829837 48
0.0827862 48
0.0828328 48
0.0860378 48
0.0861351 48
0.0829646 48
0.083114 48
0.084962 48
0.0890303 48
0.0922847 47
0.0889553 47
0.0874514 47
0.0831771 47
0.0873264 47
0.0831295 47
0.0836696 47
0.0840828 47
0.0872472 47
0.0833818 47
0.0876463 47
0.0907064 47
0.0889635 48
0.0865486 48
0.0865541 48
0.084498 48
0.0830838 48
0.0830921 48
0.0830439 48
0.0831893 48
0.083173 48
0.0844956 48
0.09118 48
0.0894438 48
0.0915252 47
0.0864351 47
0.0833234 47
0.0839884 47
0.0847677 47
0.0858675 47
0.0837663 47
0.0831032 47
0.0835416 47
0.085809 47
0.0905593 47
0.0892215 47
0.0916329 49
0.0842124 49
0.0917133 49
0.088829 49
0.085887 49
0.0831249 49
0.0834213 49
0.0840655 49
0.0848238 49
0.0948719 49
0.0931121 49
0.0947508 47
0.0918933 47
0.0864938 47
0.0848432 47
0.0866922 47
0.0868522 47
0.0858746 47
0.08534 47
0.0865253 47
0.087832 47
0.0893751 47
0.0957536 47
0.0894042 47
0.0859518 47
0.0837386 47
0.0836223 47
0.0835064 47
0.0871795 47
0.087257 47
0.0831863 47
0.0842785 47
0.0893026 47
0.0934393 47
0.0894663 47
0.0896577 47
0.0835569 47
0.0838319 47
0.0838157 47
0.0846969 47
0.0849986 47
0.0842586 47
0.0869504 47
0.0910357 47
0.104544 47
0.0904067 47
0.0880795 46
0.087983 46
0.0835419 46
0.0836903 46
0.0850827 46
0.0877869 46
0.0844238 46
0.0840037 46
0.085531 46
0.0899915 46
0.0917362 46
0.0931324 46
0.0871541 48
0.0845175 48
0.0840753 48
0.0854804 48
0.0864127 48
0.0840159 48
0.0837503 48
0.0840119 48
0.0890104 48
0.0911407 48
0.0900154 48
0.093357 47
0.0885942 47
0.0876037 47
0.0844303 47
0.084067 47
0.0837814 47
0.0850663 47
0.0875874 47
0.0861993 47
0.0893671 47
0.093304 47
0.0897936 47
0.0920529 47
0.0863025 47
0.0845308 47
0.0857053 47
0.0863964 47
0.083845 47
0.0840634 47
0.0842945 47
0.0911657 47
0.0899732 47
0.0919379 47
0.0889097 47
0.0846959 47
0.0854527 47
0.0871982 47
0.0840494 47
0.0842524 47
0.0841848 47
0.0858491 47
0.0890825 47
0.0905168 47
0.0917018 47
0.090615 47
0.0868233 47
0.0844334 47
0.0840436 47
0.084197 47
0.0843692 47
0.0859526 47
0.0923832 47
0.0842473 47
0.090204 47
0.090433 47
0.0904789 47
0.0905338 47
0.0853134 47
0.0850582 47
0.0866914 47
0.0842162 47
0.0844339 47
0.0847168 47
0.0882116 47
0.0927012 47
0.0898955 47
0.0983215 47
0.0911626 47
0.0853368 47
0.0854385 47
0.0860532 47
0.0873273 47
0.0842349 47
0.0848 47
0.0847269 47
0.0870299 47
0.0902271 47
0.0909164 47
0.0918927 47
0.0924442 47
0.0901296 47
0.0851448 47
0.0860618 47
0.0876807 47
0.08442 47
0.08474 47
0.0848666 47
0.0911044 47
0.0916539 47
0.0923633 47
0.0886006 47
0.0872773 47
0.0847428 47
0.089587 47
0.0920735 47
0.084722 47
0.0844435 47
0.0852976 47
0.0893077 47
0.0903421 47
0.0941802 47
0.0940501 47
0.0927899 47
0.0848754 47
0.0851507 47
0.0864238 47
0.0851173 47
0.0879017 47
0.0878411 47
0.0889005 47
0.0917854 47
0.0953867 47
0.0939 47
0.0864329 47
0.0846873 47
0.0852632 47
0.0859685 47
0.0846919 47
0.0849155 47
0.0848516 47
0.0854306 47
0.10531 47
0.0946868 47
0.0950825 47
0.0926776 47
0.0891934 47
0.0849588 45
0.0850098 45
0.0861048 45
0.0891577 45
0.0853406 45
0.0851542 45
0.0933906 45
0.0946748 45
0.0953815 45
0.0935542 45
0.0857146 45
0.0851799 46
0.0863092 46
0.0870495 46
0.0861316 46
0.0848968 46
0.0875492 46
0.0897594 46
0.0908551 46
0.09543 46
0.0908343 46
0.0864937 46
0.0848925 47
0.0853687 47
0.0901355 47
0.0881603 47
0.0851943 47
0.086776 47
0.0883922 47
0.0915309 47
0.0946403 47
0.0926902 47
0.0892666 47
0.0855946 47
0.0868446 46
0.0871137 46
0.0850691 46
0.0851557 46
0.0869694 46
0.0879442 46
0.0906628 46
0.0958214 46
0.0943727 46
0.0892044 46
0.0848655 46
0.0868832 47
0.0871511 47
0.0856676 47
0.085444 47
0.086917 47
0.0852929 47
0.0889564 47
0.0939844 47
0.0914937 47
0.0931705 47
0.0867204 47
0.0877059 47
0.0865202 47
0.0853747 47
0.0852514 47
0.0868595 47
0.0876974 47
0.0875347 47
0.0917629 47
0.0917385 47
0.0931457 47
0.08712 47
0.0854916 47
0.0873515 47
0.0852658 47
0.0853557 47
0.0856453 47
0.0878398 47
0.085646 47
0.0912257 47
0.0929836 47
0.0979323 47
0.0923019 47
0.0889112 47
0.0863437 47
0.0852902 47
0.0858222 47
0.0885066 47
0.0855891 47
0.0860614 47
0.0916353 47
0.0918026 47
0.0941932 47
0.0900867 47
0.0925488 47
0.0880038 47
0.0883935 45
0.0858176 45
0.0856645 45
0.0855193 45
0.0873997 45
0.0889147 45
0.0915106 45
0.0949487 45
0.0931349 45
0.0871923 45
0.0855801 45
0.0873914 45
0.0856123 47
0.0858548 47
0.0868155 47
0.0875148 47
0.0865943 47
0.0921873 47
0.0990356 47
0.0977173 47
0.0918186 47
0.0878442 47
0.0892892 47
0.0925232 46
0.0856824 46
0.0865071 46
0.0906964 46
0.0903885 46
0.100062 46
0.0944881 46
0.0984843 46
0.0948703 46
0.0903932 46
0.0858153 46
0.0864292 45
0.0895494 45
0.0859735 45
0.085986 45
0.0937805 45
0.0980105 45
0.0929216 45
0.0931117 45
0.0876752 45
0.0874427 45
0.0866045 45
0.0867692 46
